6.27803, -735.816, -992.274
3.5948, 60.4793, -89.7245
5.89648, 360.621, -902.496
5.09708, -236.979, 879.572
2.76731, -934.206, 655.608
2.53849, 334.128, 54.8136
4.58743, -855.787, -232.131
7.15218, 178.649, 376.442
2.95982, 50.7493, 691.936
6.00595, -159.738, 318.936
3.81226, 528.787, 816.401
4.14117, 471.581, -900.672
7.45519, 509.444, 260.216
7.41275, -504.294, -267.597
5.75759, 503.521, 442.988
6.92354, 262.251, -849.901
6.33247, -120.502, -450.194
3.87453, -513.244, -50.9722
4.93259, -675.589, -299.778
2.80282, 821.311, 787.489
5.08146, 7.19208, 802.913
4.96988, 967.127, -363.182
7.23882, -813.925, -468.928
4.42071, -9.82141, -837.468
5.14874, 823.238, -449.381
2.75042, 872.518, -61.6797
6.63909, 542.983, 539.614
5.94228, -959.454, -745.457
6.18112, 258.876, 734.734
6.94286, 985.889, 449.966
4.25508, -380.118, -535.29
6.72991, 182.533, 25.9334
3.84659, 662.154, -161.649
4.83959, 71.8198, -176.161
3.2686, -648.866, -434.423
2.66527, 613.372, 141.655
7.2768, -7.45476, 74.5487
6.95369, 110.305, 493.338
3.29884, 678.509, 246.874
3.15214, 428.599, -572.147
2.515, -452.44, -815.672
6.0491, -948.908, -176.482
3.40448, -510.285, 867.846
5.76029, 771.975, -360.889
4.42907, 366.055, -698.224
3.23766, -5.99483, -229.602
5.45054, 680.111, 171.834
3.24076, 122.926, 909.137
3.2091, -181.196, 961.78
4.94257, -492.292, 126.84
3.13015, 897.274, -72.8784
5.64635, -357.592, -596.27
5.60817, 300.214, -741.835
4.88216, -498.86, 601.355
2.64188, -570.59, -249.226
3.21011, -135.815, 802.823
3.15594, -181.267, 889.296
3.31099, -824.32, 755.432
3.76529, -267.926, -851.493
4.77654, 580.313, -737.837
6.54472, -94.1914, -299.572
3.57624, 302.182, 857.261
3.75063, 816.794, 363.105
5.02978, -58.3468, 720.166
6.27922, 635.049, 182.668
5.66369, 909.811, -68.1248
5.9449, 633.737, -131.09
7.27207, 968.659, 410.205
5.18713, -425.841, 719.345
4.57014, -784.753, 32.2604
4.70019, 750.913, 156.309
6.07821, 735.584, 458.341
6.20858, 407.729, 596.952
5.12494, 770.206, -958.834
6.06711, -864.606, -74.5205
5.91025, 333.749, -21.5285
6.82941, 831.353, -598.361
3.19597, 84.4118, 773.939
3.57766, 969.103, -101.466
5.0733, -363.589, -112.489
4.83766, -117.319, 748.671
3.55759, -266.432, 611.084
5.65244, -693.783, 980.656
2.5044, -972.635, 203.401
4.09589, 452.204, 543.638
5.90281, 362.972, -152.569
6.0446, 669.945, -586.544
2.90869, -807.891, 654.1
3.56926, 264.059, 530.176
4.44412, -833.488, -570.9
4.44927, 902.305, 902.813
3.92018, 382.159, -460.835
4.6123, 563.889, 550.227
2.55658, -615.825, -435.103
3.72027, 934.287, -614.606
4.49072, -717.888, 652.735
6.64177, -648.08, 201.12
3.78584, 971.972, -688.238
3.59705, -806.155, -538.394
6.47385, 389.337, 268.509
5.8476, 501.71, 391.387
5.49108, -889.258, 284.393
5.99917, -364.361, -541.238
5.13062, 527.378, -760.226
4.14833, 188.324, 102.352
3.30844, -714.965, 401.856
6.56633, 717.426, -27.9083
4.08004, 480.038, 115.657
4.05369, 53.4243, -733.046
4.65424, 34.6179, 166.509
4.46509, -247.982, -477.806
4.43916, -50.9236, -119.077
4.34871, -836.159, -443.92
5.88118, 342.901, -494.025
6.10384, 451.539, 28.23
7.20082, -69.3317, 892.712
5.08573, -79.5942, -357.943
5.5282, -193.13, 323.184
5.85049, -690.49, 986.241
5.11404, 80.0058, -307.515
3.87105, -949.077, 638.755
7.08924, 95.4163, 284.82
3.73367, 932.728, -461.37
4.77876, 383.395, 682.115
3.30374, -955.22, 647.604
4.68319, 412.391, 407.638
7.45767, 495.853, 171.472
6.26931, -438.492, 390.758
4.97846, -983.716, -654.707
7.01651, -655.059, -836.663
4.68213, 492.219, 560.338
5.09239, 167.899, -980.627
4.44866, 88.2833, -859.746
5.63431, -221.878, -567.985
5.19331, 413.795, 318.202
4.35955, 632.691, -438.003
2.54674, -370.199, 365.912
6.3794, 40.7093, -787.133
2.85317, -886.264, -561.667
3.98511, 444.108, -679.719
4.78581, -43.3974, -886.576
3.25156, -95.8968, 38.6944
5.97819, 672.181, -433.687
4.15587, 362.403, 152.944
5.21197, 969.459, -879.358
2.64678, 725.514, -976.042
5.38086, -24.6892, -233.914
5.18133, 367.024, 473.189
7.36678, -759.22, -923.517
5.57063, -298.371, -617.827
5.26431, -745.064, 206.237
6.69051, -266.802, 905.955
3.75764, -491.372, 929.298
6.98957, 623.339, -139.869
5.97428, 506.598, -498.585
5.82752, -473.249, -95.0618
3.06838, -578.846, -772.306
3.37987, -978.918, 95.2255
2.91253, -136.253, 193.638
6.68103, -245.875, 370.183
2.64818, 942.853, -774.819
6.34719, -1.25134, -850.562
4.29829, -505.829, 865.522
6.24626, 4.43807, 532.773
6.28385, 363.884, 339.185
3.60834, -537.271, -921.098
5.58305, 304.993, 128.889
3.66846, -549.419, -251.265
6.22052, -669.996, 302.445
5.80997, -909.164, -685.623
4.9209, 909.388, -745.132
2.58972, 828.207, 236.95
4.98291, 447.338, 200.339
5.09587, -108.598, -884.432
4.71395, -871.128, 530.237
4.14528, -60.1044, 946.545
3.52671, 484.233, -106.788
7.19863, -247.39, -649.764
2.85168, -489.792, 930.76
3.30042, 51.3129, -743.676
6.70788, -785.243, 31.3739
4.13614, -164.799, -277.328
6.85942, 161.312, 428.026
5.99896, 670.44, 515.654
5.52801, 868.389, -219.495
4.77536, 80.078, -261.863
2.91543, -513.913, -181.869
3.94883, -55.5577, -142.509
6.51009, -573.103, -784.938
6.81821, 335.972, 57.5005
3.81831, 420.449, -510.307
4.79881, -835.123, -236.551
4.95672, 611.841, -525.581
5.82344, -467.022, -986.994
7.31738, -627.461, -157.175
7.23022, 575.048, -737.312
2.81902, 215.861, -655.508
5.04829, -417.607, -302.641
6.13222, 667.792, 665.275
5.65882, 598.858, -338.01
3.26658, -914.268, -908.315
5.09652, -865.651, 538.358
3.52281, -555.231, 852.986
6.03231, 400.395, -820.315
6.05786, -473.246, -17.9007
3.66304, -567.921, -231.706
6.80594, -54.508, -128.69
2.67122, -108.574, 948.039
6.26587, -935.415, 55.0296
4.14789, 641.043, 161.707
4.65309, 70.3179, -532.429
7.33455, 964.601, -194.285
4.05803, 731.464, 691.942
5.69762, 983.454, -699.314
5.95386, 871.593, -61.018
5.36403, 77.0105, 627.477
6.60667, 892.81, -685.201
4.21807, -897.272, -676.468
5.09387, -812.177, -772.562
6.78438, 122.154, -948.826
6.18587, 343.417, 47.4577
3.45992, -933.757, 379.996
2.83145, -308.052, 339.542
3.60828, 848.198, -719.066
3.33656, 169.454, -232.134
6.31172, 381.059, -928.132
5.44905, -842.275, 422.434
4.65223, 860.568, 855.8
7.09618, 659.259, 12.2535
5.09668, 443.819, 185.825
7.38058, -679.669, -22.8339
5.15714, -452.714, 146.04
2.98716, 334.296, 390.254
5.83983, 216.23, 99.291
5.44444, 139.353, -27.0776
5.01137, -693.817, -119.482
2.75808, -929.947, 458.001
2.6753, -347.851, 32.2157
4.41484, -787.476, -516.175
5.55555, 180.832, 100.068
5.06574, 545.657, 868.018
5.98498, 303.998, -26.1993
4.89891, -24.412, -185.936
3.88323, 68.2001, 422.425
6.01685, -438.829, 208.347
3.67701, 873.982, 56.2515
6.41501, 182.304, -178.528
6.60589, 359.318, 834.776
3.21842, -533.159, 52.5086
5.75757, -486.795, 811.294
3.87677, 868.449, -983.752
7.26215, -420.034, 715.314
4.58238, -750.383, 14.2985
3.03869, -126.47, 402.325
4.70633, -797.138, 531.138
6.28811, -423.804, -301.428
2.77803, -338.696, -318.255
3.51241, -27.0956, 143.896
6.82305, 939.761, -770.35
6.52456, -265.753, -9.01139
2.78861, -678.452, -671.529
4.40304, -64.7304, -701.594
4.56124, -143.072, 763.624
2.80071, -380.482, 302.459
7.09746, 807.769, 650.116
3.35398, 536.442, 805.587
6.51634, -929.575, 159.62
3.88599, 725.138, 47.3505
4.44586, 172.176, 737.884
7.19936, 54.2578, 623.511
6.24573, 162.11, -167.311
3.44774, -325.77, 758.838
6.89581, 435.085, 484.435
6.8953, 416.337, -848.24
3.30515, -803.845, -269.919
5.87346, -802.879, -165.778
6.89096, 628.507, 127.329
6.98262, 251.434, 520.861
3.06535, -24.0846, 753.398
5.93789, -236.781, -257.719
3.21651, -831.517, -772.285
3.6901, 412.906, -44.5974
5.64383, 944.225, -218.249
4.312, 816.72, 363.916
4.64437, 588.328, 717.325
4.91936, -13.8598, -838.256
6.20379, -4.18011, -110.314
3.23098, -382.946, 870.553
7.36238, -832.887, -768.26
7.3158, -509.179, -191.552
3.14741, -599.867, 663.89
5.3784, -317.649, -606.58
4.66439, 169.92, -124.782
5.50066, -233.428, -251.375
5.85098, -696.253, -125.617
4.5137, 396.731, 986.124
6.46691, 640.705, 692.695
4.89889, -974.025, -250.231
5.72449, 299.693, 275.875
4.28836, -247.049, 599.996
5.96794, -329.897, -220.593
5.83428, -416.937, -701.152
3.22071, -383.685, 712.827
7.10415, -979.427, 222.357
4.22228, 31.3757, -235.838
6.66824, -413.958, -469.021
2.74349, 271.572, -745.524
3.27936, -250.258, -61.1233
2.55765, 330.893, 507.402
3.94327, 120.468, 588.227
5.07295, -344.934, -173.149
3.65948, 681.884, 437.343
2.75022, -247.779, -76.4462
5.33091, -596.012, -843.161
6.69774, -151.481, 673.777
4.28763, -647.105, -432.966
4.3452, 164.402, 869.915
7.22226, 256.581, -73.0652
4.72425, -910.162, -178.475
6.82086, 493.164, 182.574
5.82654, -788.022, -735.21
5.79297, 166.498, 664.681
7.10736, -958.746, 960.624
5.11536, 954.851, -621.092
5.45229, 438.986, -441.861
5.79944, 667.634, 658.128
4.24765, 277.236, 462.565
4.11714, 346.16, 42.0421
7.08984, -103.426, 737.363
3.08619, 904.155, -445.439
7.31268, 671.682, -168.72
5.17978, 53.8911, -328.584
5.81447, 851.068, 633.492
5.48362, 902.594, -501.506
6.93363, -506.305, -744.238
6.67999, -661.427, -606.782
6.69339, 246.944, 202.466
6.85642, -211.799, 338.123
2.5002, -769.263, 336.899
4.77274, 259.416, 349.382
4.25696, -930.455, 157.002
5.80713, -257.598, 707.88
6.22234, -879.901, 152.959
3.3821, -128.032, -459.526
7.4621, 794.543, -810.493
5.95466, -930.691, 168.599
6.97862, 144.05, -11.8371
3.51579, 366.001, -137.179
7.2356, -458.91, -36.032
4.88476, 879.959, -507.302
6.78578, 919.107, -748.293
6.41237, -978.273, -549.134
5.70687, 906.151, -909.304
3.14521, -723.062, 149.406
5.77944, 4.67155, 650.49
3.09199, 53.3761, 8.67725
3.88793, 333.563, 802.327
6.65548, -224.975, -227.132
6.14153, -750.956, -512.88
6.74348, -598.255, 295.519
3.43989, -772.264, -930.461
6.09602, 557.152, -280.233
4.25586, 157.934, 332.009
3.34555, -416.144, -691.977
4.52383, 332.145, -542.852
4.20924, 159.548, 768.834
6.67141, 386.158, -126.047
3.9111, 697.859, 584.34
5.16766, -658.483, -468.236
6.25085, 990.128, -851.849
4.62554, -692.848, -759.888
4.66964, -566.068, 548.539
3.03022, 856.834, -930.785
6.4639, -42.1674, -465.218
3.91232, -574.75, -481.978
7.14264, -587.985, -235.648
5.37926, 253.027, 509.63
3.4895, 821.144, -291.965
5.99081, 573.814, -746.987
3.07265, 494.701, -955.553
4.22945, 302.915, 784.719
4.15646, -582.899, -234.146
6.42735, 828.029, -959.547
6.65775, 459.185, -212.502
4.21712, -738.88, 754.354
4.2603, -272.747, 896.048
6.38197, 152.698, -818.424
6.58658, -11.8343, 687.592
4.26157, -132.177, 285.891
7.09559, -418.312, -301.978
3.2877, 494.675, 255.469
5.56029, -487.597, 565.451
5.54222, -383.88, 713.28
3.16647, -251.13, -743.27
3.51409, -743.387, -479.379
4.79457, -855.613, 501.488
3.48759, -523.102, 932.657
6.77118, -849.573, 382.717
6.54562, -759.747, -690.288
2.80131, -904.455, 883.641
6.50584, -720.865, 646.489
5.49597, -198.356, -542.378
7.43182, -889.165, 303.967
2.65919, -160.445, 643.286
6.8356, 937.666, -763.119
3.69109, 666.291, 347.276
3.6127, 169.892, 428.835
4.73907, -975.306, -554.3
2.61231, 863.498, -180.878
6.79755, -259.818, 10.554
4.15902, 214.132, 587.671
5.72195, 304.505, 253.654
7.43521, -942.583, -484.098
5.30162, 284.543, -582.905
4.74553, -757.463, -246.351
5.213, 162.942, -726.273
2.90797, 773.098, -32.8822
3.99606, -820.344, -271.174
6.63964, 818.893, 673.98
6.48936, 624.399, 933.458
5.71048, -103.928, 679.96
4.84105, 629.783, 384.79
7.15326, -199.817, -607.076
5.08798, -243.227, -71.6935
7.42924, 796.992, -534.713
5.94567, -78.4198, -720.001
6.19966, -179.883, -456.677
3.46323, -392.998, -931.443
6.08881, -456.118, 620.842
6.11146, 569.909, -179.155
6.49298, 267.207, 153.432
4.23216, 255.005, -993.608
5.1481, -16.1326, -63.3768
3.19001, 716.135, -358.56
6.73218, -224.02, -214.158
6.32766, -81.9108, -881.723
7.5, 923.377, -421.686
4.24891, 482.395, 987.245
5.50367, -599.777, 588.314
3.50808, -495.642, 82.7381
6.2385, 30.1087, 154.938
6.49225, 972.628, 216.512
3.03505, -705.206, 108.954
5.35813, -506.988, 47.0353
2.84683, 361.788, -339.373
4.16036, 741.291, 690.112
5.80945, 485.202, -706.789
5.27726, 174.078, -191.262
7.12415, 228.845, -11.6407
2.69832, -484.097, 225.034
2.62083, -309.864, 238.528
4.61923, 220.198, -655.226
4.36987, 461.1, 134.861
2.93303, -233.391, -241.275
3.05403, -157.691, 170.518
5.31992, 365.469, -345.603
7.37269, 58.53, 740.399
3.05066, -42.1736, -895.321
5.99352, 99.0848, 977.461
2.79674, -50.8399, -739.268
4.69755, 834.839, -106.383
5.24651, 989.511, 714.875
3.45129, 689.85, -748.798
7.36597, 315.881, 325.454
3.19593, -681.564, -58.2326
5.48978, 933.622, -431.141
7.12812, -871.321, 703.795
3.91116, -81.0479, 883.252
6.8307, -144.295, -85.1802
6.29598, -224.362, -598.189
6.10793, 357.875, 614.822
3.34241, -372.91, 367.684
3.32882, 829.788, 371.325
3.39076, -647.415, -986.507
5.87226, 334.119, -600.089
4.83484, -351.674, 38.02
6.85219, -808.907, -357.905
5.76023, -697.436, -115.371
5.80464, 758.727, 876.789
2.58037, -666.951, -612.782
4.30596, -776.225, -668.445
3.72747, 921.36, 114.185
6.93086, -934.148, -947.304
5.23701, 822.603, 775.876
6.57209, -27.2101, -643.383
5.24453, 176.733, 864.187
4.16156, 505.875, -54.6161
4.40213, 22.326, -654.256
2.52389, 928.917, 652.616
6.95226, -90.0961, -397.471
6.16955, -495.016, 684.428
6.04239, -153.455, 657.801
5.1278, 59.0229, -185.05
6.41065, -189.611, -812.588
3.42484, -387.997, -470.457
5.72673, 245.349, 524.674
3.42178, -686.413, -339.735
3.31214, 60.5137, -92.574
2.65594, -182.011, 848.968
7.42716, 130.761, -666.045
4.04559, -330.336, -714.32
4.11075, -672.001, -290.104
5.51155, 281.915, -236.83
2.89107, -329.074, -920.215
3.93936, -19.2643, 89.3477
5.79307, -126.601, -491.675
7.36348, -988.333, -349.439
7.27758, -363.061, -793.509
7.42745, -674.023, -297.852
7.30478, -910.501, -758.542
3.0073, -557.991, 564.587
3.71505, -128.116, -490.233
6.91151, 99.984, -431.3
5.28805, 340.077, 697.344
6.7669, 801.309, 516.509
7.49145, -536.674, 527.398
3.99751, -252.768, -480.243
6.33157, 968.305, 482.595
4.81901, 285.92, -144.963
6.8168, -636.383, -790.307
6.99018, 858.694, 2.30068
7.377, 257.406, -415.005
2.77405, 654.02, 93.1623
6.32605, 939.256, -618.408
5.09219, -931.237, 738.8
3.46574, 919.622, -231.298
6.98252, 198.836, -544.185
6.38492, -836.34, 96.1702
2.75968, 414.606, 540.007
7.47331, -850.25, 763.153
5.93659, -6.75901, -457.647
5.94854, 886.378, 496.619
6.57666, -656.854, 814.288
7.05426, -37.3952, -440.428
3.34218, -201.389, 401.069
5.24183, -580.81, 802.718
6.53351, -490.069, -253.679
4.17803, 330.606, -541.702
5.53435, -107.005, 27.9847
6.59602, -946.964, 333.911
7.3485, 83.4295, -248.946
6.29349, 582.026, 493.872
3.72113, -176.417, -91.8552
5.80589, -571.946, 401.932
4.21574, -449.614, -187.929
7.27146, 374.786, -395.124
2.60828, 802.183, 554.79
4.54979, -890.98, 944.185
2.55789, 588.752, -673.562
3.04964, 834.289, 195.919
5.28259, -840.312, 95.3095
4.45466, -13.6627, -238.304
7.20539, 117.474, -182.804
2.55572, 179.366, 390.555
6.22897, -220.34, -437.617
3.84293, 109.676, 121.166
4.27153, -670.89, -756.268
3.45835, -454.334, 621.413
5.14832, 294.99, -167.781
4.39478, -55.5393, -857.302
3.16407, -11.4837, -803.805
4.26563, -128.522, -561.753
4.2497, 783.163, 982.742
7.41084, 609.782, -127.305
5.25961, 151.742, -372.482
4.99918, 14.4675, -715.793
3.58531, -834.315, 453.696
4.37311, -238.337, -647.708
6.78251, -664.491, -475.789
6.45578, 794.768, -517.436
3.9204, -496.479, 927.69
5.07645, 436.861, 102.493
6.79238, -289.464, -21.5001
7.07844, -937.06, -173.346
7.48941, 134.681, 912.406
6.53177, 170.446, -188.203
5.22718, -896.319, -183.281
7.3461, 151.453, -732.467
5.31931, -584.63, 362.613
4.03031, -418.832, 657.469
5.41853, 961.615, 948.523
2.91197, 46.9037, -328.892
5.47382, 357.751, 617.094
3.31968, -597.715, -591.473
6.46527, -611.836, -436.546
2.95373, 580.22, 735.636
6.3072, -504.457, -679.472
6.83996, -226.456, 29.4517
6.40105, 189.366, -334.22
6.61399, 908.46, 964.758
6.70974, 372.049, 552.072
4.48328, 521.604, 257.173
6.508, -159.815, 168.123
6.56811, 379.374, -43.5441
5.43493, -409.032, 100.269
4.64621, 793.983, -48.2393
2.5002, -55.2381, -475.051
5.31153, -813.776, 317.583
6.22632, 337.727, 350.346
3.89846, 965.102, 288.458
2.93406, -982.584, 564.304
3.5733, 853.382, -879.443
3.93296, -485.353, 569.211
4.86595, -403.901, 473.341
6.95893, 844.051, 819.733
5.91955, 516.87, -505.898
3.54376, -47.7997, -69.4808
6.67533, 792.248, 10.745
7.09218, 924.166, 917.262
4.48244, -476.055, -699.033
6.37858, 541.201, 525.138
5.68161, -158.649, -89.5293
6.64746, 482.794, 287.991
3.40204, 553.714, -467.648
7.45927, 578.464, -759.576
6.70558, -154.662, -845.336
4.65177, 886.386, 264.409
4.38589, 596.175, 886.73
2.70802, 652.341, -504.58
6.80715, -797.972, -529.209
6.62116, 916.155, -896.963
6.25052, 13.0678, 730.402
3.55801, -165.405, 988.386
4.31029, -781.347, -191.617
4.43545, -589.584, -797.526
7.32918, 791.291, 634.855
6.5872, -165.401, 635.03
4.5755, -81.3219, 448.324
5.83759, 203.513, 180.945
2.52101, 475.524, 977.251
6.98048, -738.074, 248.219
3.68416, -343.795, 354.569
3.79415, 353.125, -90.1521
5.4939, 406.973, -710.537
6.89823, -836.347, 369.327
6.16299, -559.778, -586.855
6.0773, 908.595, 569.771
3.57724, -606.414, 481.252
6.30413, 679.176, -956.258
3.85351, -162.304, -556.339
2.75246, 663.76, 335.533
4.78866, 271.593, 245.958
2.58759, 446.725, -775.934
3.01129, 71.7985, -175.835
2.639, -131.343, 281.379
5.65921, -342.206, -516.882
6.34425, 81.5208, -248.083
2.74132, 525.981, -838.067
6.6924, -55.2286, -630.577
6.76899, -262.656, -315.579
6.57649, -448.476, 575.245
6.85188, 793.893, 403.837
5.27222, -629.795, -165.84
6.12646, -292.292, 55.4688
3.20424, -523.418, 922.028
6.6115, 592.61, -525.927
5.51185, 730.485, -196.333
4.93856, 506.71, -917.578
6.14942, -286.608, 946.159
4.05164, 757.302, -668.067
3.93925, -699.57, 352.11
5.45857, -948.81, 805.947
5.34055, 651.828, 879.451
5.41059, -935.831, -573.186
2.84132, -688.51, 283.146
4.34304, 150.698, -392.012
6.28475, -927.314, -575.831
6.35297, -449.619, -865.955
4.27217, -393.765, -253.863
5.98913, 240.303, 929.23
5.08005, -663.063, -292.398
5.94494, 388.679, 133.89
6.18066, -81.8715, 616.492
2.56231, -342.19, -672.929
7.16549, 615.126, -125.779
5.37826, 132.083, 125.424
3.05587, 464.545, 973.36
4.87388, -102.849, 37.23
3.24247, 191.914, 103.891
4.22594, 51.0018, 447.059
7.04476, -931.252, 181.027
4.54571, 13.8131, 519.602
5.96642, -679.271, -70.0171
3.35865, 379.203, -942.443
6.21715, 886.827, -505.454
4.16319, -425.617, 644.343
4.62157, 663.629, 312.351
2.79523, -137.824, -110.923
5.09005, 287.556, -230.057
5.94425, 472.617, -580.022
5.01149, -252.237, 12.4348
6.56617, -169.71, -749.445
3.07974, 83.0361, -935.571
5.24841, 275.373, 464.001
5.06046, 407.741, 20.893
6.02649, 961.779, 440.946
5.65083, -238.857, 880.866
4.0207, -27.8614, -644.167
6.74719, 399.573, 368.833
3.39619, 605.608, -22.5012
2.61737, -528.208, -100.088
4.19467, 732.95, 50.9813
3.43818, 356.059, -94.1477
6.60467, -289.53, 179.511
6.72507, -895.038, -162.475
6.78031, 845.242, -717.011
7.37454, -954.4, 643.702
2.99587, 466.844, -447.589
2.56182, 564.715, 654.821
2.58614, 220.791, 581.66
2.64527, 249.721, 96.3919
4.1031, 147.292, -386.821
6.17815, 626.088, 301.499
3.14876, 353.368, 476.899
2.5161, -368.744, 505.43
6.91905, 139.653, -789.742
3.70482, 229.791, -571.323
4.38481, -816.83, 766.002
4.44879, 616.137, 183.506
2.81534, 596.536, 293.988
7.30792, 183.683, 952.17
3.75349, 725.458, -339.801
6.85376, -676.718, -71.756
2.85991, -915.95, 423.363
2.70653, -619.083, 568.67
3.46378, 358.382, -522.547
3.86708, -309.364, 302.939
7.4007, -951.045, -364.945
3.60607, 322.849, -531.585
6.43119, -874.662, 854.065
4.42306, 298.621, -420.875
3.78593, 478.083, -635.973
3.91087, -940.036, 61.7022
7.33834, 866.682, -37.5154
4.22841, 763.631, 169.341
3.45922, -979.667, 736.619
5.05037, -547.418, -380.573
5.21857, -556.059, 632.321
5.72333, -646.492, -614.216
3.89738, -10.9206, 792.695
3.41887, -296.84, -716.679
2.71579, -830.95, 371.285
3.98408, -500.949, -263.761
4.25548, -231.28, 139.79
7.09372, -425.015, 712.713
5.81225, 505.36, -361.955
5.08041, 865.444, 583.05
4.03763, 612.933, 585.297
3.0007, -350.937, 154.127
3.47502, 378.94, -879.952
4.11407, 30.9425, -129.609
5.56182, 959.389, 87.0591
5.13511, 958.887, -981.385
3.45653, 261.148, 282.736
4.7178, -634.802, -421.018
4.48693, -706.412, 850.953
6.28051, -605.45, 744.708
6.6213, 735.725, 602.584
5.51573, 142.302, -345.971
3.04573, 607.827, -825.562
4.11797, 485.464, -165.26
5.03403, 9.52406, 317.577
4.76521, -648.657, 802.84
4.77315, -179.767, -449.798
4.91125, 922.893, 915.204
5.07896, 368.548, -650.805
4.50207, 203.286, 823.609
4.22945, 971.357, 483.233
6.64533, 932.073, -240.092
3.02204, -729.938, -794.888
6.40057, 582.857, 564.804
3.19919, -297.131, -238.837
2.62171, -790.805, -522.348
6.0664, 405.873, -750.432
7.15538, 145.769, -826.789
7.47667, 186.431, 174.024
3.86264, -871.393, 152.791
3.6923, -475.972, -257.695
3.87328, 959.08, 618.857
5.70836, -906.19, -730.033
5.17637, 309.574, 152.777
6.8967, 830.189, -295.362
6.75968, -671.097, -832.398
2.98004, 902.417, -40.9832
4.66818, -743.484, 212.195
3.17045, -203.223, -755.021
5.86802, -170.127, 307.14
5.34964, -54.9597, -472.396
3.66474, -619.513, 571.044
5.50306, 265.57, -687.077
2.6551, -799.916, -27.0051
7.08512, 566.987, -310.172
3.82958, 860.256, -174.104
6.50016, -182.953, -510.399
5.46389, 165.849, -718.082
5.0822, 345.651, 627.363
5.2567, 323.342, 639.657
3.47225, 501.815, -234.813
5.36152, 126.361, -741.177
3.81992, 211.263, 401.291
4.41648, -766.018, 538.872
2.73626, -757.536, -897.454
4.22823, 584.863, -671.177
3.61594, 663.937, -428.498
3.81264, 18.4066, -732.153
3.05141, -428.625, -404.044
7.40088, -704.47, 17.7654
5.93794, 799.735, 633.004
5.82158, -547.932, -375.788
5.99501, -600.531, -671.724
2.68746, -832.074, -767.286
3.6706, -630.143, -745.998
3.95397, 724.338, 693.23
3.50543, -32.5252, -252.919
2.7177, 364.152, 339.827
2.56571, -524.219, 519.794
6.07297, -525.33, 765.258
6.88348, -865.384, -626.585
5.35088, -885.667, 270.593
6.92743, 864.084, 863.46
5.20042, -357.267, -279.034
3.31357, 929.035, -645.05
3.30492, 954.065, 441.621
7.19182, 314.866, 285.978
3.45628, 551.893, -848.79
3.15761, 2.17685, -97.6081
4.41122, -308.438, -7.21461
6.12674, 258.748, -261.141
2.50651, 543.363, 867.576
4.60222, 26.1073, 736.091
5.18984, 302.87, -214.628
4.86596, -237.99, 246.291
6.33003, 540.982, 872.754
2.9396, 556.503, -459.851
7.04284, 136.816, 322.683
3.20818, -864.33, -399.889
2.54782, 429.578, -49.7702
2.82267, 247.038, 521.024
4.96742, 381.112, 222.124
5.40914, 527.599, 973.038
4.03373, -945.529, 544.196
4.57091, 900.093, -67.7134
4.33401, -576.697, -685.968
3.42687, 178.749, 666.323
2.76788, 639.474, 181.979
4.47222, 538.744, -65.0246
3.98388, -347.283, -132.597
5.05388, -395.595, 819.167
3.75392, -702.996, 229.286
5.01589, 958.893, 886.918
2.51168, -6.4552, 783.473
7.01807, 991.298, -447.458
2.79181, -907.261, -944.842
5.17506, -682.462, 806.366
3.95754, -375.742, 872.859
7.3023, -804.594, -268.085
4.73406, 321.463, -108.951
5.08479, 890.791, 168.464
5.93861, -251.49, 30.2521
2.72187, -160.459, 74.2462
7.2946, -796.315, 605.55
5.70852, 369.796, 157.578
2.80215, 625.795, -777.738
3.33964, 50.9689, 267.601
5.76491, 487.718, -245.493
6.19864, -769.3, 337.179
3.57011, 853.897, 205.289
4.31441, 155.453, -867.947
6.56981, -647.597, 932.241
5.32057, 807.791, -470.287
7.45886, -44.9814, -887.395
6.5669, -763.387, 394.574
3.49157, -990.061, -22.5391
2.50003, -147.293, -839.446
4.62608, 940.896, -778.156
4.07406, 844.661, 200.861
5.56218, 606.13, -930.863
3.83351, -190.799, -541.761
4.39881, -594.513, -62.3998
5.43397, 956.738, 300.71
5.95636, -140.909, -509.53
7.26736, -456.529, -569.946
4.89785, -293.132, -950.602
3.60319, 378.953, -725.543
5.33741, -721.415, -449.855
6.09873, 427.32, 362.695
4.4953, -494.976, 553.693
3.48326, -691.024, 978.234
6.66971, -669.464, -759.998
5.59561, -447.213, -872.962
7.26866, -289.311, 179.821
3.23222, -14.2333, -273.353
5.38953, 38.2234, -458.149
7.26796, -392.446, 715.328
3.62331, 721.481, -987.567
7.25137, -495.123, 797.76
3.07874, 787.757, -509.546
2.58372, 30.3013, -256.495
3.90465, -358.007, -166.815
7.15042, 638.907, 173.178
3.04796, 752.409, 873.377
6.77266, 27.7126, 824.168
5.68532, -724.355, -730.447
5.63853, 404.773, -707.095
3.80589, 722.852, 742.644
5.13936, -951.103, 215.794
7.16608, -277.597, 900.214
3.98055, 920.993, 105.798
4.78006, 157.537, 449.7
6.35659, -656.611, -609.868
4.17193, 108.602, 122.412
6.31775, -39.737, -935.663
6.65892, -30.3303, 941.281
2.64618, -724.829, 567.434
4.31315, 713.676, -266.76
4.16221, 285.842, 461.268
3.17675, -516.448, -297.735
3.00839, -305.399, 623.003
5.11327, -608.484, 811.457
3.52046, 30.6516, -531.756
5.00728, -871.205, -624.64
5.1371, -1.58479, 961.278
4.13422, -265.814, -292.811
4.75888, 226.858, -442.018
6.85263, -6.9851, 976.836
4.72884, 642.496, 864.477
6.03726, -458.085, -914.191
6.83171, 910.475, -698.475
6.5822, 864.93, 217.079
2.67504, 890.191, 838.869
3.8644, -651.043, -237.781
5.21858, -421.797, -430.432
3.19942, -978.205, -550.78
5.57408, -776.17, -936.842
3.29182, -681.171, -604.56
4.41129, 99.8396, 220.545
5.94997, -94.6221, 188.933
3.21128, -391.43, 463.112
5.65284, -784.457, 790.74
3.15973, 196.155, 935.608
7.13583, -739.815, 251.137
5.53465, -937.594, 784.141
5.50388, -922.671, 377.009
3.33635, 591.317, -530.763
3.301, -867.815, -398.374
5.91628, 620.083, -28.5055
5.1456, -709.695, -12.5084
3.65264, -137.702, 801.701
6.55373, -502.59, -57.1238
5.76477, -419.368, -559.089
4.08597, -565.195, -590.118
2.53953, -261.42, -813.343
3.49176, 731.546, 732.411
3.78831, -7.0617, 381.214
3.03825, 885.382, 38.539
3.49545, 129.767, -430.934
6.75079, 803.754, -770.861
6.63912, -976.709, 210.032
6.76813, -961.288, -555.506
5.71027, 288.057, 778.114
3.6787, 717.313, -980.478
6.80638, -502.725, -806.441
5.4745, 36.0424, -104.725
2.52745, 505.428, -33.34
6.84925, -667.749, -470.391
7.37729, 647.722, 104.257
5.59653, 377.228, 14.8228
3.85574, -936.63, 384.519
7.46973, -161.283, -630.401
4.60751, -720.496, -527.393
4.20537, -793.467, -614.295
4.80717, 372.025, -133.254
4.44822, 262.936, -380.995
4.613, -47.9278, 514.836
2.84879, 130.907, 289.368
5.5153, -60.0614, -133.485
7.36114, -49.7717, 229.132
5.07406, -697.125, -532.814
7.45461, 951.683, -137.316
5.84906, 629.312, -138.107
4.01716, -605.121, 69.5705
3.47371, 871.692, 570.884
4.0109, -711.6, -933.381
4.93946, -335.681, 460.364
4.72438, 532.934, 987.095
5.7844, 321.046, -937.22
3.74227, -775.99, -667.568
4.72007, 54.4973, 554.749
5.75894, -692.251, 49.7079
6.67472, -715.195, 190.794
6.03698, 193.157, 812.164
4.93928, -868.382, -607.237
6.72039, 398.83, -236.996
7.00296, -509.125, -189.248
6.33082, -652.472, -523.644
5.29453, 630.378, 851.013
2.70603, -10.1546, 78.3787
5.46749, 563.029, 66.3894
2.68674, -674.958, 819.521
4.53488, 26.7176, 436.915
2.84243, -972.918, -880.322
7.38558, -773.672, -882.445
2.5956, -514.802, -235.742
6.60363, -155.358, -265.45
5.2195, -387.722, 867.395
5.72828, 789.404, -332.901
3.62934, -260.593, 48.1308
2.733, 831.841, -698.394
3.63154, 211.644, -553.665
4.58371, -633.634, 134.661
6.40126, 265.051, -630.086
3.72852, -923.227, 376.189
4.81411, 653.798, 92.3795
6.14756, 927.892, 290.3
5.35237, -330.966, 813.886
5.45997, 934.087, 912.413
4.98425, -938.371, 280.116
3.951, 483.689, 113.729
4.71107, -10.1961, -230.695
2.53669, 852.553, -396.759
7.41683, 495.075, -357.88
2.52822, -805.922, -153.615
4.8676, -113.574, 740.137
5.86497, -311.334, -122.582
