6.27803, -736.851, -999.481
3.5948, 65.7944, -87.9712
5.89648, 357.913, -905.678
5.09708, -233.145, 869.799
2.76731, -931.001, 661.559
2.53849, 336.077, 53.6587
4.58743, -865.656, -233.083
7.15218, 177.994, 373.69
2.95982, 53.6601, 692.301
6.00595, -167.583, 308.534
3.81226, 524.655, 820.403
4.14117, 472.122, -904.779
7.45519, 512.572, 264.975
7.41275, -506.597, -270.471
5.75759, 506.503, 445.169
6.92354, 263.202, -854.318
6.33247, -126.859, -454.489
3.87453, -523.815, -44.9064
4.93259, -667.83, -283.732
2.80282, 818.603, 794.892
5.08146, 8.94917, 808.911
4.96988, 972.88, -362.014
7.23882, -818.23, -467.792
4.42071, -3.80476, -851.799
5.14874, 827.354, -446.051
2.75042, 881.675, -70.6683
6.63909, 540.438, 523.833
5.94228, -967.691, -749.02
6.18112, 259.072, 736.378
6.94286, 998.096, 450.765
4.25508, -386.943, -533.704
6.72991, 182.243, 26.5069
3.84659, 680.653, -174.118
4.83959, 75.7303, -173.326
3.2686, -643.711, -425.086
2.66527, 605.325, 143.209
7.2768, -3.27112, 69.1957
6.95369, 109.243, 496.372
3.29884, 683.712, 249.516
3.15214, 429.364, -574.341
2.515, -450.929, -817.865
6.0491, -947.556, -172.185
3.40448, -519.683, 875.344
5.76029, 773.846, -364.664
4.42907, 362.896, -699.247
3.23766, -5.96524, -225.927
5.45054, 690.452, 174.204
3.24076, 112.869, 910.675
3.2091, -182.386, 966.288
4.94257, -495.521, 129.603
3.13015, 922.717, -66.5626
5.64635, -361.243, -600.207
5.60817, 302.363, -746.263
4.88216, -503.959, 605.852
2.64188, -592.664, -222.695
3.21011, -146.49, 803.1
3.15594, -179.495, 894.601
3.31099, -815.929, 770.404
3.76529, -269.231, -857.455
4.77654, 566.82, -730.143
6.54472, -95.3178, -300.86
3.57624, 303.218, 862.951
3.75063, 817.29, 362.59
5.02978, -57.5362, 721.62
6.27922, 635.094, 199.778
5.66369, 902.726, -74.9977
5.9449, 648.544, -121.84
7.27207, 973.926, 404.762
5.18713, -421.492, 703.098
4.57014, -789.596, 34.6811
4.70019, 752.96, 153.6
6.07821, 738.335, 459.419
6.20858, 412.72, 601.146
5.12494, 771.943, -961.62
6.06711, -869.283, -73.4312
5.91025, 335.264, -22.0724
6.82941, 833.14, -600.724
3.19597, 87.6746, 779.637
3.57766, 978.094, -99.4405
5.0733, -368.222, -108.237
4.83766, -120.456, 762.182
3.55759, -269.489, 613.163
5.65244, -690.315, 994.478
2.5044, -997.165, 231.414
4.09589, 454.509, 546.504
5.90281, 364.817, -163.858
6.0446, 672.649, -589.283
2.90869, -810.705, 657.199
3.56926, 259.364, 528.256
4.44412, -837.586, -572.765
4.44927, 895.499, 904.156
3.92018, 384.194, -461.519
4.6123, 567.476, 553.534
2.55658, -605.299, -438.37
3.72027, 964.603, -616.709
4.49072, -726.69, 639.913
6.64177, -646.358, 201.96
3.78584, 975.577, -684.734
3.59705, -797.242, -532.707
6.47385, 391.841, 269.374
5.8476, 505.607, 392.412
5.49108, -887.466, 268.423
5.99917, -362.538, -545.693
5.13062, 525.274, -764.806
4.14833, 176.711, 107.235
3.30844, -713.976, 405.71
6.56633, 720.253, -29.255
4.08004, 477.977, 113.855
4.05369, 56.882, -729.515
4.65424, 36.1026, 175.693
4.46509, -257.444, -481.335
4.43916, -48.303, -106.946
4.34871, -842.998, -441.566
5.88118, 343.521, -492.262
6.10384, 456.846, 27.8963
7.20082, -77.8172, 889.833
5.08573, -79.1625, -356.945
5.5282, -196.131, 322.735
5.85049, -698.771, 973.382
5.11404, 83.2019, -312.039
3.87105, -969.148, 657.674
7.08924, 92.4756, 285.881
3.73367, 939.692, -466.442
4.77876, 387.746, 687.571
3.30374, -955.203, 642.042
4.68319, 415.44, 413.499
7.45767, 502.956, 165.169
6.26931, -440.813, 391.318
4.97846, -990.983, -657.45
7.01651, -672.56, -839.978
4.68213, 493.281, 565.613
5.09239, 169.465, -986.877
4.44866, 88.0609, -865.871
5.63431, -228.032, -568.314
5.19331, 418.324, 318.107
4.35955, 631.908, -439.326
2.54674, -377.635, 370.762
6.3794, 41.8411, -792.058
2.85317, -889.226, -558.832
3.98511, 447.307, -679.467
4.78581, -39.2638, -902.135
3.25156, -105.588, 39.7354
5.97819, 667.426, -428.351
4.15587, 366.353, 158.032
5.21197, 973.477, -884.68
2.64678, 712.886, -995.825
5.38086, -20.7264, -244.209
5.18133, 359.219, 477.61
7.36678, -755.205, -928.445
5.57063, -297.403, -623.093
5.26431, -747.879, 214.991
6.69051, -285.209, 907.796
3.75764, -482.364, 947.502
6.98957, 630.524, -149.328
5.97428, 520.575, -510.216
5.82752, -472.789, -96.2216
3.06838, -580.772, -767.119
3.37987, -987.253, 94.0328
2.91253, -136.178, 198.393
6.68103, -249.152, 374.523
2.64818, 945.871, -753.787
6.34719, -10.5854, -840.344
4.29829, -499.968, 867.834
6.24626, 0.179256, 537.908
6.28385, 363.241, 343.585
3.60834, -538.753, -926.86
5.58305, 305.226, 125.416
3.66846, -550.31, -256.674
6.22052, -668.259, 305.794
5.80997, -905.083, -680.778
4.9209, 898.865, -749.739
2.58972, 828.05, 241.768
4.98291, 443.951, 187.884
5.09587, -116.225, -892.07
4.71395, -870.18, 542.03
4.14528, -64.2449, 953.846
3.52671, 486.395, -108.052
7.19863, -254.561, -656.772
2.85168, -493.781, 929.056
3.30042, 52.5779, -751.823
6.70788, -791.384, 31.3468
4.13614, -152.919, -263.739
6.85942, 153.986, 427.118
5.99896, 673.015, 516.436
5.52801, 870.345, -221.727
4.77536, 79.0536, -275.097
2.91543, -519.297, -194.597
3.94883, -55.2093, -156.126
6.51009, -567.566, -789.744
6.81821, 339.648, 57.0816
3.81831, 422.953, -512.356
4.79881, -837.782, -234.512
4.95672, 591.974, -533.178
5.82344, -467.713, -993.112
7.31738, -626.392, -150.008
7.23022, 590.917, -732.166
2.81902, 215.318, -657.407
5.04829, -412.906, -306.434
6.13222, 668.638, 652.175
5.65882, 603.822, -340.931
3.26658, -916.966, -909.245
5.09652, -875.111, 535.31
3.52281, -558.725, 857.952
6.03231, 399.444, -821.889
6.05786, -476.25, -11.1719
3.66304, -596.727, -242.459
6.80594, -63.2567, -129.989
2.67122, -110.806, 954.056
6.26587, -936.579, 47.9526
4.14789, 645.411, 182.373
4.65309, 72.8796, -535.619
7.33455, 973.997, -192.922
4.05803, 734.831, 700.507
5.69762, 994.46, -702.989
5.95386, 864.176, -63.6406
5.36403, 82.709, 630.598
6.60667, 890.623, -681.778
4.21807, -916.395, -688.393
5.09387, -807.18, -779.494
6.78438, 122.915, -954.772
6.18587, 348.765, 34.4213
3.45992, -953.426, 396.11
2.83145, -308.243, 341.824
3.60828, 848.302, -722.586
3.33656, 171.863, -239.281
6.31172, 382.207, -946.19
5.44905, -845.149, 427.07
4.65223, 859.397, 851.161
7.09618, 662.299, 11.9626
5.09668, 447.432, 202.214
7.38058, -677.323, -18.6719
5.15714, -453.445, 148.546
2.98716, 334.106, 396.673
5.83983, 221.153, 97.5961
5.44444, 142.91, -11.0485
5.01137, -699.689, -114.902
2.75808, -936.244, 462.419
2.6753, -357.153, 41.8691
4.41484, -785.61, -510.051
5.55555, 193.955, 103.644
5.06574, 542.403, 874.71
5.98498, 300.486, -26.6136
4.89891, -26.1876, -184.982
3.88323, 68.3938, 420.993
6.01685, -439.728, 210.897
3.67701, 876.335, 60.6862
6.41501, 194.243, -173.297
6.60589, 362.744, 840.128
3.21842, -539.065, 54.676
5.75757, -496.537, 799.724
3.87677, 871.649, -989.936
7.26215, -441.189, 717.384
4.58238, -753.852, 13.6809
3.03869, -126.98, 404.771
4.70633, -800.068, 532.267
6.28811, -408.392, -309.096
2.77803, -338.496, -322.673
3.51241, -29.2774, 146.201
6.82305, 947.946, -773.212
6.52456, -265.234, -15.8674
2.78861, -680.683, -675.327
4.40304, -63.8423, -701.476
4.56124, -151.183, 767.177
2.80071, -383.157, 302.579
7.09746, 795.745, 630.259
3.35398, 539.886, 802.589
6.51634, -935.47, 148.36
3.88599, 723.266, 44.5751
4.44586, 173.623, 738.91
7.19936, 51.5051, 623.769
6.24573, 159.834, -160.342
3.44774, -323.956, 761.387
6.89581, 437.658, 486.132
6.8953, 419.975, -853.876
3.30515, -819.166, -279.192
5.87346, -806.854, -166.401
6.89096, 626.259, 125.364
6.98262, 269.493, 537.679
3.06535, -26.8687, 756.597
5.93789, -234.506, -245.545
3.21651, -845.733, -757.06
3.6901, 416.883, -44.7061
5.64383, 951.294, -218.05
4.312, 817.702, 359.717
4.64437, 588.552, 718.337
4.91936, 0.257714, -851.336
6.20379, -0.819634, -99.2103
3.23098, -399.031, 865.83
7.36238, -836.82, -778.613
7.3158, -522.354, -184.7
3.14741, -603.58, 666.748
5.3784, -321.519, -607.322
4.66439, 171.256, -119.802
5.50066, -236.122, -262.867
5.85098, -702.045, -140.274
4.5137, 396.172, 990.493
6.46691, 639.158, 698.18
4.89889, -980.342, -251.418
5.72449, 293.372, 277.961
4.28836, -245.371, 598.188
5.96794, -331.29, -220.971
5.83428, -416.954, -709.687
3.22071, -371.512, 709.527
7.10415, -987.903, 205.856
4.22228, 32.955, -236.049
6.66824, -417.745, -471.555
2.74349, 269.38, -750.846
3.27936, -246.447, -82.4931
2.55765, 331.879, 511.429
3.94327, 121.74, 589.661
5.07295, -357.745, -169.156
3.65948, 683.942, 438.246
2.75022, -250.739, -69.4754
5.33091, -595.161, -851.704
6.69774, -154.759, 663.934
4.28763, -638.126, -415.399
4.3452, 177.361, 868.458
7.22226, 255.72, -73.8295
4.72425, -899.953, -187.767
6.82086, 496.375, 191.367
5.82654, -790.648, -737.772
5.79297, 162.772, 666.611
7.10736, -961.943, 963.839
5.11536, 936.132, -611.351
5.45229, 439.543, -442.371
5.79944, 669.248, 673.512
4.24765, 289.439, 460.689
4.11714, 329.335, 68.375
7.08984, -114.712, 738.459
3.08619, 903.518, -446.6
7.31268, 673.221, -168.465
5.17978, 50.1828, -333.808
5.81447, 859.216, 636.033
5.48362, 883.594, -512.612
6.93363, -506.069, -747.691
6.67999, -673.536, -607.63
6.69339, 246.513, 204.66
6.85642, -216.582, 342.971
2.5002, -769.818, 342.053
4.77274, 257.629, 351.952
4.25696, -936.985, 145.061
5.80713, -258.279, 710.015
6.22234, -877.003, 152.867
3.3821, -115.363, -441.816
7.4621, 794.49, -816.016
5.95466, -933.86, 185.708
6.97862, 139.036, -24.5501
3.51579, 376.774, -131.069
7.2356, -455.338, -36.5459
4.88476, 905.027, -510.531
6.78578, 922.705, -745.941
6.41237, -985.261, -564.395
5.70687, 919.251, -899.847
3.14521, -725.63, 146.964
5.77944, 3.77243, 649.329
3.09199, 52.9382, 10.0241
3.88793, 337.529, 805.863
6.65548, -217.541, -226.671
6.14153, -752.973, -513.924
6.74348, -597.611, 296.109
3.43989, -788.195, -953.674
6.09602, 559.169, -278.194
4.25586, 161.707, 332.705
3.34555, -415.828, -685.969
4.52383, 342.138, -552.115
4.20924, 158.778, 772.752
6.67141, 398.484, -125.52
3.9111, 698.114, 583.987
5.16766, -667.145, -474.043
6.25085, 996.991, -853.508
4.62554, -672.517, -757.342
4.66964, -572.431, 546.518
3.03022, 858.529, -933.643
6.4639, -36.2312, -467.26
3.91232, -572.332, -484.756
7.14264, -583.28, -238.41
5.37926, 234.25, 526.887
3.4895, 815.921, -287.584
5.99081, 580.954, -769.294
3.07265, 495.857, -962.98
4.22945, 308.898, 789.612
4.15646, -571.635, -235.711
6.42735, 828.687, -964.109
6.65775, 459.911, -213.056
4.21712, -740.655, 755.513
4.2603, -275.445, 884.618
6.38197, 144.181, -837.765
6.58658, -13.3102, 688.351
4.26157, -128.826, 281.877
7.09559, -436.157, -301.588
3.2877, 489.427, 252.467
5.56029, -495.028, 555.296
5.54222, -371.334, 709.065
3.16647, -252.575, -747.834
3.51409, -747.64, -476.47
4.79457, -857.932, 501.062
3.48759, -530.173, 926.589
6.77118, -837.744, 368.712
6.54562, -759.638, -694.595
2.80131, -908.665, 888.077
6.50584, -717.712, 658.877
5.49597, -198.498, -544.799
7.43182, -892.325, 310.023
2.65919, -171.016, 627.205
6.8356, 945.955, -785.117
3.69109, 668.691, 342.82
3.6127, 178.953, 433.555
4.73907, -995.372, -540.731
2.61231, 863.53, -175.907
6.79755, -247.925, 26.2279
4.15902, 218.045, 588.207
5.72195, 307.543, 248.333
7.43521, -947.644, -481.91
5.30162, 284.64, -584.397
4.74553, -758.538, -246.149
5.213, 172.17, -719.819
2.90797, 773.177, -32.7989
3.99606, -799.322, -274.365
6.63964, 825.551, 682.746
6.48936, 626.42, 940.132
5.71048, -102.643, 679.617
4.84105, 631.405, 387.653
7.15326, -197.059, -612.377
5.08798, -244.41, -66.4429
7.42924, 798.459, -543.918
5.94567, -82.7522, -725.632
6.19966, -181.366, -442.596
3.46323, -392.19, -937.092
6.08881, -450.449, 626.155
6.11146, 570.124, -182.516
6.49298, 265.96, 154.074
4.23216, 255.551, -999.065
5.1481, -15.6177, -56.743
3.19001, 715.854, -362.636
6.73218, -226.025, -202.4
6.32766, -85.9756, -887.333
7.5, 923.762, -415.389
4.24891, 483.208, 997.518
5.50367, -601.841, 592.869
3.50808, -496.548, 85.4618
6.2385, 27.661, 151.422
6.49225, 978.835, 216.07
3.03505, -706.562, 109.515
5.35813, -507.363, 47.5291
2.84683, 357.618, -331.658
4.16036, 751.929, 689.291
5.80945, 487.957, -709.041
5.27726, 174.663, -198.051
7.12415, 228.993, -11.7598
2.69832, -487.028, 227.668
2.62083, -312.813, 241.24
4.61923, 219.492, -657.171
4.36987, 460.753, 136.751
2.93303, -245.674, -267.604
3.05403, -158.653, 171.766
5.31992, 370.056, -349.297
7.37269, 63.3871, 743.525
3.05066, -49.0594, -879.93
5.99352, 99.0325, 983.905
2.79674, -50.0765, -745.126
4.69755, 835.878, -109.564
5.24651, 994.035, 716.881
3.45129, 692.467, -751.259
7.36597, 312.757, 328.48
3.19593, -680.418, -83.0177
5.48978, 945.197, -433.243
7.12812, -874.037, 704.373
3.91116, -67.9426, 897.551
6.8307, -138.667, -79.8418
6.29598, -230.095, -602.441
6.10793, 346.713, 627.628
3.34241, -373.164, 367.582
3.32882, 841.162, 375.815
3.39076, -647.388, -991.979
5.87226, 336.391, -603.646
4.83484, -353.566, 35.9826
6.85219, -812.463, -358.321
5.76023, -701.878, -112.166
5.80464, 764.386, 883.535
2.58037, -659.619, -592.941
4.30596, -780.372, -665.945
3.72747, 927.265, 121.849
6.93086, -939.55, -951.955
5.23701, 826.198, 772.855
6.57209, -25.9814, -654.32
5.24453, 167.263, 872.52
4.16156, 506.618, -56.3824
4.40213, 25.6945, -655.029
2.52389, 933.736, 656.088
6.95226, -90.8192, -397.239
6.16955, -499.01, 686.895
6.04239, -153.933, 677.541
5.1278, 52.9483, -188.09
6.41065, -192.431, -816.646
3.42484, -384.502, -470.43
5.72673, 242.201, 512.723
3.42178, -691.208, -345.009
3.31214, 65.3733, -84.5476
2.65594, -181.893, 851.366
7.42716, 130.164, -665.463
4.04559, -332.698, -719.144
4.11075, -671.88, -293.384
5.51155, 285.255, -237.429
2.89107, -329.748, -924.343
3.93936, -17.8762, 88.0861
5.79307, -124.409, -491.585
7.36348, -996.129, -348.879
7.27758, -363.235, -797.948
7.42745, -670.246, -299.082
7.30478, -915.855, -766.569
3.0073, -559.126, 570.208
3.71505, -120.915, -495.142
6.91151, 98.5474, -434.587
5.28805, 340.875, 702.911
6.7669, 803.815, 515.719
7.49145, -532.498, 519.99
3.99751, -251.621, -478.382
6.33157, 982.914, 490.566
4.81901, 283.492, -142.904
6.8168, -636.239, -794.752
6.99018, 861.734, 6.43037
7.377, 258.224, -417.497
2.77405, 661.21, 85.6725
6.32605, 950.185, -620.279
5.09219, -935.052, 739.691
3.46574, 938.043, -247.986
6.98252, 194.184, -542.916
6.38492, -830.663, 98.824
2.75968, 416.655, 542.037
7.47331, -856.323, 766.865
5.93659, -0.842435, -460.004
5.94854, 889.103, 496.853
6.57666, -657.495, 822.99
7.05426, -36.3152, -434.698
3.34218, -201.384, 406.022
5.24183, -579.921, 804.837
6.53351, -474.9, -254.12
4.17803, 318.296, -528.942
5.53435, -95.3002, 43.614
6.59602, -955.848, 334.184
7.3485, 87.3102, -247.562
6.29349, 586.276, 492.645
3.72113, -185.911, -93.4388
5.80589, -572.333, 404.39
4.21574, -447.369, -186.03
7.27146, 376.67, -396.947
2.60828, 804.446, 556.264
4.54979, -892.397, 948.198
2.55789, 586.759, -669.848
3.04964, 842.748, 203.433
5.28259, -853.24, 90.3133
4.45466, -36.1061, -233.602
7.20539, 118.163, -182.661
2.55572, 179.277, 397.657
6.22897, -224.92, -434.671
3.84293, 108.886, 130.849
4.27153, -678.653, -763.312
3.45835, -467.932, 616.687
5.14832, 296.229, -170.903
4.39478, -59.8113, -854.466
3.16407, -13.3608, -802.375
4.26563, -123.746, -567.137
4.2497, 784.223, 987.291
7.41084, 608.315, -120.156
5.25961, 152.729, -395.687
4.99918, 13.1643, -713.618
3.58531, -834.777, 458.924
4.37311, -229.989, -653.694
6.78251, -665.239, -475.281
6.45578, 787.163, -509.372
3.9204, -495.831, 928.626
5.07645, 437.729, 99.8112
6.79238, -295.824, -26.7036
7.07844, -956.794, -175.065
7.48941, 137.143, 918.607
6.53177, 171.433, -195.294
5.22718, -911.924, -183.621
7.3461, 149.467, -739.376
5.31931, -585.521, 362.664
4.03031, -414.532, 661.157
5.41853, 969.318, 955.488
2.91197, 47.4384, -333.876
5.47382, 361.245, 620.126
3.31968, -599.103, -591.694
6.46527, -608.226, -437.219
2.95373, 578.506, 743.155
6.3072, -505.856, -679.947
6.83996, -217.032, 33.8551
6.40105, 193.144, -334.581
6.61399, 908.688, 972.895
6.70974, 372.808, 553.945
4.48328, 535.926, 256.042
6.508, -162.067, 167.887
6.56811, 381.398, -44.4193
5.43493, -410.322, 101.734
4.64621, 797.068, -51.1616
2.5002, -71.2656, -480.002
5.31153, -816.152, 316.225
6.22632, 335.393, 357.594
3.89846, 964.037, 303.784
2.93406, -989.174, 565.459
3.5733, 853.525, -881.463
3.93296, -492.537, 560.59
4.86595, -408.025, 476.151
6.95893, 845.982, 819.937
5.91955, 505.297, -498.97
3.54376, -51.8807, -64.1558
6.67533, 795.325, 12.6502
7.09218, 945.246, 917.427
4.48244, -474.332, -702.362
6.37858, 541.36, 541.998
5.68161, -162.445, -90.9588
6.64746, 483.914, 293.799
3.40204, 560.123, -456.205
7.45927, 576.208, -760.882
6.70558, -150.267, -845.368
4.65177, 889.41, 266.907
4.38589, 597.05, 891.586
2.70802, 657.078, -506.298
6.80715, -811.218, -542.264
6.62116, 909.704, -911.989
6.25052, 22.8673, 737.332
3.55801, -165.103, 996.063
4.31029, -782.128, -192.528
4.43545, -592.014, -805.708
7.32918, 799.612, 645.808
6.5872, -166.685, 633.604
4.5755, -82.8449, 449.821
5.83759, 206.569, 185.146
2.52101, 478.042, 974.963
6.98048, -742.369, 255.137
3.68416, -343.363, 355.588
3.79415, 361.106, -96.9068
5.4939, 410.039, -711.888
6.89823, -851.368, 381.401
6.16299, -566.357, -593.728
6.0773, 915.923, 571.145
3.57724, -609.336, 480.973
6.30413, 678.372, -958.896
3.85351, -159.768, -562.335
2.75246, 671.025, 352.093
4.78866, 267.644, 245.633
2.58759, 450.224, -780.629
3.01129, 74.0754, -168.462
2.639, -129.617, 286.576
5.65921, -340.317, -515.154
6.34425, 84.4874, -246.046
2.74132, 525.47, -841.85
6.6924, -59.0983, -630.781
6.76899, -263.258, -322.624
6.57649, -443.234, 573.542
6.85188, 795.654, 406.484
5.27222, -635.672, -173.964
6.12646, -297.697, 61.4564
3.20424, -529.003, 942.864
6.6115, 602.739, -525.546
5.51185, 735.427, -197.862
4.93856, 510.032, -922.344
6.14942, -289.31, 956.493
4.05164, 757.727, -669.792
3.93925, -699.276, 354.968
5.45857, -955.223, 812.945
5.34055, 658.247, 888.594
5.41059, -934.58, -578.289
2.84132, -689.804, 283.273
4.34304, 150.128, -384.235
6.28475, -933.66, -578.602
6.35297, -447.7, -873.86
4.27217, -394.222, -251.726
5.98913, 244.288, 934.159
5.08005, -689.738, -306.249
5.94494, 392.58, 131.101
6.18066, -82.2872, 615.407
2.56231, -344.181, -676.176
7.16549, 606.271, -121.004
5.37826, 134.033, 126.887
3.05587, 457.331, 975.399
4.87388, -110.7, 22.3008
3.24247, 170.972, 90.7885
4.22594, 50.9263, 450.981
7.04476, -933.845, 177.242
4.54571, 15.8345, 515.38
5.96642, -675.726, -73.8473
3.35865, 385.05, -931.217
6.21715, 893.887, -499.601
4.16319, -422.819, 640.415
4.62157, 669.646, 311.174
2.79523, -137.158, -116.845
5.09005, 285.72, -236.883
5.94425, 475.459, -582.085
5.01149, -264.522, 25.8435
6.56617, -168.875, -752.347
3.07974, 81.2341, -941.338
5.24841, 264.581, 465.73
5.06046, 413.262, 21.5183
6.02649, 951.682, 441.851
5.65083, -235.869, 892.359
4.0207, -22.8382, -631.787
6.74719, 400.4, 373.366
3.39619, 601.258, -19.654
2.61737, -531.734, -100.334
4.19467, 742.992, 55.1323
3.43818, 349.488, -82.9899
6.60467, -285.801, 192.846
6.72507, -896.136, -154.297
6.78031, 844.823, -720.157
7.37454, -955.49, 637.104
2.99587, 471.578, -448.756
2.56182, 564.373, 657.878
2.58614, 212.271, 593.156
2.64527, 253.393, 94.5124
4.1031, 152.741, -378.289
6.17815, 628.412, 303.127
3.14876, 371.828, 474.283
2.5161, -367.714, 508.262
6.91905, 138.855, -791.641
3.70482, 232.105, -576.084
4.38481, -822.446, 756.944
4.44879, 608.035, 187.121
2.81534, 595.698, 295.624
7.30792, 183.769, 961.252
3.75349, 727.394, -337.574
6.85376, -681.919, -55.233
2.85991, -920.202, 429.13
2.70653, -627.616, 579.865
3.46378, 364.863, -524.169
3.86708, -311.085, 302.836
7.4007, -954.308, -365.911
3.60607, 324.498, -542.7
6.43119, -876.383, 857.559
4.42306, 302.232, -422.881
3.78593, 481.105, -637.569
3.91087, -950.76, 66.839
7.33834, 869.466, -32.8283
4.22841, 770.521, 173.853
3.45922, -986.416, 738.433
5.05037, -547.793, -381.985
5.21857, -558.964, 635.659
5.72333, -634.476, -616.105
3.89738, -10.1424, 787.385
3.41887, -296.482, -721.52
2.71579, -836.385, 385.081
3.98408, -509.943, -275.731
4.25548, -231.677, 141.251
7.09372, -421.39, 732.401
5.81225, 496.327, -359.3
5.08041, 867.67, 587.409
4.03763, 617.829, 589.721
3.0007, -353.972, 155.862
3.47502, 380.536, -881.51
4.11407, 31.705, -133.065
5.56182, 967.274, 86.4867
5.13511, 962.336, -985.771
3.45653, 255.146, 286.206
4.7178, -655.339, -429.561
4.48693, -711.391, 857.144
6.28051, -607.99, 744.876
6.6213, 737.468, 602.645
5.51573, 141.886, -343.801
3.04573, 611.244, -831.131
4.11797, 488.046, -165.479
5.03403, 7.74136, 319.272
4.76521, -648.379, 797.314
4.77315, -182.005, -463.492
4.91125, 917.809, 909.001
5.07896, 369.981, -651.554
4.50207, 193.923, 813.778
4.22945, 961.191, 486.03
6.64533, 926.219, -239.44
3.02204, -734.207, -800.509
6.40057, 588.128, 570.596
3.19919, -297.849, -239.738
2.62171, -805.312, -513.772
6.0664, 407.594, -757.514
7.15538, 158.44, -822.34
7.47667, 179.693, 175.193
3.86264, -875.691, 152.84
3.6923, -485.357, -249.29
3.87328, 965.324, 620.738
5.70836, -910.38, -731.64
5.17637, 311.199, 157.278
6.8967, 838.695, -297.667
6.75968, -657.816, -844.072
2.98004, 912.468, -33.6041
4.66818, -753.269, 196.045
3.17045, -206.522, -758.833
5.86802, -157.535, 321.388
5.34964, -53.2309, -483.539
3.66474, -625.476, 561.326
5.50306, 267.169, -690.971
2.6551, -805.297, -28.7268
7.08512, 569.742, -313.203
3.82958, 864.01, -176.839
6.50016, -185.651, -509.158
5.46389, 172.05, -720.788
5.0822, 361.251, 618.945
5.2567, 318.093, 646.087
3.47225, 509.054, -233.172
5.36152, 119.678, -744.248
3.81992, 214.88, 403.393
4.41648, -765.108, 540.12
2.73626, -753.778, -897.63
4.22823, 590.834, -672.319
3.61594, 682.863, -439.25
3.81264, 16.4169, -739.463
3.05141, -430.789, -401.678
7.40088, -706.525, 21.1488
5.93794, 810.415, 644.621
5.82158, -548.262, -377.618
5.99501, -602.457, -673.77
2.68746, -840.637, -779.964
3.6706, -628.566, -745.689
3.95397, 715.792, 694.311
3.50543, -42.0434, -262.182
2.7177, 378.671, 330.889
2.56571, -542.959, 526.54
6.07297, -528.573, 765.69
6.88348, -869.311, -632.629
5.35088, -890.809, 279.085
6.92743, 866.475, 873.287
5.20042, -356.227, -280.517
3.31357, 930.517, -648.628
3.30492, 970.897, 439.953
7.19182, 320.851, 287.896
3.45628, 555.219, -854.342
3.15761, -6.66256, -113.425
4.41122, -317.732, -4.59403
6.12674, 257.501, -266.972
2.50651, 541.044, 874.995
4.60222, 12.537, 732.597
5.18984, 309.993, -213.956
4.86596, -239.112, 247.754
6.33003, 543.101, 872.747
2.9396, 555.144, -472.026
7.04284, 132.54, 324.386
3.20818, -880.184, -394.74
2.54782, 438.683, -52.508
2.82267, 244.889, 507.733
4.96742, 382.148, 222.631
5.40914, 534.912, 990.937
4.03373, -950.135, 545.126
4.57091, 921.258, -71.1372
4.33401, -573.776, -690.175
3.42687, 187.246, 669.965
2.76788, 635.651, 159.586
4.47222, 542.481, -65.6171
3.98388, -348.259, -131.812
5.05388, -396.558, 821.492
3.75392, -698.816, 230.717
5.01589, 967.354, 884.385
2.51168, -18.7608, 801.281
7.01807, 999.197, -448.491
2.79181, -905.712, -949.676
5.17506, -690.619, 804.589
3.95754, -387.109, 877.764
7.3023, -816.018, -267.745
4.73406, 319.171, -109.317
5.08479, 896.493, 167.432
5.93861, -256.215, 10.0561
2.72187, -160.688, 76.8019
7.2946, -798.95, 607.424
5.70852, 367.023, 158.442
2.80215, 631.994, -782.298
3.33964, 47.6709, 268.405
5.76491, 487.654, -250.823
6.19864, -769.109, 336.949
3.57011, 862.505, 199.087
4.31441, 158.063, -877.087
6.56981, -648.331, 935.862
5.32057, 807.867, -470.69
7.45886, -42.0666, -900.008
6.5669, -763.781, 398.67
3.49157, -995.544, -23.2163
2.50003, -164.825, -857.859
4.62608, 948.64, -781.935
4.07406, 832.331, 192.869
5.56218, 607.187, -934.997
3.83351, -196.131, -544.662
4.39881, -595.303, -60.7226
5.43397, 971.241, 292.25
5.95636, -141.674, -517.49
7.26736, -460.325, -572.581
4.89785, -292.763, -956.246
3.60319, 374.948, -732.421
5.33741, -726.035, -446.071
6.09873, 435.154, 364.838
4.4953, -482.251, 568.303
3.48326, -693.515, 998.303
6.66971, -684.931, -763.146
5.59561, -448.359, -872.045
7.26866, -295.913, 170.967
3.23222, -14.4253, -282.157
5.38953, 41.5451, -460.696
7.26796, -391.734, 725.368
3.62331, 720.197, -976.284
7.25137, -487.934, 813.51
3.07874, 802.758, -518.905
2.58372, 29.4001, -264.369
3.90465, -346.016, -174.102
7.15042, 651.568, 166.42
3.04796, 745.113, 871.843
6.77266, 31.3329, 832.422
5.68532, -727.331, -733.009
5.63853, 407.761, -708.327
3.80589, 732.281, 740.775
5.13936, -951.189, 221.486
7.16608, -266.171, 916.848
3.98055, 924.343, 100.182
4.78006, 155.304, 458.766
6.35659, -656.971, -624.866
4.17193, 97.4831, 114.524
6.31775, -39.4884, -947.366
6.65892, -29.9738, 943.93
2.64618, -725.314, 568.68
4.31315, 716.065, -267.975
4.16221, 290.395, 460.585
3.17675, -520.172, -307.23
3.00839, -307.176, 623.942
5.11327, -610.555, 816.751
3.52046, 30.6635, -535.466
5.00728, -873.584, -631.208
5.1371, 4.48883, 962.21
4.13422, -270.407, -293.163
4.75888, 225.914, -446.401
6.85263, -7.54348, 988.805
4.72884, 646.919, 865.658
6.03726, -459.227, -921.85
6.83171, 916.973, -699.483
6.5822, 872.52, 222.599
2.67504, 897.859, 837.3
3.8644, -655.284, -235.912
5.21858, -423.175, -430.998
3.19942, -995.797, -544.124
5.57408, -781.373, -936.523
3.29182, -696.867, -606.084
4.41129, 98.7136, 221.4
5.94997, -94.248, 189.74
3.21128, -388.385, 460.08
5.65284, -785.31, 795.923
3.15973, 200.549, 936.767
7.13583, -740.898, 252.892
5.53465, -940.122, 785.234
5.50388, -922.277, 369.562
3.33635, 611.951, -532.932
3.301, -863.378, -401.706
5.91628, 625.378, -30.3146
5.1456, -716.828, -14.4313
3.65264, -130.851, 814.112
6.55373, -502.451, -58.5161
5.76477, -420.888, -561.522
4.08597, -549.265, -582.936
2.53953, -263.048, -817.033
3.49176, 724.288, 748.976
3.78831, -9.16332, 382.377
3.03825, 893.761, 38.8127
3.49545, 133.476, -436.999
6.75079, 803.754, -772.486
6.63912, -985.952, 219.893
6.76813, -960.642, -550.883
5.71027, 284.953, 780.456
3.6787, 731.15, -991.6
6.80638, -502.613, -811.257
5.4745, 37.1771, -101.591
2.52745, 507.996, -28.82
6.84925, -666.876, -472.111
7.37729, 651.273, 107.019
5.59653, 380.115, 13.1116
3.85574, -946.544, 379.336
7.46973, -158.406, -636.465
4.60751, -724.446, -531.102
4.20537, -795.385, -615.873
4.80717, 361.05, -138.347
4.44822, 264.972, -378.667
4.613, -51.1897, 515.675
2.84879, 132.296, 286.732
5.5153, -65.116, -131.659
7.36114, -49.6902, 231.63
5.07406, -696.743, -536.919
7.45461, 957.246, -137.828
5.84906, 628.276, -150.038
4.01716, -606.017, 71.023
3.47371, 876.44, 564.928
4.0109, -709.178, -939.015
4.93946, -334.581, 461.715
4.72438, 529.72, 976.92
5.7844, 319.289, -943.327
3.74227, -781.521, -669.236
4.72007, 55.0533, 556.328
5.75894, -691.75, 55.2729
6.67472, -713.346, 188.137
6.03698, 203.704, 824.314
4.93928, -872.558, -601.194
6.72039, 400.249, -239.909
7.00296, -496.483, -182.209
6.33082, -650.435, -527.642
5.29453, 628.311, 847.95
2.70603, -26.4144, 96.7094
5.46749, 564.769, 65.2081
2.68674, -682.94, 830.367
4.53488, 21.741, 437.066
2.84243, -977.645, -882.734
7.38558, -779.574, -882.614
2.5956, -518.195, -232.846
6.60363, -162.228, -276.108
5.2195, -371.532, 880.366
5.72828, 792.898, -332.457
3.62934, -260.757, 60.1282
2.733, 827.267, -693.866
3.63154, 215.497, -556.62
4.58371, -633.558, 135.445
6.40126, 266.376, -632.635
3.72852, -922.563, 391.772
4.81411, 662.102, 81.0166
6.14756, 929.392, 291.625
5.35237, -330.257, 816.814
5.45997, 927.619, 929.113
4.98425, -945.876, 281.401
3.951, 497.335, 107.927
4.71107, -1.61411, -224.995
2.53669, 855.562, -395.692
7.41683, 504.793, -362.699
2.52822, -811.498, -143.342
4.8676, -95.2685, 736.139
5.86497, -310.051, -121.804
