6.27803, -735.958, -993.276
3.5948, 61.0881, -87.702
5.89648, 360.23, -902.922
5.09708, -235.909, 877.207
2.76731, -933.598, 656.528
2.53849, 332.37, 54.4246
4.58743, -857.214, -232.23
7.15218, 178.549, 375.959
2.95982, 51.1609, 691.976
6.00595, -159.926, 318.699
3.81226, 528.147, 817.054
4.14117, 471.65, -901.234
7.45519, 509.793, 260.941
7.41275, -505.615, -269.45
5.75759, 503.934, 443.292
6.92354, 262.383, -850.512
6.33247, -120.877, -450.316
3.87453, -514.963, -49.9968
4.93259, -675.502, -302.435
2.80282, 820.932, 788.76
5.08146, 7.48129, 803.791
4.96988, 967.921, -363.017
7.23882, -814.517, -468.772
4.42071, -10.2926, -837.965
5.14874, 823.822, -448.887
2.75042, 875.214, -63.6534
6.63909, 542.543, 538.646
5.94228, -960.604, -745.952
6.18112, 258.901, 734.96
6.94286, 987.649, 450.073
4.25508, -381.202, -535.034
6.72991, 182.49, 26.0133
3.84659, 662.798, -161.923
4.83959, 72.8594, -176.84
3.2686, -646.16, -432.319
2.66527, 612.166, 141.886
7.2768, -6.63734, 73.4877
6.95369, 110.159, 493.757
3.29884, 679.227, 247.243
3.15214, 428.701, -572.449
2.515, -452.231, -815.972
6.0491, -950.792, -176.539
3.40448, -512.136, 869.148
5.76029, 772.227, -361.425
4.42907, 365.586, -698.345
3.23766, -5.04745, -228.85
5.45054, 681.589, 172.159
3.24076, 121.217, 909.267
3.2091, -181.365, 962.395
4.94257, -492.74, 127.22
3.13015, 900.709, -72.5547
5.64635, -358.095, -596.813
5.60817, 300.523, -742.446
4.88216, -499.572, 602.012
2.64188, -573.248, -247.27
3.21011, -138.254, 801.728
3.15594, -181.017, 890.029
3.31099, -823.617, 756.218
3.76529, -268.108, -852.319
4.77654, 577.482, -736.238
6.54472, -94.3439, -299.749
3.57624, 302.324, 858.051
3.75063, 816.997, 361.587
5.02978, -58.2401, 720.369
6.27922, 634.841, 185.576
5.66369, 909.782, -68.618
5.9449, 636.321, -129.351
7.27207, 969.395, 409.389
5.18713, -425.416, 715.689
4.57014, -786.76, 30.1043
4.70019, 751.138, 155.884
6.07821, 735.965, 458.489
6.20858, 408.425, 597.53
5.12494, 770.45, -959.22
6.06711, -865.252, -74.37
5.91025, 333.98, -21.5988
6.82941, 831.597, -598.687
3.19597, 84.8758, 774.729
3.57766, 970.346, -101.175
5.0733, -364.25, -111.876
4.83766, -118.062, 750.821
3.55759, -266.893, 611.389
5.65244, -692.679, 982.212
2.5044, -973.679, 206.555
4.09589, 452.525, 544.036
5.90281, 363.126, -154.315
6.0446, 670.318, -586.923
2.90869, -808.281, 654.53
3.56926, 264.993, 531.413
4.44412, -834.05, -571.145
4.44927, 901.257, 902.885
3.92018, 382.44, -460.925
4.6123, 564.397, 550.728
2.55658, -616.547, -434.674
3.72027, 935.117, -615.014
4.49072, -719.393, 650.429
6.64177, -647.837, 201.234
3.78584, 972.372, -687.647
3.59705, -806.417, -538.111
6.47385, 389.687, 268.628
5.8476, 502.248, 391.527
5.49108, -889.534, 283.71
5.99917, -364.03, -541.897
5.13062, 527.062, -760.866
4.14833, 188.75, 100.877
3.30844, -714.824, 402.391
6.56633, 717.817, -28.0947
4.08004, 479.164, 115.658
4.05369, 53.9618, -732.387
4.65424, 34.9213, 168.023
4.46509, -247.534, -477.398
4.43916, -50.3383, -116.938
4.34871, -837.113, -443.574
5.88118, 342.983, -493.753
6.10384, 452.276, 28.184
7.20082, -69.5442, 893.058
5.08573, -79.5353, -357.797
5.5282, -193.54, 323.122
5.85049, -691.684, 983.517
5.11404, 80.4591, -308.125
3.87105, -952.454, 641.903
7.08924, 95.0028, 284.963
3.73367, 933.709, -462.113
4.77876, 384.003, 682.874
3.30374, -954.716, 647.397
4.68319, 412.814, 408.468
7.45767, 496.921, 170.294
6.26931, -438.813, 390.835
4.97846, -984.724, -655.088
7.01651, -655.877, -837.589
4.68213, 492.361, 561.064
5.09239, 168.117, -981.492
4.44866, 88.2518, -860.594
5.63431, -222.735, -568.012
5.19331, 414.426, 318.176
4.35955, 632.563, -438.182
2.54674, -369.333, 365.259
6.3794, 40.8659, -787.814
2.85317, -886.66, -561.281
3.98511, 444.556, -679.68
4.78581, -45.0282, -886.485
3.25156, -95.0063, 39.7695
5.97819, 671.75, -433.232
4.15587, 363.045, 153.704
5.21197, 970.005, -880.104
2.64678, 724.369, -979.113
5.38086, -24.8857, -234.594
5.18133, 367.028, 473.513
7.36678, -758.541, -924.117
5.57063, -298.185, -618.582
5.26431, -745.463, 208.107
6.69051, -268.525, 906.661
3.75764, -489.169, 932.926
6.98957, 623.079, -141.949
5.97428, 507.808, -499.619
5.82752, -473.179, -95.231
3.06838, -579.185, -771.351
3.37987, -980.067, 95.0588
2.91253, -136.224, 194.31
6.68103, -246.331, 370.781
2.64818, 943.461, -771.683
6.34719, -1.05471, -850.988
4.29829, -504.579, 865.626
6.24626, 3.7817, 533.574
6.28385, 363.146, 340.121
3.60834, -537.476, -921.895
5.58305, 305.021, 128.352
3.66846, -549.495, -252.017
6.22052, -669.743, 302.92
5.80997, -909.704, -685.675
4.9209, 907.474, -745.617
2.58972, 828.16, 237.644
4.98291, 447.213, 200.088
5.09587, -109.699, -885.481
4.71395, -872.178, 530.277
4.14528, -60.7112, 947.553
3.52671, 484.53, -106.962
7.19863, -248.668, -650.797
2.85168, -491.655, 929.088
3.30042, 51.4595, -745.03
6.70788, -785.192, 33.0771
4.13614, -164.223, -276.913
6.85942, 160.061, 427.818
5.99896, 670.796, 515.763
5.52801, 868.655, -219.812
4.77536, 79.8615, -264.171
2.91543, -515.87, -180.744
3.94883, -55.406, -144.995
6.51009, -572.235, -785.659
6.81821, 336.169, 58.7242
3.81831, 420.796, -510.591
4.79881, -835.454, -236.289
4.95672, 611.281, -525.685
5.82344, -467.117, -987.84
7.31738, -627.22, -155.852
7.23022, 578.054, -736.254
2.81902, 218.8, -655.539
5.04829, -414.043, -304.576
6.13222, 668.017, 662.988
5.65882, 599.549, -338.42
3.26658, -914.636, -908.429
5.09652, -865.878, 539.428
3.52281, -555.717, 853.675
6.03231, 400.255, -820.506
6.05786, -473.7, -16.8948
3.66304, -569.347, -232.101
6.80594, -56.6665, -129.809
2.67122, -108.885, 948.873
6.26587, -935.398, 53.7949
4.14789, 642.102, 163.186
4.65309, 70.6771, -532.87
7.33455, 965.911, -194.078
4.05803, 732.074, 693.161
5.69762, 985.054, -699.885
5.95386, 869.892, -61.148
5.36403, 77.8762, 627.916
6.60667, 892.445, -684.667
4.21807, -898.383, -677.119
5.09387, -811.287, -773.569
6.78438, 122.262, -949.648
6.18587, 344.128, 44.7117
3.45992, -937.923, 382.501
2.83145, -308.079, 339.863
3.60828, 845.838, -717.905
3.33656, 169.788, -233.142
6.31172, 381.431, -929.71
5.44905, -842.668, 423.086
4.65223, 860.178, 854.678
7.09618, 659.682, 12.2177
5.09668, 443.956, 186.671
7.38058, -679.337, -22.2789
5.15714, -452.813, 146.388
2.98716, 334.26, 391.154
5.83983, 216.957, 99.0659
5.44444, 139.325, -26.7128
5.01137, -695.632, -116.477
2.75808, -930.818, 458.615
2.6753, -347.879, 31.4969
4.41484, -786.846, -514.975
5.55555, 182.062, 100.949
5.06574, 545.7, 868.06
5.98498, 303.485, -26.2649
4.89891, -24.674, -185.788
3.88323, 68.2447, 422.213
6.01685, -438.952, 208.7
3.67701, 874.294, 56.9001
6.41501, 184.258, -177.599
6.60589, 359.796, 835.517
3.21842, -534.011, 52.8123
5.75757, -487.226, 811.144
3.87677, 868.895, -984.611
7.26215, -423.936, 715.519
4.58238, -750.856, 14.2095
3.03869, -126.539, 402.665
4.70633, -797.553, 531.289
6.28811, -422.57, -301.807
2.77803, -338.665, -318.87
3.51241, -27.4008, 144.211
6.82305, 939.924, -773.149
6.52456, -265.687, -10.0571
2.78861, -678.761, -672.058
4.40304, -64.5747, -701.522
4.56124, -144.219, 764.15
2.80071, -380.853, 302.474
7.09746, 807.044, 649.45
3.35398, 536.996, 805.043
6.51634, -930.102, 158.015
3.88599, 724.582, 46.832
4.44586, 172.379, 738.016
7.19936, 53.8208, 623.539
6.24573, 161.682, -166.194
3.44774, -325.517, 759.186
6.89581, 435.441, 484.667
6.8953, 416.847, -849.037
3.30515, -804.034, -267.032
5.87346, -803.404, -165.957
6.89096, 628.218, 127.053
6.98262, 254.107, 522.847
3.06535, -24.4794, 753.838
5.93789, -235.49, -257.047
3.21651, -835.124, -768.479
3.6901, 413.428, -44.6036
5.64383, 945.243, -218.175
4.312, 816.594, 364.494
4.64437, 588.379, 717.43
4.91936, -12.6242, -839.007
6.20379, -4.03895, -109.622
3.23098, -386.298, 869.387
7.36238, -832.411, -769.917
7.3158, -511.453, -192.297
3.14741, -600.381, 664.287
5.3784, -318.239, -606.66
4.66439, 170.106, -124.075
5.50066, -235.978, -253.167
5.85098, -697.134, -128.396
4.5137, 396.654, 986.726
6.46691, 640.481, 693.469
4.89889, -974.9, -250.397
5.72449, 298.697, 276.137
4.28836, -246.783, 599.731
5.96794, -330.093, -220.645
5.83428, -416.959, -702.557
3.22071, -381.482, 712.187
7.10415, -980.442, 222.334
4.22228, 31.5976, -235.818
6.66824, -414.502, -469.37
2.74349, 271.246, -746.262
3.27936, -250.319, -62.0638
2.55765, 331.032, 507.965
3.94327, 120.646, 588.425
5.07295, -345.437, -173.13
3.65948, 682.167, 437.466
2.75022, -246.641, -74.2371
5.33091, -595.891, -844.351
6.69774, -151.861, 674.075
4.28763, -648.941, -431.958
4.3452, 164.45, 870.406
7.22226, 256.46, -73.1717
4.72425, -910.379, -179.268
6.82086, 493.539, 184.13
5.82654, -788.37, -735.561
5.79297, 165.838, 664.927
7.10736, -959.188, 961.068
5.11536, 953.617, -620.624
5.45229, 439.05, -441.929
5.79944, 667.744, 660.738
4.24765, 279.949, 461.882
4.11714, 345.634, 45.1456
7.08984, -104.316, 737.774
3.08619, 904.005, -445.629
7.31268, 672.939, -169.484
5.17978, 52.6114, -329.38
5.81447, 852.213, 633.832
5.48362, 901.527, -501.779
6.93363, -506.273, -744.717
6.67999, -663.64, -606.545
6.69339, 246.881, 202.775
6.85642, -212.511, 338.82
2.5002, -769.647, 339.862
4.77274, 259.165, 349.741
4.25696, -931.716, 154.254
5.80713, -257.694, 708.175
6.22234, -879.197, 152.908
3.3821, -127.161, -457.883
7.4621, 794.53, -811.265
5.95466, -931.185, 169.526
6.97862, 143.758, -12.1543
3.51579, 367.313, -135.748
7.2356, -458.365, -36.1491
4.88476, 880.623, -506.393
6.78578, 919.823, -747.946
6.41237, -978.18, -551.675
5.70687, 906.922, -909.342
3.14521, -723.413, 149.057
5.77944, 4.55036, 650.32
3.09199, 53.3143, 8.8646
3.88793, 334.108, 802.814
6.65548, -223.968, -227.224
6.14153, -751.239, -513.023
6.74348, -598.165, 295.601
3.43989, -775.32, -933.49
6.09602, 557.42, -279.925
4.25586, 158.517, 332.154
3.34555, -416.063, -690.752
4.52383, 334.167, -544.723
4.20924, 159.438, 769.383
6.67141, 388.003, -125.888
3.9111, 697.888, 584.288
5.16766, -659.532, -469.339
6.25085, 991.083, -852.066
4.62554, -692.361, -760.599
4.66964, -566.986, 548.212
3.03022, 857.072, -931.177
6.4639, -41.1487, -465.446
3.91232, -574.406, -482.362
7.14264, -586.523, -236.016
5.37926, 251.26, 509.928
3.4895, 820.027, -291.209
5.99081, 573.509, -748.81
3.07265, 494.861, -956.587
4.22945, 303.871, 785.457
4.15646, -585.333, -234.257
6.42735, 828.114, -960.178
6.65775, 459.277, -212.574
4.21712, -739.123, 754.516
4.2603, -273.05, 893.48
6.38197, 152.107, -820.948
6.58658, -12.0463, 687.695
4.26157, -131.61, 284.951
7.09559, -422.06, -301.525
3.2877, 493.723, 254.964
5.56029, -485.883, 565.397
5.54222, -381.601, 712.552
3.16647, -251.33, -743.9
3.51409, -743.977, -478.962
4.79457, -855.92, 501.403
3.48759, -524.046, 932.574
6.77118, -848.788, 382.225
6.54562, -759.703, -690.925
2.80131, -905.04, 884.26
6.50584, -720.229, 648.569
5.49597, -197.658, -542.585
7.43182, -889.595, 304.918
2.65919, -160.537, 643.034
6.8356, 939.954, -762.974
3.69109, 666.938, 347.922
3.6127, 171.646, 429.512
4.73907, -979.437, -553.622
2.61231, 863.798, -180.774
6.79755, -260.271, 11.9819
4.15902, 213.694, 588.591
5.72195, 304.939, 252.821
7.43521, -943.283, -483.788
5.30162, 284.551, -583.112
4.74553, -757.602, -246.324
5.213, 164.391, -725.87
2.90797, 773.082, -32.8624
3.99606, -819.21, -271.098
6.63964, 819.845, 675.262
6.48936, 624.68, 934.387
5.71048, -103.741, 679.914
4.84105, 630.008, 385.189
7.15326, -199.388, -607.841
5.08798, -243.846, -72.9554
7.42924, 797.246, -536.138
5.94567, -79.053, -720.811
6.19966, -180.219, -454.276
3.46323, -392.884, -932.224
6.08881, -454.584, 622.204
6.11146, 569.927, -179.629
6.49298, 267.027, 153.523
4.23216, 255.081, -994.362
5.1481, -16.0579, -62.4407
3.19001, 716.071, -359.164
6.73218, -224.255, -212.206
6.32766, -82.5057, -882.493
7.5, 923.303, -420.666
4.24891, 482.598, 988.785
5.50367, -600.04, 588.982
3.50808, -495.764, 83.1218
6.2385, 29.6979, 154.271
6.49225, 973.488, 216.449
3.03505, -705.394, 109.03
5.35813, -507.023, 47.0949
2.84683, 360.942, -337.858
4.16036, 743.137, 689.91
5.80945, 485.585, -707.1
5.27726, 172.556, -191.067
7.12415, 228.866, -11.659
2.69832, -484.505, 225.4
2.62083, -310.27, 238.906
4.61923, 218.253, -655.641
4.36987, 461.023, 135.135
2.93303, -233.053, -242.874
3.05403, -156.95, 171.687
5.31992, 366.245, -346.351
7.37269, 59.2279, 740.834
3.05066, -43.5322, -893.885
5.99352, 99.0757, 978.353
2.79674, -50.7194, -740.099
4.69755, 834.978, -106.827
5.24651, 990.136, 715.151
3.45129, 690.212, -749.139
7.36597, 315.436, 325.874
3.19593, -680.656, -58.7626
5.48978, 935.418, -431.578
7.12812, -871.697, 703.872
3.91116, -81.0111, 883.848
6.8307, -143.339, -84.3773
6.29598, -225.21, -598.776
6.10793, 359.545, 615.067
3.34241, -374.41, 368.691
3.32882, 831.564, 372.053
3.39076, -647.411, -987.263
5.87226, 334.439, -600.584
4.83484, -352.643, 38.8767
6.85219, -809.398, -357.962
5.76023, -697.064, -116.241
5.80464, 759.762, 877.86
2.58037, -666.702, -609.522
4.30596, -777.329, -669.464
3.72747, 922.182, 115.574
6.93086, -934.914, -947.953
5.23701, 823.106, 775.316
6.57209, -26.9761, -645.834
5.24453, 176.871, 864.762
4.16156, 505.973, -54.8842
4.40213, 22.798, -654.365
2.52389, 929.582, 653.098
6.95226, -90.1988, -397.439
6.16955, -495.572, 684.775
6.04239, -153.544, 658.825
5.1278, 58.0062, -185.586
6.41065, -190.007, -813.147
3.42484, -387.466, -470.465
5.72673, 244.488, 522.48
3.42178, -687.092, -340.483
3.31214, 61.3933, -93.3471
2.65594, -181.995, 849.293
7.42716, 130.676, -665.954
4.04559, -330.669, -714.988
4.11075, -673.589, -288.54
5.51155, 282.443, -236.859
2.89107, -329.169, -920.785
3.93936, -19.8921, 90.0153
5.79307, -127.045, -490.819
7.36348, -989.422, -349.356
7.27758, -363.085, -794.122
7.42745, -673.063, -295.574
7.30478, -911.242, -759.682
3.0073, -558.119, 565.453
3.71505, -125.85, -492.144
6.91151, 99.7659, -431.763
5.28805, 340.181, 698.12
6.7669, 801.654, 516.394
7.49145, -536.813, 526.814
3.99751, -254.596, -480.988
6.33157, 971.243, 483.932
4.81901, 285.569, -144.64
6.8168, -636.354, -790.93
6.99018, 859.111, 2.88021
7.377, 257.517, -415.357
2.77405, 656.139, 88.5584
6.32605, 941.665, -617.839
5.09219, -931.762, 738.922
3.46574, 920.5, -232.437
6.98252, 198.113, -543.945
6.38492, -834.848, 96.7282
2.75968, 414.893, 540.286
7.47331, -851.129, 763.664
5.93659, -5.89397, -457.979
5.94854, 886.755, 496.651
6.57666, -656.956, 815.616
7.05426, -37.2284, -439.546
3.34218, -201.388, 401.76
5.24183, -580.666, 803.009
6.53351, -488.857, -253.06
4.17803, 328.541, -540.389
5.53435, -106.738, 29.5131
6.59602, -948.199, 333.938
7.3485, 82.5327, -247.797
6.29349, 582.619, 493.688
3.72113, -177.877, -92.0876
5.80589, -571.997, 402.278
4.21574, -449.3, -187.659
7.27146, 375.048, -395.377
2.60828, 802.494, 554.998
4.54979, -891.176, 944.74
2.55789, 587.905, -672.68
3.04964, 834.727, 195.84
5.28259, -842.947, 94.3823
4.45466, -16.4444, -238.822
7.20539, 117.559, -182.778
2.55572, 179.354, 391.761
6.22897, -220.986, -437.19
3.84293, 110.721, 122.955
4.27153, -669.423, -756.679
3.45835, -457.503, 619.666
5.14832, 295.174, -168.251
4.39478, -56.1346, -856.865
3.16407, -11.7357, -803.569
4.26563, -127.847, -562.508
4.2497, 783.31, 983.371
7.41084, 607.871, -126.768
5.25961, 151.606, -373.524
4.99918, 14.2521, -715.399
3.58531, -834.385, 454.435
4.37311, -236.733, -648.438
6.78251, -665.343, -473.927
6.45578, 794.326, -516.157
3.9204, -496.245, 927.818
5.07645, 436.971, 102.114
6.79238, -290.359, -22.2921
7.07844, -938.102, -173.027
7.48941, 135.151, 913.3
6.53177, 171.714, -190.445
5.22718, -896.992, -183.943
7.3461, 150.98, -733.56
5.31931, -584.755, 362.614
4.03031, -418.182, 658.081
5.41853, 962.703, 949.498
2.91197, 48.3189, -329.489
5.47382, 355.401, 618.305
3.31968, -597.914, -591.526
6.46527, -610.356, -436.985
2.95373, 579.953, 736.734
6.3072, -504.66, -679.53
6.83996, -225.048, 30.1007
6.40105, 189.898, -334.261
6.61399, 908.485, 965.902
6.70974, 372.152, 552.327
4.48328, 523.927, 256.94
6.508, -160.546, 167.613
6.56811, 379.647, -43.663
5.43493, -409.209, 100.471
4.64621, 794.421, -48.6555
2.5002, -58.943, -476.829
5.31153, -814.106, 317.391
6.22632, 337.373, 351.379
3.89846, 965.913, 289.046
2.93406, -983.496, 564.464
3.5733, 853.396, -879.72
3.93296, -488.037, 567.762
4.86595, -404.534, 473.779
6.95893, 844.31, 819.766
5.91955, 515.995, -505.519
3.54376, -48.3843, -68.7379
6.67533, 792.672, 11.015
7.09218, 927.484, 918.323
4.48244, -475.802, -699.499
6.37858, 541.267, 526.159
5.68161, -159.316, -89.7602
6.64746, 482.928, 288.82
3.40204, 554.567, -466.388
7.45927, 579.033, -761.439
6.70558, -154.178, -845.522
4.65177, 886.807, 264.752
4.38589, 596.285, 887.405
2.70802, 653.003, -504.816
6.80715, -799.259, -531
6.62116, 916.161, -897.883
6.25052, 13.0589, 730.731
3.55801, -165.358, 989.454
4.31029, -781.445, -191.754
4.43545, -589.994, -798.731
7.32918, 793.163, 635.76
6.5872, -166.201, 633.901
4.5755, -81.5328, 448.531
5.83759, 204.07, 181.588
2.52101, 475.902, 976.825
6.98048, -737.607, 247.551
3.68416, -343.714, 354.701
3.79415, 354.551, -91.9636
5.4939, 407.666, -711.095
6.89823, -836.661, 369.637
6.16299, -561.207, -587.939
6.0773, 909.622, 569.953
3.57724, -606.818, 481.212
6.30413, 679.059, -956.618
3.85351, -161.928, -557.18
2.75246, 664.356, 336.194
4.78866, 271.017, 245.883
2.58759, 447.211, -776.586
3.01129, 71.6105, -172.898
2.639, -131.24, 282.696
5.65921, -341.919, -516.625
6.34425, 83.6739, -248.572
2.74132, 525.897, -838.586
6.6924, -55.8181, -630.572
6.76899, -262.74, -316.598
6.57649, -447.728, 575
6.85188, 794.128, 404.213
5.27222, -630.735, -167.436
6.12646, -293.065, 56.3272
3.20424, -524.358, 924.072
6.6115, 594.456, -526.507
5.51185, 731.165, -196.544
4.93856, 507.174, -918.236
6.14942, -286.989, 947.611
4.05164, 757.36, -668.305
3.93925, -699.526, 352.507
5.45857, -949.716, 806.958
5.34055, 652.788, 880.804
5.41059, -935.359, -574.036
2.84132, -688.709, 283.143
4.34304, 149.824, -391.988
6.28475, -928.381, -576.107
6.35297, -449.714, -866.046
4.27217, -393.82, -253.553
5.98913, 240.859, 929.909
5.08005, -665.121, -294.774
5.94494, 389.251, 133.475
6.18066, -81.9254, 616.337
2.56231, -342.467, -673.377
7.16549, 615.164, -124.244
5.37826, 132.441, 125.651
3.05587, 463.372, 973.565
4.87388, -103.887, 35.2624
3.24247, 187.331, 104.147
4.22594, 51.0068, 447.622
7.04476, -931.615, 182.398
4.54571, 14.1842, 518.887
5.96642, -679.992, -72.65
3.35865, 379.636, -942.67
6.21715, 888.633, -506.835
4.16319, -425.312, 643.701
4.62157, 664.465, 312.157
2.79523, -137.679, -111.818
5.09005, 287.192, -231.109
5.94425, 473.012, -580.308
5.01149, -250.957, 13.2947
6.56617, -169.587, -749.842
3.07974, 82.7815, -936.366
5.24841, 273.007, 464.564
5.06046, 408.525, 20.9778
6.02649, 960.243, 441.038
5.65083, -238.848, 883.312
4.0207, -27.1916, -640.968
6.74719, 399.664, 369.47
3.39619, 604.858, -22.0504
2.61737, -528.702, -100.129
4.19467, 734.609, 51.6803
3.43818, 354.8, -91.5921
6.60467, -288.549, 182.414
6.72507, -895.112, -161.212
6.78031, 846.458, -718.356
7.37454, -954.519, 642.22
2.99587, 467.521, -447.758
2.56182, 564.667, 655.244
2.58614, 221.175, 581.904
2.64527, 250.233, 96.1318
4.1031, 149.247, -387.359
6.17815, 626.408, 301.718
3.14876, 354.144, 477
2.5161, -368.598, 505.828
6.91905, 139.544, -789.954
3.70482, 230.134, -571.991
4.38481, -817.194, 765.725
4.44879, 614.755, 184.098
2.81534, 596.399, 294.203
7.30792, 183.668, 953.461
3.75349, 725.738, -339.46
6.85376, -676.75, -68.9808
2.85991, -916.539, 424.174
2.70653, -619.818, 571.769
3.46378, 359.331, -522.77
3.86708, -309.601, 302.92
7.4007, -951.484, -365.084
3.60607, 322.651, -531.9
6.43119, -874.899, 854.547
4.42306, 299.132, -421.157
3.78593, 478.501, -636.192
3.91087, -941.802, 62.8214
7.33834, 867.002, -36.7639
4.22841, 764.653, 170.025
3.45922, -980.605, 736.866
5.05037, -547.671, -378.752
5.21857, -556.462, 632.785
5.72333, -644.2, -614.641
3.89738, -11.265, 792.36
3.41887, -296.781, -717.349
2.71579, -834.062, 373.032
3.98408, -500.726, -263.043
4.25548, -231.332, 139.989
7.09372, -423.578, 716.552
5.81225, 506.263, -362.454
5.08041, 865.687, 583.766
4.03763, 613.612, 585.914
3.0007, -351.356, 154.364
3.47502, 379.175, -880.14
4.11407, 31.0571, -130.142
5.56182, 960.486, 86.9739
5.13511, 959.364, -981.992
3.45653, 260.294, 283.226
4.7178, -636.315, -421.392
4.48693, -707.104, 851.812
6.28051, -605.801, 744.726
6.6213, 735.966, 602.588
5.51573, 142.228, -345.632
3.04573, 608.3, -826.334
4.11797, 485.821, -165.286
5.03403, 9.27666, 317.811
4.76521, -648.451, 801.889
4.77315, -179.916, -452.278
4.91125, 920.906, 913.852
5.07896, 368.74, -650.901
4.50207, 203.222, 823.55
4.22945, 968.563, 483.386
6.64533, 932.088, -240.676
3.02204, -730.537, -795.672
6.40057, 583.622, 565.631
3.19919, -297.235, -238.966
2.62171, -792.842, -521.174
6.0664, 406.116, -751.443
7.15538, 146.997, -826.355
7.47667, 185.395, 174.145
3.86264, -872.424, 152.833
3.6923, -475.191, -257.459
3.87328, 959.945, 619.116
5.70836, -906.763, -730.216
5.17637, 309.816, 153.444
6.8967, 831.568, -295.754
6.75968, -670.933, -833.548
2.98004, 903.866, -39.8477
4.66818, -744.883, 209.203
3.17045, -203.697, -755.548
5.86802, -169.26, 307.857
5.34964, -54.3301, -473.599
3.66474, -620.719, 568.502
5.50306, 265.792, -687.617
2.6551, -800.665, -27.2473
7.08512, 567.374, -310.607
3.82958, 860.563, -174.074
6.50016, -183.328, -510.208
5.46389, 166.876, -717.761
5.0822, 347.03, 627.154
5.2567, 322.576, 640.569
3.47225, 502.918, -234.523
5.36152, 125.376, -741.639
3.81992, 211.787, 401.591
4.41648, -765.878, 539.048
2.73626, -756.955, -897.478
4.22823, 586.037, -671.552
3.61594, 666.206, -429.516
3.81264, 18.1445, -733.263
3.05141, -428.93, -403.693
7.40088, -704.751, 18.2497
5.93794, 799.147, 632.814
5.82158, -547.802, -377.79
5.99501, -600.815, -671.992
2.68746, -834.499, -770.393
3.6706, -629.903, -745.934
3.95397, 722.611, 693.411
3.50543, -33.9828, -254.336
2.7177, 367.776, 337.808
2.56571, -524.694, 519.387
6.07297, -525.782, 765.312
6.88348, -866.583, -627.268
5.35088, -885.835, 270.04
6.92743, 864.565, 865.156
5.20042, -357.118, -279.243
3.31357, 929.205, -645.611
3.30492, 956.488, 441.44
7.19182, 315.784, 286.328
3.45628, 552.364, -849.563
3.15761, 1.56968, -98.1099
4.41122, -309.819, -6.83338
6.12674, 258.562, -261.964
2.50651, 544.477, 866.766
4.60222, 26.0523, 736.454
5.18984, 303.907, -214.47
4.86596, -238.148, 246.491
6.33003, 540.305, 874.189
2.9396, 556.361, -461.15
7.04284, 136.195, 322.899
3.20818, -867.664, -398.557
2.54782, 430.914, -50.1681
2.82267, 243.557, 523.239
4.96742, 381.256, 222.192
5.40914, 528.14, 974.213
4.03373, -946.164, 544.324
4.57091, 901.999, -68.4998
4.33401, -576.265, -686.566
3.42687, 180.169, 666.858
2.76788, 642.446, 179.389
4.47222, 539.272, -65.1132
3.98388, -347.407, -132.504
5.05388, -395.737, 819.484
3.75392, -702.371, 229.489
5.01589, 960.098, 886.553
2.51168, -7.60032, 785.196
7.01807, 992.394, -447.601
2.79181, -907.003, -945.511
5.17506, -683.708, 806.038
3.95754, -375.781, 873.573
7.3023, -806.066, -270.218
4.73406, 321.116, -109.004
5.08479, 891.586, 168.313
5.93861, -252.22, 29.178
2.72187, -160.494, 74.5992
7.2946, -796.678, 605.809
5.70852, 369.308, 157.688
2.80215, 626.665, -778.376
3.33964, 50.5103, 267.711
5.76491, 487.659, -246.275
6.19864, -769.142, 336.234
3.57011, 855.191, 204.452
4.31441, 155.81, -869.223
6.56981, -647.698, 932.737
5.32057, 807.777, -470.364
7.45886, -42.9661, -890.343
6.5669, -763.437, 395.144
3.49157, -990.818, -22.6329
2.50003, -149.378, -841.522
4.62608, 941.782, -780.213
4.07406, 843.236, 200.409
5.56218, 606.277, -931.434
3.83351, -192.608, -542.349
4.39881, -594.618, -62.1668
5.43397, 958.093, 300.652
5.95636, -141.062, -510.712
7.26736, -457.063, -570.313
4.89785, -293.079, -951.382
3.60319, 378.353, -726.525
5.33741, -722.062, -449.324
6.09873, 428.451, 362.985
4.4953, -495.144, 554.212
3.48326, -692.3, 983.178
6.66971, -671.64, -760.043
5.59561, -446.959, -873.959
7.26866, -290.648, 177.636
3.23222, -14.2602, -274.639
5.38953, 38.684, -458.497
7.26796, -392.786, 716.915
3.62331, 721.902, -986.476
7.25137, -494.85, 798.789
3.07874, 788.423, -510.836
2.58372, 30.1828, -257.646
3.90465, -357.999, -167.149
7.15042, 639.354, 172.379
3.04796, 750.914, 872.901
6.77266, 28.2305, 825.331
5.68532, -724.77, -730.793
5.63853, 404.964, -706.872
3.80589, 723.15, 743.428
5.13936, -950.996, 216.597
7.16608, -276.887, 902.702
3.98055, 921.434, 104.724
4.78006, 157.183, 451.078
6.35659, -656.212, -612.399
4.17193, 105.884, 120.87
6.31775, -39.695, -937.297
6.65892, -30.2806, 941.628
2.64618, -724.895, 567.606
4.31315, 714.007, -266.928
4.16221, 286.543, 461.158
3.17675, -516.985, -299.097
3.00839, -305.644, 623.134
5.11327, -608.781, 812.188
3.52046, 30.6502, -532.269
5.00728, -870.633, -625.983
5.1371, -0.678438, 961.264
4.13422, -266.435, -292.791
4.75888, 226.719, -442.63
6.85263, -7.08775, 978.621
4.72884, 643.113, 864.627
6.03726, -458.245, -915.262
6.83171, 911.43, -698.654
6.5822, 866.087, 217.941
2.67504, 891.284, 838.625
3.8644, -651.623, -237.524
5.21858, -421.99, -430.514
3.19942, -981.654, -546.96
5.57408, -776.535, -937.081
3.29182, -683.597, -604.708
4.41129, 99.6824, 220.662
5.94997, -94.5671, 189.046
3.21128, -390.918, 462.614
5.65284, -784.57, 791.456
3.15973, 196.827, 935.696
7.13583, -741.02, 253.016
5.53465, -937.925, 784.253
5.50388, -922.285, 374.88
3.33635, 590.031, -531.222
3.301, -866.093, -399.442
5.91628, 620.896, -28.7893
5.1456, -710.703, -12.7828
3.65264, -135.916, 804.433
6.55373, -502.44, -57.4034
5.76477, -419.575, -559.421
4.08597, -562.195, -588.913
2.53953, -261.644, -813.849
3.49176, 731.638, 733.6
3.78831, -7.35293, 381.375
3.03825, 886.555, 38.5465
3.49545, 130.305, -431.771
6.75079, 803.754, -771.075
6.63912, -979.163, 209.277
6.76813, -960.842, -554.972
5.71027, 287.534, 778.39
3.6787, 718.207, -981.314
6.80638, -502.709, -807.107
5.4745, 36.1956, -104.271
2.52745, 505.772, -32.6651
6.84925, -667.03, -472.203
7.37729, 648.062, 104.872
5.59653, 377.607, 14.5807
3.85574, -937.295, 383.792
7.46973, -160.876, -631.247
4.60751, -721.072, -527.895
4.20537, -793.73, -614.517
4.80717, 370.595, -134.316
4.44822, 263.218, -380.649
4.613, -48.3832, 514.952
2.84879, 131.098, 288.991
5.5153, -59.8653, -132.033
7.36114, -49.7597, 229.479
5.07406, -697.045, -533.397
7.45461, 952.455, -137.389
5.84906, 630.701, -139.746
4.01716, -605.244, 69.772
3.47371, 872.428, 569.906
4.0109, -711.255, -934.158
4.93946, -335.527, 460.548
4.72438, 533.041, 987.176
5.7844, 320.794, -938.067
3.74227, -776.191, -666.148
4.72007, 54.5789, 554.969
5.75894, -692.177, 50.501
6.67472, -714.908, 190.381
6.03698, 193.699, 812.867
4.93928, -868.959, -606.175
6.72039, 399.024, -237.399
7.00296, -506.392, -187.675
6.33082, -652.189, -524.212
5.29453, 630.031, 850.501
2.70603, -11.8479, 80.5494
5.46749, 563.265, 66.2251
2.68674, -676.124, 821.203
4.53488, 25.9982, 436.929
2.84243, -973.572, -880.654
7.38558, -774.51, -882.414
2.5956, -515.325, -235.286
6.60363, -155.63, -266.008
5.2195, -385.939, 869.485
5.72828, 789.895, -332.827
3.62934, -260.657, 49.9146
2.733, 831.137, -697.685
3.63154, 212.304, -554.182
4.58371, -633.624, 134.768
6.40126, 265.234, -630.436
3.72852, -923.017, 379.739
4.81411, 654.547, 92.4034
6.14756, 928.065, 290.474
5.35237, -330.863, 814.289
5.45997, 933.855, 913.878
4.98425, -939.425, 280.288
3.951, 486.234, 112.626
4.71107, -9.06161, -229.701
2.53669, 852.967, -396.61
7.41683, 494.731, -357.869
2.52822, -806.757, -151.948
4.8676, -111.682, 738.894
5.86497, -311.143, -122.468
