6.27803, -736.079, -994.131
3.5948, 61.6313, -86.6167
5.89648, 359.901, -903.29
5.09708, -235.322, 875.714
2.76731, -933.13, 657.283
2.53849, 331.853, 54.9216
4.58743, -858.415, -232.325
7.15218, 178.467, 375.581
2.95982, 51.5102, 692.012
6.00595, -160.236, 318.327
3.81226, 527.623, 817.576
4.14117, 471.71, -901.717
7.45519, 510.125, 261.538
7.41275, -506.515, -270.746
5.75759, 504.287, 443.551
6.92354, 262.495, -851.033
6.33247, -121.367, -450.626
3.87453, -516.337, -49.2136
4.93259, -674.932, -303.861
2.80282, 820.609, 789.755
5.08146, 7.71653, 804.529
4.96988, 968.6, -362.876
7.23882, -815.023, -468.639
4.42071, -11.3298, -838.801
5.14874, 824.316, -448.474
2.75042, 876.719, -64.9286
6.63909, 542.147, 537.519
5.94228, -961.583, -746.375
6.18112, 258.923, 735.153
6.94286, 989.131, 450.164
4.25508, -382.082, -534.827
6.72991, 182.454, 26.0812
3.84659, 663.523, -162.286
4.83959, 73.4652, -176.687
3.2686, -644.618, -430.154
2.66527, 611.163, 142.078
7.2768, -6.06235, 72.7503
6.95369, 110.035, 494.116
3.29884, 679.84, 247.557
3.15214, 428.789, -572.708
2.515, -452.052, -816.23
6.0491, -952.191, -176.53
3.40448, -513.448, 870.126
5.76029, 772.445, -361.879
4.42907, 365.195, -698.454
3.23766, -5.80152, -228.579
5.45054, 682.839, 172.437
3.24076, 119.875, 909.408
3.2091, -181.509, 962.923
4.94257, -493.122, 127.545
3.13015, 904.487, -70.7948
5.64635, -358.525, -597.277
5.60817, 300.784, -742.968
4.88216, -500.177, 602.562
2.64188, -575.749, -245.237
3.21011, -139.853, 801.468
3.15594, -180.805, 890.656
3.31099, -822.889, 757.104
3.76529, -268.262, -853.024
4.77654, 574.877, -735.023
6.54472, -94.475, -299.901
3.57624, 302.446, 858.725
3.75063, 817.053, 361.322
5.02978, -58.1484, 720.543
6.27922, 634.835, 187.816
5.66369, 908.978, -69.1286
5.9449, 638.303, -128.071
7.27207, 970.022, 408.711
5.18713, -424.357, 712.366
4.57014, -788.215, 28.7528
4.70019, 751.349, 155.537
6.07821, 736.29, 458.616
6.20858, 409.017, 598.025
5.12494, 770.657, -959.55
6.06711, -865.805, -74.2414
5.91025, 334.171, -21.6602
6.82941, 831.807, -598.965
3.19597, 85.2687, 775.402
3.57766, 971.409, -100.929
5.0733, -364.809, -111.359
4.83766, -118.59, 752.541
3.55759, -267.276, 611.644
5.65244, -691.359, 984.033
2.5044, -975.491, 209.999
4.09589, 452.798, 544.376
5.90281, 363.29, -155.752
6.0446, 670.638, -587.246
2.90869, -808.615, 654.897
3.56926, 265.555, 532.293
4.44412, -834.53, -571.356
4.44927, 900.388, 902.977
3.92018, 382.68, -461.004
4.6123, 564.821, 551.147
2.55658, -616.388, -434.604
3.72027, 936.62, -615.752
4.49072, -720.957, 647.857
6.64177, -647.631, 201.332
3.78584, 972.748, -687.178
3.59705, -806.29, -537.509
6.47385, 389.985, 268.729
5.8476, 502.708, 391.647
5.49108, -889.728, 283.025
5.99917, -363.774, -542.447
5.13062, 526.799, -761.411
4.14833, 188.118, 100.561
3.30844, -714.705, 402.848
6.56633, 718.15, -28.2539
4.08004, 478.724, 115.516
4.05369, 54.4014, -731.888
4.65424, 35.1438, 169.226
4.46509, -247.451, -477.202
4.43916, -49.9174, -115.287
4.34871, -837.925, -443.284
5.88118, 343.054, -493.527
6.10384, 452.905, 28.1446
7.20082, -69.8154, 893.283
5.08573, -79.4847, -357.675
5.5282, -193.895, 323.066
5.85049, -693.054, 980.666
5.11404, 80.8431, -308.65
3.87105, -956.127, 645.49
7.08924, 94.6513, 285.086
3.73367, 934.541, -462.737
4.77876, 384.521, 683.521
3.30374, -953.975, 645.047
4.68319, 413.175, 409.171
7.45767, 497.801, 169.409
6.26931, -439.087, 390.901
4.97846, -985.583, -655.413
7.01651, -656.767, -838.325
4.68213, 492.483, 561.686
5.09239, 168.302, -982.23
4.44866, 88.2253, -861.319
5.63431, -223.465, -568.04
5.19331, 414.963, 318.157
4.35955, 632.46, -438.335
2.54674, -369.013, 364.983
6.3794, 40.9996, -788.396
2.85317, -887.001, -560.949
3.98511, 444.937, -679.647
4.78581, -46.099, -887.393
3.25156, -94.5763, 40.5186
5.97819, 670.883, -432.512
4.15587, 364.194, 154.73
5.21197, 970.474, -880.738
2.64678, 722.592, -982.499
5.38086, -24.6295, -235.345
5.18133, 366.912, 473.823
7.36678, -758.001, -924.657
5.57063, -298.041, -619.22
5.26431, -745.633, 210.114
6.69051, -270.606, 906.903
3.75764, -487.81, 935.38
6.98957, 623.363, -143.437
5.97428, 509.2, -500.76
5.82752, -473.122, -95.3733
3.06838, -579.449, -770.618
3.37987, -981.049, 94.917
2.91253, -136.204, 194.88
6.68103, -246.72, 371.292
2.64818, 942.391, -769.113
6.34719, -1.03803, -851.181
4.29829, -503.726, 865.823
6.24626, 3.24367, 534.227
6.28385, 362.895, 340.759
3.60834, -537.652, -922.575
5.58305, 305.047, 127.91
3.66846, -549.577, -252.655
6.22052, -669.53, 303.323
5.80997, -910.051, -685.634
4.9209, 906.01, -746.101
2.58972, 828.128, 238.229
4.98291, 447.062, 199.68
5.09587, -110.627, -886.379
4.71395, -872.951, 530.483
4.14528, -61.22, 948.415
3.52671, 484.785, -107.112
7.19863, -249.642, -651.653
2.85168, -494.006, 928.049
3.30042, 51.5968, -746.102
6.70788, -785.324, 34.1955
4.13614, -163.572, -276.354
6.85942, 159.097, 427.667
5.99896, 671.101, 515.855
5.52801, 868.884, -220.08
4.77536, 79.704, -265.96
2.91543, -517.289, -180.221
3.94883, -55.3058, -146.885
6.51009, -571.525, -786.253
6.81821, 336.149, 59.255
3.81831, 421.092, -510.833
4.79881, -835.748, -236.059
4.95672, 610.571, -525.775
5.82344, -467.199, -988.562
7.31738, -627.052, -154.865
7.23022, 580.662, -735.539
2.81902, 221.316, -655.595
5.04829, -411.84, -305.934
6.13222, 668.168, 660.51
5.65882, 600.138, -338.769
3.26658, -914.952, -908.531
5.09652, -866.183, 540.177
3.52281, -556.131, 854.264
6.03231, 400.138, -820.677
6.05786, -474.076, -16.058
3.66304, -570.843, -232.586
6.80594, -58.9923, -131.125
2.67122, -109.15, 949.585
6.26587, -935.46, 52.8507
4.14789, 642.867, 165.092
4.65309, 70.9826, -533.247
7.33455, 967.028, -193.906
4.05803, 732.521, 694.216
5.69762, 986.396, -700.351
5.95386, 868.814, -61.4232
5.36403, 78.5924, 628.288
6.60667, 892.152, -684.229
4.21807, -899.493, -677.794
5.09387, -810.591, -774.413
6.78438, 122.354, -950.351
6.18587, 344.921, 42.4154
3.45992, -941.206, 385.256
2.83145, -308.102, 340.136
3.60828, 843.824, -716.914
3.33656, 170.073, -233.998
6.31172, 381.725, -931.197
5.44905, -843.006, 423.64
4.65223, 859.943, 853.922
7.09618, 660.042, 12.1859
5.09668, 444.123, 187.579
7.38058, -679.056, -21.8
5.15714, -452.897, 146.686
2.98716, 334.231, 391.919
5.83983, 217.562, 98.8721
5.44444, 139.361, -26.2052
5.01137, -697.625, -113.899
2.75808, -931.562, 459.139
2.6753, -348.076, 31.1523
4.41484, -786.434, -514.119
5.55555, 184.207, 102.027
5.06574, 545.018, 868.181
5.98498, 303.055, -26.3187
4.89891, -24.8941, -185.666
3.88323, 68.2779, 422.036
6.01685, -439.058, 209.001
3.67701, 874.564, 57.4437
6.41501, 185.817, -176.884
6.60589, 360.203, 836.149
3.21842, -534.728, 53.0707
5.75757, -487.728, 810.8
3.87677, 869.275, -985.344
7.26215, -427.616, 715.818
4.58238, -751.262, 14.1344
3.03869, -126.598, 402.954
4.70633, -797.904, 531.419
6.28811, -420.957, -302.209
2.77803, -338.64, -319.394
3.51241, -27.6608, 144.482
6.82305, 940.621, -775.588
6.52456, -265.622, -10.9104
2.78861, -679.024, -672.509
4.40304, -64.4514, -701.478
4.56124, -145.193, 764.589
2.80071, -381.17, 302.487
7.09746, 806.251, 648.681
3.35398, 537.443, 804.622
6.51634, -930.825, 156.309
3.88599, 724.229, 46.444
4.44586, 172.552, 738.131
7.19936, 53.4646, 623.566
6.24573, 161.355, -165.29
3.44774, -325.301, 759.485
6.89581, 435.745, 484.866
6.8953, 417.282, -849.713
3.30515, -804.821, -265.195
5.87346, -803.862, -166.076
6.89096, 627.963, 126.821
6.98262, 256.037, 524.536
3.06535, -24.8136, 754.214
5.93789, -234.353, -255.63
3.21651, -837.44, -765.64
3.6901, 413.882, -44.6114
5.64383, 946.103, -218.124
4.312, 816.64, 364.123
4.64437, 588.417, 717.53
4.91936, -10.8104, -839.502
6.20379, -3.85365, -108.902
3.23098, -389.095, 868.337
7.36238, -832.425, -771.321
7.3158, -513.113, -192.469
3.14741, -600.82, 664.626
5.3784, -318.726, -606.736
4.66439, 170.264, -123.476
5.50066, -238.167, -255.319
5.85098, -697.862, -130.445
4.5137, 396.588, 987.241
6.46691, 640.293, 694.126
4.89889, -975.647, -250.538
5.72449, 297.883, 276.372
4.28836, -246.566, 599.509
5.96794, -330.259, -220.689
5.83428, -416.969, -703.665
3.22071, -379.865, 711.843
7.10415, -981.222, 222.01
4.22228, 31.786, -235.815
6.66824, -414.961, -469.669
2.74349, 270.974, -746.892
3.27936, -250.247, -63.1601
2.55765, 331.15, 508.443
3.94327, 120.797, 588.595
5.07295, -345.994, -173.053
3.65948, 682.41, 437.572
2.75022, -244.541, -71.65
5.33091, -595.789, -845.366
6.69774, -152.202, 674.16
4.28763, -649.706, -431.176
4.3452, 164.642, 870.761
7.22226, 256.357, -73.2625
4.72425, -910.404, -179.984
6.82086, 493.889, 185.325
5.82654, -788.671, -735.862
5.79297, 165.327, 665.145
7.10736, -959.566, 961.448
5.11536, 952.121, -620.134
5.45229, 439.109, -441.987
5.79944, 667.88, 663.526
4.24765, 282.409, 461.462
4.11714, 344.614, 48.0563
7.08984, -105.715, 738.245
3.08619, 903.895, -445.783
7.31268, 673.911, -170.059
5.17978, 50.7498, -330.074
5.81447, 853.186, 634.126
5.48362, 900.273, -502.089
6.93363, -506.245, -745.126
6.67999, -665.586, -606.936
6.69339, 246.829, 203.038
6.85642, -213.105, 339.409
2.5002, -769.803, 341.144
4.77274, 258.951, 350.046
4.25696, -932.426, 152.893
5.80713, -257.775, 708.427
6.22234, -878.02, 152.862
3.3821, -126.114, -456.116
7.4621, 794.52, -811.923
5.95466, -931.583, 170.232
6.97862, 143.463, -12.5771
3.51579, 369.482, -134.086
7.2356, -457.915, -36.2347
4.88476, 881.863, -505.546
6.78578, 920.348, -747.636
6.41237, -978.366, -554.001
5.70687, 907.72, -909.201
3.14521, -723.714, 148.761
5.77944, 4.446, 650.177
3.09199, 53.2617, 9.0244
3.88793, 334.575, 803.231
6.65548, -223.101, -227.243
6.14153, -751.48, -513.145
6.74348, -598.089, 295.672
3.43989, -778.28, -937.148
6.09602, 557.651, -279.669
4.25586, 158.997, 332.264
3.34555, -416.01, -689.867
4.52383, 335.487, -545.985
4.20924, 159.346, 769.851
6.67141, 389.533, -125.784
3.9111, 697.915, 584.244
5.16766, -661.72, -471.022
6.25085, 991.897, -852.254
4.62554, -691.762, -761.21
4.66964, -567.758, 547.946
3.03022, 857.275, -931.513
6.4639, -40.3445, -465.659
3.91232, -574.114, -482.69
7.14264, -584.855, -236.132
5.37926, 249.598, 510.646
3.4895, 819.235, -290.624
5.99081, 573.433, -750.272
3.07265, 494.998, -957.468
4.22945, 304.646, 786.068
4.15646, -587.709, -234.796
6.42735, 828.188, -960.716
6.65775, 459.357, -212.637
4.21712, -739.331, 754.653
4.2603, -273.421, 891.713
6.38197, 151.053, -823.691
6.58658, -12.2254, 687.784
4.26157, -130.997, 283.355
7.09559, -425.158, -301.277
3.2877, 492.987, 254.558
5.56029, -484.815, 565.792
5.54222, -379.857, 711.9
3.16647, -251.501, -744.439
3.51409, -744.481, -478.61
4.79457, -856.186, 501.337
3.48759, -524.846, 932.158
6.77118, -847.908, 381.639
6.54562, -759.673, -691.457
2.80131, -905.539, 884.786
6.50584, -719.494, 650.762
5.49597, -196.243, -542.724
7.43182, -889.965, 305.693
2.65919, -160.726, 642.652
6.8356, 942.032, -763.46
3.69109, 667.465, 348.366
3.6127, 172.93, 430.081
4.73907, -982.922, -552.163
2.61231, 863.871, -180.305
6.79755, -260.306, 13.3585
4.15902, 213.419, 589.288
5.72195, 305.307, 252.138
7.43521, -943.881, -483.525
5.30162, 284.559, -583.289
4.74553, -757.724, -246.302
5.213, 165.662, -725.132
2.90797, 773.075, -32.8479
3.99606, -817.81, -270.961
6.63964, 820.647, 676.331
6.48936, 624.92, 935.179
5.71048, -103.584, 679.874
4.84105, 630.199, 385.53
7.15326, -199.035, -608.485
5.08798, -245.065, -74.2174
7.42924, 797.451, -537.304
5.94567, -79.5841, -721.494
6.19966, -180.458, -451.742
3.46323, -392.787, -932.892
6.08881, -453.582, 623.062
6.11146, 569.947, -180.032
6.49298, 266.876, 153.601
4.23216, 255.145, -995.006
5.1481, -15.9945, -61.6462
3.19001, 716.023, -359.668
6.73218, -224.477, -210.653
6.32766, -83.0057, -883.152
7.5, 923.287, -419.847
4.24891, 482.737, 990.062
5.50367, -600.271, 589.541
3.50808, -495.869, 83.4477
6.2385, 29.3741, 153.769
6.49225, 974.221, 216.396
3.03505, -705.554, 109.095
5.35813, -507.057, 47.1481
2.84683, 360.336, -336.759
4.16036, 744.577, 689.761
5.80945, 485.912, -707.366
5.27726, 171.019, -190.617
7.12415, 228.884, -11.6741
2.69832, -484.852, 225.712
2.62083, -310.616, 239.228
4.61923, 216.591, -655.977
4.36987, 460.966, 135.366
2.93303, -232.773, -244.653
3.05403, -157.177, 171.712
5.31992, 366.847, -346.886
7.37269, 59.8162, 741.205
3.05066, -44.7313, -891.009
5.99352, 99.0683, 979.115
2.79674, -50.6205, -740.803
4.69755, 835.098, -107.205
5.24651, 990.67, 715.388
3.45129, 690.521, -749.429
7.36597, 315.059, 326.233
3.19593, -679.674, -59.7616
5.48978, 936.883, -431.896
7.12812, -872.019, 703.938
3.91116, -80.8128, 884.49
6.8307, -142.583, -83.7114
6.29598, -225.919, -599.278
6.10793, 360.381, 615.833
3.34241, -375.367, 369.333
3.32882, 833.01, 372.638
3.39076, -647.408, -987.909
5.87226, 334.711, -601.006
4.83484, -353.373, 39.4591
6.85219, -809.817, -358.01
5.76023, -696.396, -117.322
5.80464, 760.534, 878.714
2.58037, -665.278, -605.772
4.30596, -777.919, -669.34
3.72747, 922.883, 116.626
6.93086, -935.562, -948.506
5.23701, 823.535, 774.888
6.57209, -26.8294, -647.474
5.24453, 176.864, 865.309
4.16156, 506.057, -55.1062
4.40213, 23.1997, -654.458
2.52389, 930.151, 653.51
6.95226, -90.2859, -397.412
6.16955, -496.046, 685.07
6.04239, -153.625, 659.841
5.1278, 57.1987, -186.003
6.41065, -190.344, -813.624
3.42484, -387.026, -470.468
5.72673, 244.12, 520.419
3.42178, -687.67, -341.116
3.31214, 62.1003, -93.3236
2.65594, -181.981, 849.571
7.42716, 130.604, -665.879
4.04559, -330.951, -715.559
4.11075, -674.721, -288.33
5.51155, 283.285, -236.408
2.89107, -329.249, -921.271
3.93936, -20.3305, 90.4669
5.79307, -127.275, -490.282
7.36348, -990.349, -349.287
7.27758, -363.106, -794.645
7.42745, -671.916, -293.485
7.30478, -911.874, -760.648
3.0073, -558.238, 566.164
3.71505, -124.181, -493.497
6.91151, 99.5851, -432.157
5.28805, 340.271, 698.781
6.7669, 801.949, 516.298
7.49145, -536.864, 526.276
3.99751, -255.817, -481.453
6.33157, 973.498, 485.008
4.81901, 285.273, -144.374
6.8168, -636.331, -791.459
6.99018, 859.468, 3.37318
7.377, 257.612, -415.655
2.77405, 657.445, 85.6822
6.32605, 943.61, -617.209
5.09219, -932.21, 739.026
3.46574, 921.461, -233.553
6.98252, 197.521, -543.761
6.38492, -833.95, 97.1077
2.75968, 415.138, 540.525
7.47331, -851.869, 764.1
5.93659, -5.16781, -458.261
5.94854, 887.077, 496.678
6.57666, -657.032, 816.708
7.05426, -37.0924, -438.819
3.34218, -201.387, 402.35
5.24183, -580.548, 803.258
6.53351, -487.792, -252.625
4.17803, 327.058, -539.393
5.53435, -106.116, 31.5636
6.59602, -949.252, 333.965
7.3485, 81.7954, -246.914
6.29349, 583.123, 493.534
3.72113, -179.081, -92.2821
5.80589, -572.042, 402.571
4.21574, -449.033, -187.43
7.27146, 375.272, -395.593
2.60828, 802.76, 555.176
4.54979, -891.343, 945.213
2.55789, 586.075, -671.26
3.04964, 835.399, 195.927
5.28259, -844.745, 93.7089
4.45466, -19.1285, -238.906
7.20539, 117.635, -182.758
2.55572, 179.342, 392.713
6.22897, -221.534, -436.83
3.84293, 110.88, 124.31
4.27153, -668.608, -757.862
3.45835, -459.676, 618.707
5.14832, 295.329, -168.641
4.39478, -56.6409, -856.506
3.16407, -11.9542, -803.38
4.26563, -127.274, -563.149
4.2497, 783.434, 983.908
7.41084, 606.949, -126.137
5.25961, 151.435, -374.62
4.99918, 14.0793, -715.091
3.58531, -834.443, 455.062
4.37311, -235.551, -649.105
6.78251, -665.853, -471.629
6.45578, 793.695, -514.863
3.9204, -495.018, 928.256
5.07645, 437.067, 101.793
6.79238, -291.118, -22.9477
7.07844, -939.146, -172.804
7.48941, 135.504, 914.05
6.53177, 173.053, -192.465
5.22718, -897.717, -184.425
7.3461, 150.655, -734.445
5.31931, -584.861, 362.618
4.03031, -417.645, 658.571
5.41853, 963.627, 950.329
2.91197, 50.9005, -329.962
5.47382, 353.77, 618.984
3.31968, -598.083, -591.566
6.46527, -609.43, -437.24
2.95373, 579.734, 737.655
6.3072, -504.83, -679.582
6.83996, -223.879, 30.6473
6.40105, 190.35, -334.299
6.61399, 908.508, 966.873
6.70974, 372.241, 552.546
4.48328, 525.787, 256.767
6.508, -160.765, 167.637
6.56811, 379.882, -43.7649
5.43493, -409.36, 100.644
4.64621, 794.792, -49.0078
2.5002, -61.4172, -477.613
5.31153, -814.387, 317.229
6.22632, 337.08, 352.253
3.89846, 966.491, 289.715
2.93406, -984.274, 564.602
3.5733, 853.41, -879.958
3.93296, -489.921, 565.623
4.86595, -405.055, 474.137
6.95893, 844.533, 819.793
5.91955, 514.886, -504.936
3.54376, -48.8783, -68.1046
6.67533, 793.034, 11.244
7.09218, 930.524, 918.64
4.48244, -475.591, -699.896
6.37858, 541.362, 527.354
5.68161, -159.835, -89.9469
6.64746, 483.048, 289.522
3.40204, 555.54, -464.591
7.45927, 579.448, -762.83
6.70558, -153.414, -845.386
4.65177, 887.165, 265.045
4.38589, 596.383, 887.98
2.70802, 653.566, -505.019
6.80715, -800.449, -532.632
6.62116, 916.048, -898.817
6.25052, 13.174, 731.067
3.55801, -165.319, 990.365
4.31029, -781.53, -191.868
4.43545, -590.321, -799.737
7.32918, 795.551, 636.354
6.5872, -166.814, 633.049
4.5755, -81.7129, 448.707
5.83759, 204.503, 182.117
2.52101, 476.223, 976.492
6.98048, -737.551, 247.528
3.68416, -343.649, 354.816
3.79415, 355.981, -93.5466
5.4939, 407.747, -710.786
6.89823, -836.667, 370.462
6.16299, -562.73, -589.104
6.0773, 910.496, 570.111
3.57724, -607.163, 481.178
6.30413, 678.96, -956.927
3.85351, -161.613, -557.895
2.75246, 664.894, 336.885
4.78866, 270.534, 245.826
2.58759, 447.626, -777.143
3.01129, 71.8001, -171.635
2.639, -131.366, 285.104
5.65921, -341.681, -516.41
6.34425, 85.4526, -249.008
2.74132, 525.828, -839.03
6.6924, -56.3066, -630.577
6.76899, -262.811, -317.455
6.57649, -447.096, 574.794
6.85188, 794.33, 404.532
5.27222, -631.485, -168.597
6.12646, -293.718, 57.0522
3.20424, -525.135, 926.2
6.6115, 595.903, -527.388
5.51185, 731.747, -196.725
4.93856, 507.57, -918.798
6.14942, -287.313, 948.847
4.05164, 757.411, -668.508
3.93925, -699.489, 352.845
5.45857, -950.485, 807.808
5.34055, 653.585, 881.932
5.41059, -934.208, -574.982
2.84132, -688.874, 283.147
4.34304, 148.946, -390.803
6.28475, -929.954, -576.15
6.35297, -449.641, -866.567
4.27217, -393.869, -253.292
5.98913, 241.333, 930.491
5.08005, -668.022, -296.926
5.94494, 389.731, 133.129
6.18066, -81.9724, 616.206
2.56231, -342.704, -673.76
7.16549, 614.644, -123.259
5.37826, 132.723, 125.837
3.05587, 462.427, 973.769
4.87388, -105, 32.8488
3.24247, 182.846, 102.603
4.22594, 51.0065, 448.098
7.04476, -931.915, 183.363
4.54571, 14.4704, 518.32
5.96642, -680.167, -74.4664
3.35865, 380.043, -942.589
6.21715, 889.946, -507.998
4.16319, -425.026, 643.185
4.62157, 665.177, 312.001
2.79523, -137.571, -112.56
5.09005, 286.469, -232.508
5.94425, 473.349, -580.552
5.01149, -250.284, 14.1242
6.56617, -169.483, -750.183
3.07974, 82.5654, -937.045
5.24841, 271.465, 464.841
5.06046, 409.189, 21.0506
6.02649, 958.302, 441.187
5.65083, -238.566, 884.943
4.0207, -26.555, -638.963
6.74719, 399.748, 370.012
3.39619, 604.266, -21.6845
2.61737, -529.121, -100.162
4.19467, 735.915, 52.2265
3.43818, 353.49, -89.3818
6.60467, -287.882, 184.496
6.72507, -895.198, -160.172
6.78031, 847.493, -719.495
7.37454, -954.328, 641.468
2.99587, 468.093, -447.9
2.56182, 564.627, 655.605
2.58614, 221.348, 582.25
2.64527, 250.669, 95.9096
4.1031, 151.122, -388.77
6.17815, 626.681, 301.908
3.14876, 355.001, 477.035
2.5161, -368.474, 506.167
6.91905, 139.453, -790.149
3.70482, 230.422, -572.559
4.38481, -817.618, 765.328
4.44879, 613.657, 184.572
2.81534, 596.288, 294.39
7.30792, 183.663, 954.554
3.75349, 725.973, -339.178
6.85376, -677.253, -66.7328
2.85991, -917.042, 424.864
2.70653, -620.828, 573.561
3.46378, 360.127, -522.961
3.86708, -309.804, 302.905
7.4007, -951.862, -365.202
3.60607, 322.678, -532.434
6.43119, -875.101, 854.959
4.42306, 299.565, -421.397
3.78593, 478.857, -636.38
3.91087, -943.19, 63.6009
7.33834, 867.295, -36.1523
4.22841, 765.505, 170.591
3.45922, -981.405, 737.078
5.05037, -547.931, -376.84
5.21857, -556.807, 633.181
5.72333, -642.466, -614.913
3.89738, -11.4031, 791.817
3.41887, -296.734, -717.922
2.71579, -837.905, 373.515
3.98408, -500.839, -262.842
4.25548, -231.378, 140.16
7.09372, -422.451, 719.848
5.81225, 506.8, -362.787
5.08041, 865.917, 584.339
4.03763, 614.191, 586.439
3.0007, -351.715, 154.567
3.47502, 379.373, -880.309
4.11407, 31.1533, -130.583
5.56182, 961.421, 86.9027
5.13511, 959.772, -982.511
3.45653, 259.572, 283.641
4.7178, -637.78, -421.925
4.48693, -707.693, 852.546
6.28051, -606.101, 744.743
6.6213, 736.172, 602.593
5.51573, 142.171, -345.356
3.04573, 608.704, -826.994
4.11797, 486.126, -165.31
5.03403, 9.06555, 318.01
4.76521, -648.337, 801.141
4.77315, -180.103, -455.025
4.91125, 919.803, 912.99
5.07896, 368.906, -650.985
4.50207, 203.024, 823.342
4.22945, 966.562, 483.581
6.64533, 932.002, -241.083
3.02204, -731.047, -796.34
6.40057, 584.265, 566.331
3.19919, -297.324, -239.075
2.62171, -794.608, -520.097
6.0664, 406.323, -752.298
7.15538, 148.535, -825.449
7.47667, 184.543, 174.262
3.86264, -874.247, 152.879
3.6923, -474.73, -257.195
3.87328, 960.683, 619.338
5.70836, -907.255, -730.385
5.17637, 310.018, 154
6.8967, 832.663, -296.059
6.75968, -670.592, -834.582
2.98004, 905.087, -38.9098
4.66818, -746.255, 206.191
3.17045, -204.097, -755.999
5.86802, -168.375, 308.652
5.34964, -54.0145, -474.916
3.66474, -621.454, 566.977
5.50306, 265.981, -688.078
2.6551, -801.303, -27.4532
7.08512, 567.703, -310.974
3.82958, 860.953, -174.312
6.50016, -183.648, -510.05
5.46389, 167.597, -717.94
5.0822, 348.498, 626.698
5.2567, 321.938, 641.339
3.47225, 503.828, -234.295
5.36152, 124.551, -742.022
3.81992, 212.228, 401.845
4.41648, -765.763, 539.198
2.73626, -756.475, -897.498
4.22823, 587.709, -672.277
3.61594, 668.959, -430.935
3.81264, 17.9146, -734.18
3.05141, -429.188, -403.4
7.40088, -704.991, 18.6587
5.93794, 797.894, 633.136
5.82158, -547.654, -379.809
5.99501, -601.052, -672.224
2.68746, -836.204, -772.611
3.6706, -629.704, -745.885
3.95397, 721.357, 693.535
3.50543, -35.1908, -255.514
2.7177, 369.96, 336.463
2.56571, -525.303, 519.169
6.07297, -526.166, 765.361
6.88348, -868.24, -627.623
5.35088, -886.021, 269.726
6.92743, 864.911, 866.465
5.20042, -356.992, -279.42
3.31357, 929.356, -646.073
3.30492, 959.752, 441.164
7.19182, 316.54, 286.598
3.45628, 552.763, -850.222
3.15761, 0.927042, -98.7993
4.41122, -310.97, -6.51288
6.12674, 258.407, -262.663
2.50651, 545.895, 867.171
4.60222, 25.8482, 736.692
5.18984, 304.777, -214.355
4.86596, -238.282, 246.663
6.33003, 540.119, 874.911
2.9396, 555.955, -463.097
7.04284, 135.674, 323.09
3.20818, -870.158, -397.658
2.54782, 432.032, -50.5025
2.82267, 241.313, 524.862
4.96742, 381.378, 222.25
5.40914, 528.665, 975.39
4.03373, -946.707, 544.433
4.57091, 903.978, -70.0364
4.33401, -575.903, -687.072
3.42687, 181.293, 667.303
2.76788, 644.412, 176.482
4.47222, 539.72, -65.1872
3.98388, -347.517, -132.42
5.05388, -395.856, 819.756
3.75392, -701.851, 229.661
5.01589, 961.117, 886.247
2.51168, -8.7839, 787.097
7.01807, 993.329, -447.723
2.79181, -906.795, -946.083
5.17506, -684.734, 805.784
3.95754, -376.214, 874.02
7.3023, -807.279, -271.791
4.73406, 320.828, -109.05
5.08479, 892.262, 168.187
5.93861, -252.909, 27.9762
2.72187, -160.524, 74.9009
7.2946, -796.989, 606.03
5.70852, 368.463, 157.499
2.80215, 627.406, -778.92
3.33964, 50.1191, 267.805
5.76491, 487.625, -246.929
6.19864, -769.078, 335.932
3.57011, 856.249, 203.717
4.31441, 156.114, -870.31
6.56981, -647.784, 933.162
5.32057, 807.772, -470.423
7.45886, -41.4447, -892.891
6.5669, -763.482, 395.631
3.49157, -991.465, -22.713
2.50003, -152.104, -844.083
4.62608, 942.383, -780.87
4.07406, 841.897, 199.973
5.56218, 606.402, -931.922
3.83351, -195.315, -542.902
4.39881, -594.709, -61.968
5.43397, 959.324, 300.478
5.95636, -141.178, -511.697
7.26736, -457.517, -570.626
4.89785, -293.035, -952.048
3.60319, 377.854, -727.355
5.33741, -722.613, -448.873
6.09873, 429.404, 363.234
4.4953, -495.151, 554.913
3.48326, -693.414, 987.484
6.66971, -673.339, -759.549
5.59561, -446.919, -874.311
7.26866, -291.635, 176.129
3.23222, -14.2816, -275.718
5.38953, 39.0772, -458.796
7.26796, -392.862, 718.204
3.62331, 722.016, -984.614
7.25137, -494.513, 799.838
3.07874, 789.556, -512.48
2.58372, 30.0791, -258.612
3.90465, -357.827, -167.509
7.15042, 639.846, 171.807
3.04796, 749.853, 872.611
6.77266, 28.6684, 826.32
5.68532, -725.124, -731.09
5.63853, 405.614, -707.455
3.80589, 723.494, 743.993
5.13936, -950.937, 217.277
7.16608, -275.63, 904.901
3.98055, 921.817, 103.929
4.78006, 156.895, 452.216
6.35659, -656.145, -614.403
4.17193, 104.27, 119.723
6.31775, -39.6612, -938.688
6.65892, -30.2385, 941.93
2.64618, -724.952, 567.752
4.31315, 714.289, -267.071
4.16221, 286.387, 461.167
3.17675, -517.438, -300.248
3.00839, -305.854, 623.245
5.11327, -609.031, 812.813
3.52046, 30.6498, -532.708
5.00728, -869.274, -627.371
5.1371, 0.0752375, 961.302
4.13422, -266.969, -292.795
4.75888, 226.602, -443.152
6.85263, -7.1666, 980.103
4.72884, 643.64, 864.758
6.03726, -458.381, -916.174
6.83171, 912.229, -698.793
6.5822, 867.039, 218.647
2.67504, 892.208, 838.424
3.8644, -652.12, -237.304
5.21858, -422.154, -430.582
3.19942, -983.845, -544.807
5.57408, -776.575, -936.569
3.29182, -685.59, -604.861
4.41129, 99.5485, 220.762
5.94997, -94.5209, 189.142
3.21128, -390.509, 462.215
5.65284, -784.668, 792.067
3.15973, 197.381, 935.794
7.13583, -741.708, 254.072
5.53465, -938.213, 784.36
5.50388, -922.139, 373.638
3.33635, 589.536, -530.848
3.301, -864.966, -400.122
5.91628, 621.564, -29.0206
5.1456, -711.559, -13.0155
3.65264, -134.814, 806.169
6.55373, -502.361, -57.6109
5.76477, -419.753, -559.706
4.08597, -559.181, -587.526
2.53953, -261.836, -814.283
3.49176, 731.618, 734.719
3.78831, -7.60157, 381.512
3.03825, 887.553, 38.5625
3.49545, 130.758, -432.487
6.75079, 803.754, -771.261
6.63912, -980.971, 208.67
6.76813, -960.578, -554.463
5.71027, 287.117, 778.641
3.6787, 719.786, -982.396
6.80638, -502.696, -807.675
5.4745, 36.328, -103.889
2.52745, 506.07, -32.103
6.84925, -665.649, -473.881
7.37729, 648.405, 105.313
5.59653, 377.936, 14.3758
3.85574, -937.894, 382.512
7.46973, -160.532, -631.967
4.60751, -721.555, -528.327
4.20537, -793.955, -614.705
4.80717, 368.624, -135.56
4.44822, 263.458, -380.36
4.613, -48.7711, 515.051
2.84879, 131.262, 288.672
5.5153, -59.0124, -130.368
7.36114, -49.7497, 229.774
5.07406, -696.984, -533.891
7.45461, 953.113, -137.451
5.84906, 631.3, -141.114
4.01716, -605.349, 69.9439
3.47371, 873.028, 569.122
4.0109, -710.964, -934.822
4.93946, -335.396, 460.707
4.72438, 533.056, 987.047
5.7844, 320.582, -938.789
3.74227, -776.755, -666.1
4.72007, 54.6474, 555.157
5.75894, -692.114, 51.1723
6.67472, -714.672, 190.042
6.03698, 194.268, 813.587
4.93928, -869.452, -605.343
6.72039, 399.191, -237.742
7.00296, -504.459, -186.644
6.33082, -651.947, -524.693
5.29453, 629.753, 850.092
2.70603, -13.1063, 82.1226
5.46749, 563.469, 66.085
2.68674, -677.106, 822.582
4.53488, 25.3924, 436.942
2.84243, -974.131, -880.938
7.38558, -775.22, -882.404
2.5956, -515.757, -234.914
6.60363, -155.964, -266.613
5.2195, -384.155, 871.426
5.72828, 790.312, -332.767
3.62934, -260.692, 51.3965
2.733, 830.556, -697.102
3.63154, 212.825, -554.588
4.58371, -633.614, 134.86
6.40126, 265.39, -630.735
3.72852, -922.79, 382.028
4.81411, 655.395, 91.9706
6.14756, 928.22, 290.627
5.35237, -330.777, 814.634
5.45997, 932.849, 915.616
4.98425, -940.322, 280.436
3.951, 488.077, 111.842
4.71107, -7.22441, -228.774
2.53669, 853.322, -396.483
7.41683, 494.62, -357.932
2.52822, -807.447, -150.611
4.8676, -109.249, 737.783
5.86497, -310.984, -122.372
