6.27803, -736.895, -999.784
3.5948, 65.6163, -84.5405
5.89648, 357.802, -905.818
5.09708, -233.054, 869.548
2.76731, -930.913, 661.783
2.53849, 339.186, 56.5209
4.58743, -866.053, -233.134
7.15218, 177.969, 373.603
2.95982, 53.7791, 692.321
6.00595, -167.84, 308.109
3.81226, 524.499, 820.547
4.14117, 472.148, -904.955
7.45519, 512.722, 265.157
7.41275, -506.147, -269.711
5.75759, 506.629, 445.26
6.92354, 263.243, -854.505
6.33247, -127.052, -454.546
3.87453, -524.199, -44.6832
4.93259, -667.315, -282.324
2.80282, 818.491, 795.146
5.08146, 9.0077, 809.149
4.96988, 973.123, -361.965
7.23882, -818.413, -467.743
4.42071, -1.86909, -852.409
5.14874, 827.523, -445.922
2.75042, 881.849, -70.9347
6.63909, 540.419, 523.342
5.94228, -968.036, -749.17
6.18112, 259.081, 736.448
6.94286, 998.59, 450.801
4.25508, -387.193, -533.648
6.72991, 182.233, 26.5313
3.84659, 682.128, -175.191
4.83959, 75.3533, -171.72
3.2686, -643.491, -425.386
2.66527, 605.015, 143.27
7.2768, -3.13142, 69.0169
6.95369, 109.198, 496.5
3.29884, 683.933, 249.626
3.15214, 429.398, -574.435
2.515, -450.866, -817.958
6.0491, -946.714, -171.705
3.40448, -519.982, 875.616
5.76029, 773.928, -364.819
4.42907, 362.773, -699.297
3.23766, -4.63501, -225.503
5.45054, 690.873, 174.306
3.24076, 112.52, 910.76
3.2091, -182.434, 966.482
4.94257, -495.657, 129.72
3.13015, 922.943, -68.0132
5.64635, -361.398, -600.375
5.60817, 302.45, -746.451
4.88216, -504.174, 606.029
2.64188, -593.172, -221.889
3.21011, -146.801, 803.248
3.15594, -179.422, 894.825
3.31099, -815.759, 770.947
3.76529, -269.286, -857.706
4.77654, 566.508, -729.925
6.54472, -95.367, -300.915
3.57624, 303.263, 863.19
3.75063, 817.412, 361.996
5.02978, -57.4996, 721.68
6.27922, 635.112, 200.388
5.66369, 902.728, -75.3077
5.9449, 649.057, -121.538
7.27207, 974.146, 404.552
5.18713, -421.416, 702.758
4.57014, -791.563, 31.4832
4.70019, 753.063, 153.499
6.07821, 738.451, 459.465
6.20858, 412.932, 601.324
5.12494, 772.015, -961.737
6.06711, -869.481, -73.3851
5.91025, 335.321, -22.0972
6.82941, 833.217, -600.824
3.19597, 87.8083, 779.878
3.57766, 978.474, -99.3589
5.0733, -368.411, -108.066
4.83766, -120.513, 762.681
3.55759, -269.607, 613.245
5.65244, -691.152, 995.974
2.5044, -998.16, 232.198
4.09589, 454.606, 546.624
5.90281, 364.92, -164.277
6.0446, 672.764, -589.399
2.90869, -810.824, 657.33
3.56926, 259.222, 528.1
4.44412, -837.762, -572.85
4.44927, 895.252, 904.254
3.92018, 384.281, -461.55
4.6123, 567.629, 553.654
2.55658, -609.555, -436.686
3.72027, 965.739, -616.493
4.49072, -726.932, 639.633
6.64177, -646.287, 201.996
3.78584, 975.755, -684.615
3.59705, -796.926, -532.761
6.47385, 391.946, 269.411
5.8476, 505.772, 392.456
5.49108, -887.25, 267.456
5.99917, -362.481, -545.869
5.13062, 525.194, -764.999
4.14833, 176.266, 107.591
3.30844, -713.936, 405.872
6.56633, 720.372, -29.3119
4.08004, 477.985, 113.745
4.05369, 57.0114, -729.406
4.65424, 36.1418, 176.022
4.46509, -258.777, -481.958
4.43916, -48.2453, -106.539
4.34871, -843.284, -441.474
5.88118, 343.55, -492.198
6.10384, 457.069, 27.8822
7.20082, -78.3023, 889.628
5.08573, -79.1439, -356.906
5.5282, -196.253, 322.72
5.85049, -699.037, 973.152
5.11404, 83.3335, -312.236
3.87105, -969.721, 658.16
7.08924, 92.3537, 285.927
3.73367, 939.982, -466.642
4.77876, 387.927, 687.799
3.30374, -955.509, 638.479
4.68319, 415.568, 413.74
7.45767, 503.236, 164.972
6.26931, -440.912, 391.342
4.97846, -991.289, -657.565
7.01651, -673.342, -840.088
4.68213, 493.328, 565.837
5.09239, 169.531, -987.142
4.44866, 88.0516, -866.13
5.63431, -228.29, -568.334
5.19331, 418.514, 318.107
4.35955, 631.881, -439.384
2.54674, -378.928, 371.681
6.3794, 41.8887, -792.267
2.85317, -889.356, -558.71
3.98511, 447.44, -679.457
4.78581, -42.0156, -900.371
3.25156, -106.473, 39.8713
5.97819, 667.387, -428.208
4.15587, 363.62, 156.341
5.21197, 973.651, -884.902
2.64678, 712.581, -996.345
5.38086, -20.7068, -244.627
5.18133, 358.877, 477.797
7.36678, -755.073, -928.673
5.57063, -297.378, -623.307
5.26431, -748.032, 215.133
6.69051, -285.779, 907.952
3.75764, -482.125, 948.106
6.98957, 627.965, -150.498
5.97428, 520.975, -510.587
5.82752, -472.771, -96.2674
3.06838, -580.835, -766.961
3.37987, -987.607, 93.9828
2.91253, -136.181, 198.589
6.68103, -249.289, 374.707
2.64818, 946.366, -753.149
6.34719, -11.1581, -839.693
4.29829, -499.8, 867.97
6.24626, 0.0172404, 538.101
6.28385, 363.295, 343.719
3.60834, -538.815, -927.103
5.58305, 305.237, 125.288
3.66846, -550.362, -256.911
6.22052, -668.19, 305.932
5.80997, -904.857, -680.596
4.9209, 898.531, -749.962
2.58972, 828.05, 241.963
4.98291, 443.824, 187.398
5.09587, -116.532, -892.396
4.71395, -869.609, 543.195
4.14528, -64.4091, 954.155
3.52671, 486.487, -108.105
7.19863, -254.803, -657.055
2.85168, -491.259, 929.503
3.30042, 52.6367, -752.113
6.70788, -790.439, 33.5907
4.13614, -152.491, -263.211
6.85942, 153.724, 427.103
5.99896, 673.124, 516.469
5.52801, 870.428, -221.819
4.77536, 79.027, -275.543
2.91543, -519.179, -195.857
3.94883, -55.2277, -156.561
6.51009, -567.362, -789.935
6.81821, 338.683, 55.9687
3.81831, 423.059, -512.442
4.79881, -837.906, -234.419
4.95672, 591.189, -533.843
5.82344, -467.743, -993.371
7.31738, -626.367, -149.772
7.23022, 591.396, -732.018
2.81902, 213.138, -657.588
5.04829, -414.353, -305.496
6.13222, 668.662, 651.87
5.65882, 604.031, -341.052
3.26658, -917.082, -909.289
5.09652, -875.999, 534.558
3.52281, -558.872, 858.161
6.03231, 399.406, -821.964
6.05786, -476.366, -10.9104
3.66304, -597.937, -242.953
6.80594, -61.7329, -128.528
2.67122, -110.9, 954.309
6.26587, -936.665, 47.7057
4.14789, 645.633, 182.862
4.65309, 72.9861, -535.755
7.33455, 974.39, -192.871
4.05803, 734.95, 700.841
5.69762, 994.904, -703.128
5.95386, 863.966, -63.7671
5.36403, 82.9263, 630.728
6.60667, 890.549, -681.651
4.21807, -917.282, -688.87
5.09387, -807.025, -779.775
6.78438, 122.947, -955.023
6.18587, 348.937, 34.0544
3.45992, -954.014, 396.601
2.83145, -308.251, 341.919
3.60828, 845.018, -720.43
3.33656, 171.965, -239.576
6.31172, 382.234, -946.876
5.44905, -845.271, 427.263
4.65223, 859.396, 851.066
7.09618, 662.427, 11.9485
5.09668, 447.579, 202.862
7.38058, -677.226, -18.488
5.15714, -453.477, 148.651
2.98716, 334.102, 396.94
5.83983, 221.347, 97.5218
5.44444, 143.068, -10.2499
5.01137, -698.263, -116.573
2.75808, -936.51, 462.604
2.6753, -358.136, 43.297
4.41484, -785.626, -509.849
5.55555, 194.189, 103.653
5.06574, 544.368, 872.255
5.98498, 300.347, -26.6282
4.89891, -26.256, -184.947
3.88323, 68.3961, 420.937
6.01685, -439.767, 211.005
3.67701, 876.439, 60.8627
6.41501, 194.672, -173.124
6.60589, 362.887, 840.355
3.21842, -539.303, 54.7664
5.75757, -496.915, 799.305
3.87677, 871.783, -990.196
7.26215, -441.767, 717.473
4.58238, -754.001, 13.6561
3.03869, -127.002, 404.874
4.70633, -800.189, 532.317
6.28811, -406.756, -310.219
2.77803, -338.488, -322.859
3.51241, -29.368, 146.3
6.82305, 948.412, -771.849
6.52456, -265.219, -16.1392
2.78861, -680.778, -675.486
4.40304, -63.8149, -701.488
4.56124, -151.514, 767.317
2.80071, -383.27, 302.585
7.09746, 795.475, 629.383
3.35398, 540.011, 802.497
6.51634, -936.263, 146.791
3.88599, 723.252, 44.4869
4.44586, 173.684, 738.957
7.19936, 51.4057, 623.782
6.24573, 159.768, -160.09
3.44774, -323.881, 761.496
6.89581, 437.767, 486.204
6.8953, 420.127, -854.108
3.30515, -819.857, -280.456
5.87346, -807.028, -166.405
6.89096, 626.159, 125.279
6.98262, 270.052, 538.312
3.06535, -26.9831, 756.734
5.93789, -234.656, -245.231
3.21651, -846.11, -756.732
3.6901, 417.059, -44.7135
5.64383, 951.576, -218.06
4.312, 817.692, 360.064
4.64437, 588.556, 718.391
4.91936, -0.441655, -852.181
6.20379, -0.736988, -98.7967
3.23098, -399.47, 865.742
7.36238, -837.867, -779.256
7.3158, -522.858, -184.048
3.14741, -603.736, 666.868
5.3784, -321.665, -607.36
4.66439, 171.312, -119.598
5.50066, -235.657, -263.302
5.85098, -702.273, -140.745
4.5137, 396.149, 990.678
6.46691, 639.096, 698.407
4.89889, -980.609, -251.468
5.72449, 293.142, 278.054
4.28836, -245.311, 598.117
5.96794, -331.348, -220.988
5.83428, -416.951, -709.999
3.22071, -371.038, 709.248
7.10415, -988.459, 205.022
4.22228, 33.0202, -236.073
6.66824, -417.898, -471.662
2.74349, 269.294, -751.07
3.27936, -246.399, -83.3608
2.55765, 331.92, 511.599
3.94327, 121.793, 589.721
5.07295, -358.377, -168.985
3.65948, 684.03, 438.285
2.75022, -252.344, -69.8109
5.33091, -595.125, -852.062
6.69774, -154.843, 663.383
4.28763, -637.804, -414.493
4.3452, 178.275, 868.304
7.22226, 255.684, -73.8615
4.72425, -899.386, -188.171
6.82086, 496.523, 191.661
5.82654, -790.765, -737.881
5.79297, 162.65, 666.698
7.10736, -962.078, 963.975
5.11536, 935.712, -610.921
5.45229, 439.571, -442.393
5.79944, 669.329, 673.907
4.24765, 287.069, 460.842
4.11714, 328.696, 69.2212
7.08984, -115.044, 738.408
3.08619, 903.511, -446.64
7.31268, 672.911, -168.157
5.17978, 51.6666, -334.006
5.81447, 859.556, 636.142
5.48362, 883.141, -513.179
6.93363, -506.06, -747.837
6.67999, -673.868, -607.639
6.69339, 246.496, 204.751
6.85642, -216.767, 343.167
2.5002, -769.436, 339.338
4.77274, 257.555, 352.06
4.25696, -936.44, 146.445
5.80713, -258.307, 710.105
6.22234, -879.088, 152.865
3.3821, -114.992, -441.328
7.4621, 794.49, -816.246
5.95466, -933.941, 187.357
6.97862, 138.817, -25.1808
3.51579, 377.026, -131.023
7.2356, -455.203, -36.5543
4.88476, 905.941, -511.06
6.78578, 922.807, -745.87
6.41237, -985.698, -564.869
5.70687, 919.775, -899.457
3.14521, -725.74, 146.865
5.77944, 3.73338, 649.284
3.09199, 52.9204, 10.0806
3.88793, 337.697, 806.014
6.65548, -217.223, -226.619
6.14153, -753.056, -513.968
6.74348, -597.585, 296.134
3.43989, -788.606, -954.408
6.09602, 559.258, -278.116
4.25586, 161.847, 332.719
3.34555, -415.822, -685.801
4.52383, 342.479, -552.412
4.20924, 158.746, 772.914
6.67141, 398.963, -125.519
3.9111, 698.127, 583.974
5.16766, -662.355, -471.707
6.25085, 997.28, -853.583
4.62554, -671.423, -756.23
4.66964, -572.692, 546.449
3.03022, 858.598, -933.765
6.4639, -36.0325, -467.36
3.91232, -572.233, -484.873
7.14264, -583.573, -238.614
5.37926, 233.568, 527.639
3.4895, 815.784, -287.432
5.99081, 581.781, -770.848
3.07265, 495.906, -963.292
4.22945, 309.115, 789.802
4.15646, -570.562, -235.384
6.42735, 828.717, -964.302
6.65775, 459.945, -213.081
4.21712, -740.731, 755.561
4.2603, -275.549, 884.328
6.38197, 143.939, -838.325
6.58658, -13.3698, 688.383
4.26157, -128.884, 282.838
7.09559, -436.611, -301.646
3.2877, 489.265, 252.369
5.56029, -495.713, 553.728
5.54222, -370.958, 709.032
3.16647, -252.636, -748.027
3.51409, -747.82, -476.352
4.79457, -858.033, 501.055
3.48759, -530.459, 926.524
6.77118, -837.5, 368.209
6.54562, -759.643, -694.764
2.80131, -908.842, 888.262
6.50584, -717.669, 659.22
5.49597, -200.567, -544.945
7.43182, -892.459, 310.258
2.65919, -172.162, 625.571
6.8356, 947.444, -784.726
3.69109, 668.715, 342.404
3.6127, 179.233, 433.749
4.73907, -996.263, -543.135
2.61231, 865.254, -179.116
6.79755, -247.356, 26.6972
4.15902, 218.607, 587.906
5.72195, 307.665, 248.138
7.43521, -947.858, -481.82
5.30162, 284.646, -584.46
4.74553, -758.586, -246.139
5.213, 171.754, -722.932
2.90797, 773.19, -32.798
3.99606, -798.746, -274.637
6.63964, 825.824, 683.102
6.48936, 626.505, 940.412
5.71048, -102.593, 679.602
4.84105, 631.473, 387.773
7.15326, -196.957, -612.591
5.08798, -243.588, -65.8996
7.42924, 798.504, -544.261
5.94567, -82.9245, -725.861
6.19966, -181.413, -442.217
3.46323, -392.157, -937.331
6.08881, -450.335, 626.29
6.11146, 570.137, -182.655
6.49298, 265.91, 154.101
4.23216, 255.574, -999.297
5.1481, -15.5981, -56.4684
3.19001, 715.849, -362.796
6.73218, -226.114, -201.987
6.32766, -86.1359, -887.572
7.5, 923.809, -415.16
4.24891, 483.224, 997.92
5.50367, -601.936, 593.05
3.50808, -496.588, 85.5745
6.2385, 27.5747, 151.317
6.49225, 979.097, 216.052
3.03505, -706.62, 109.539
5.35813, -507.385, 47.5531
2.84683, 357.498, -331.423
4.16036, 752.288, 689.284
5.80945, 488.072, -709.136
5.27726, 172.341, -196.259
7.12415, 228.999, -11.7643
2.69832, -487.151, 227.778
2.62083, -312.939, 241.354
4.61923, 220.78, -657.19
4.36987, 460.748, 136.826
2.93303, -246.767, -268.29
3.05403, -160.747, 169.486
5.31992, 370.221, -349.405
7.37269, 63.5877, 743.655
3.05066, -49.2145, -879.681
5.99352, 99.0309, 984.178
2.79674, -50.0494, -745.367
4.69755, 835.924, -109.698
5.24651, 994.227, 716.966
3.45129, 692.578, -751.363
7.36597, 312.629, 328.607
3.19593, -680.967, -84.1058
5.48978, 945.637, -433.299
7.12812, -874.152, 704.399
3.91116, -67.1537, 898.312
6.8307, -138.476, -79.635
6.29598, -230.32, -602.62
6.10793, 345.96, 628.135
3.34241, -372.424, 367.03
3.32882, 841.59, 375.977
3.39076, -647.388, -992.21
5.87226, 336.486, -603.796
4.83484, -353.316, 35.3317
6.85219, -812.613, -358.339
5.76023, -703.556, -110.555
5.80464, 764.576, 883.793
2.58037, -659.429, -592.475
4.30596, -780.735, -666.428
3.72747, 927.514, 122.102
6.93086, -939.773, -952.15
5.23701, 826.348, 772.763
6.57209, -25.9349, -654.639
5.24453, 166.558, 872.949
4.16156, 506.651, -56.4497
4.40213, 25.8346, -655.061
2.52389, 933.94, 656.233
6.95226, -90.8487, -397.228
6.16955, -499.177, 686.997
6.04239, -154.018, 678.506
5.1278, 52.7377, -188.188
6.41065, -192.548, -816.819
3.42484, -384.369, -470.425
5.72673, 241.655, 513.099
3.42178, -691.405, -345.229
3.31214, 65.9918, -87.8685
2.65594, -181.888, 851.471
7.42716, 130.139, -665.442
4.04559, -332.796, -719.348
4.11075, -673.36, -292.026
5.51155, 283.562, -239.705
2.89107, -329.776, -924.518
3.93936, -17.7994, 88.0641
5.79307, -123.259, -492.683
7.36348, -996.456, -348.857
7.27758, -363.242, -798.136
7.42745, -669.583, -300.614
7.30478, -916.081, -766.898
3.0073, -559.182, 570.422
3.71505, -122.291, -493.655
6.91151, 98.4928, -434.723
5.28805, 340.912, 703.144
6.7669, 803.922, 515.687
7.49145, -532.25, 519.627
3.99751, -250.522, -477.774
6.33157, 983.371, 490.855
4.81901, 283.395, -142.829
6.8168, -636.239, -794.939
6.99018, 861.864, 6.60186
7.377, 258.259, -417.6
2.77405, 661.253, 87.2939
6.32605, 950.426, -620.569
5.09219, -935.215, 739.73
3.46574, 938.83, -248.68
6.98252, 194.009, -542.881
6.38492, -830.536, 98.9044
2.75968, 416.74, 542.123
7.47331, -856.566, 767.024
5.93659, -0.608097, -460.101
5.94854, 889.219, 496.863
6.57666, -657.525, 823.326
7.05426, -36.2732, -434.485
3.34218, -201.384, 406.23
5.24183, -579.891, 804.928
6.53351, -474.159, -254.322
4.17803, 318.009, -528.571
5.53435, -94.6431, 44.0118
6.59602, -956.221, 334.199
7.3485, 85.4847, -246.462
6.29349, 586.454, 492.598
3.72113, -186.267, -93.5019
5.80589, -572.35, 404.492
4.21574, -447.275, -185.953
7.27146, 376.749, -397.024
2.60828, 804.543, 556.324
4.54979, -892.457, 948.368
2.55789, 588.265, -670.659
3.04964, 842.864, 203.784
5.28259, -853.653, 90.1426
4.45466, -36.7329, -233.381
7.20539, 118.196, -182.657
2.55572, 179.274, 397.9
6.22897, -225.109, -434.553
3.84293, 108.725, 131.17
4.27153, -677.417, -764.767
3.45835, -468.296, 616.645
5.14832, 296.277, -171.023
4.39478, -59.9902, -854.36
3.16407, -13.439, -802.321
4.26563, -123.549, -567.361
4.2497, 784.268, 987.484
7.41084, 605.53, -120.977
5.25961, 153.057, -396.841
4.99918, 13.1193, -713.553
3.58531, -834.794, 459.14
4.37311, -229.731, -653.966
6.78251, -668.566, -473.226
6.45578, 786.901, -509.234
3.9204, -497.661, 928.443
5.07645, 437.769, 99.7005
6.79238, -296.088, -26.9007
7.07844, -958.285, -175.388
7.48941, 137.217, 918.862
6.53177, 173.407, -197.187
5.22718, -912.699, -183.573
7.3461, 149.426, -739.633
5.31931, -585.558, 362.668
4.03031, -414.365, 661.284
5.41853, 969.635, 955.778
2.91197, 44.5503, -334.116
5.47382, 362.606, 617.101
3.31968, -599.159, -591.694
6.46527, -606.254, -437.972
2.95373, 578.442, 743.455
6.3072, -505.911, -679.97
6.83996, -216.659, 34.0266
6.40105, 193.301, -334.599
6.61399, 908.699, 973.234
6.70974, 372.84, 554.025
4.48328, 536.446, 256.014
6.508, -161.195, 168.975
6.56811, 381.486, -44.4574
5.43493, -410.378, 101.796
4.64621, 797.195, -51.281
2.5002, -71.6716, -480.099
5.31153, -816.252, 316.168
6.22632, 335.305, 357.89
3.89846, 963.994, 304.485
2.93406, -989.452, 565.507
3.5733, 853.534, -881.549
3.93296, -492.566, 561.975
4.86595, -408.182, 476.256
6.95893, 846.067, 819.943
5.91955, 505.001, -498.799
3.54376, -52.0464, -63.9332
6.67533, 795.455, 12.7285
7.09218, 945.826, 917.416
4.48244, -474.264, -702.501
6.37858, 541.285, 542.548
5.68161, -162.571, -91.0097
6.64746, 483.968, 294.036
3.40204, 560.316, -455.916
7.45927, 575.707, -760.313
6.70558, -150.186, -845.441
4.65177, 889.537, 267.014
4.38589, 597.091, 891.79
2.70802, 657.278, -506.369
6.80715, -811.692, -542.589
6.62116, 909.456, -912.616
6.25052, 23.5381, 737.76
3.55801, -165.092, 996.386
4.31029, -782.166, -192.562
4.43545, -592.095, -806.033
7.32918, 798.86, 646.636
6.5872, -166.447, 633.951
4.5755, -82.9092, 449.884
5.83759, 206.66, 185.306
2.52101, 478.134, 974.901
6.98048, -740.922, 252.895
3.68416, -343.35, 355.634
3.79415, 361.337, -97.013
5.4939, 409.072, -710.246
6.89823, -852.105, 381.725
6.16299, -566.458, -593.936
6.0773, 916.228, 571.205
3.57724, -609.46, 480.961
6.30413, 678.341, -959.009
3.85351, -159.669, -562.586
2.75246, 671.431, 353.086
4.78866, 267.487, 245.63
2.58759, 450.372, -780.827
3.01129, 74.9658, -170.591
2.639, -129.236, 284.983
5.65921, -340.246, -515.087
6.34425, 86.895, -247.243
2.74132, 525.453, -842.011
6.6924, -59.2441, -630.799
6.76899, -263.283, -322.908
6.57649, -443.017, 573.472
6.85188, 795.732, 406.592
5.27222, -635.893, -174.21
6.12646, -297.918, 61.7003
3.20424, -529.21, 943.539
6.6115, 602.97, -524.905
5.51185, 735.638, -197.927
4.93856, 510.17, -922.547
6.14942, -289.421, 956.92
4.05164, 757.745, -669.865
3.93925, -699.265, 355.088
5.45857, -955.488, 813.228
5.34055, 658.498, 888.955
5.41059, -937.666, -577.617
2.84132, -689.852, 283.285
4.34304, 149.189, -384.72
6.28475, -931.25, -579.476
6.35297, -448.678, -871.222
4.27217, -394.244, -251.641
5.98913, 244.455, 934.368
5.08005, -690.588, -306.597
5.94494, 392.734, 130.993
6.18066, -82.306, 615.363
2.56231, -344.264, -676.314
7.16549, 608.839, -119.741
5.37826, 134.086, 126.943
3.05587, 457.074, 975.503
4.87388, -110.9, 21.907
3.24247, 170.603, 90.2936
4.22594, 50.9182, 451.139
7.04476, -933.989, 176.178
4.54571, 15.8954, 515.237
5.96642, -675.243, -73.6728
3.35865, 385.331, -930.873
6.21715, 893.99, -498.956
4.16319, -422.677, 640.275
4.62157, 669.9, 311.13
2.79523, -137.146, -117.072
5.09005, 287.638, -234.72
5.94425, 475.579, -582.172
5.01149, -265.401, 26.3294
6.56617, -168.842, -752.472
3.07974, 81.1599, -941.583
5.24841, 264.27, 465.756
5.06046, 413.489, 21.5454
6.02649, 951.447, 441.879
5.65083, -235.708, 892.714
4.0207, -22.6426, -631.484
6.74719, 400.442, 373.553
3.39619, 601.115, -19.5489
2.61737, -531.881, -100.342
4.19467, 743.358, 55.2807
3.43818, 349.327, -82.7315
6.60467, -285.725, 193.226
6.72507, -896.206, -153.996
6.78031, 846.553, -721.506
7.37454, -955.527, 638.491
2.99587, 471.771, -448.802
2.56182, 564.359, 658.007
2.58614, 211.277, 594.16
2.64527, 253.546, 94.433
4.1031, 153.577, -376.837
6.17815, 628.51, 303.198
3.14876, 372.627, 474.176
2.5161, -367.672, 508.379
6.91905, 138.821, -791.739
3.70482, 232.195, -576.282
4.38481, -822.57, 756.625
4.44879, 607.767, 187.252
2.81534, 595.67, 295.697
7.30792, 183.78, 961.626
3.75349, 727.473, -337.491
6.85376, -682.142, -54.8125
2.85991, -920.382, 429.37
2.70653, -627.995, 580.138
3.46378, 365.119, -524.238
3.86708, -311.158, 302.833
7.4007, -954.451, -365.95
3.60607, 324.414, -543.08
6.43119, -876.457, 857.707
4.42306, 302.381, -422.965
3.78593, 481.233, -637.636
3.91087, -951.156, 66.9722
7.33834, 869.602, -32.6623
4.22841, 770.791, 174.026
3.45922, -986.7, 738.511
5.05037, -548.14, -378.919
5.21857, -559.086, 635.799
5.72333, -634.118, -616.168
3.89738, -10.1408, 787.326
3.41887, -296.47, -721.724
2.71579, -835.72, 385.922
3.98408, -511.235, -277.804
4.25548, -231.695, 141.314
7.09372, -421.42, 732.981
5.81225, 494.994, -358.8
5.08041, 867.781, 587.563
4.03763, 618.036, 589.907
3.0007, -354.101, 155.936
3.47502, 380.598, -881.584
4.11407, 31.7331, -133.193
5.56182, 967.605, 86.4646
5.13511, 962.482, -985.957
3.45653, 254.901, 286.349
4.7178, -656.13, -429.605
4.48693, -711.601, 857.404
6.28051, -608.098, 744.885
6.6213, 737.54, 602.65
5.51573, 141.869, -343.714
3.04573, 611.388, -831.366
4.11797, 488.155, -165.49
5.03403, 7.66628, 319.344
4.76521, -648.407, 797.13
4.77315, -182.117, -463.791
4.91125, 917.82, 908.833
5.07896, 370.044, -651.589
4.50207, 193.504, 813.376
4.22945, 961.008, 486.182
6.64533, 925.987, -239.393
3.02204, -734.385, -800.745
6.40057, 588.339, 570.832
3.19919, -297.877, -239.775
2.62171, -805.889, -513.477
6.0664, 407.666, -757.802
7.15538, 158.87, -822.365
7.47667, 179.438, 175.254
3.86264, -872.334, 152.849
3.6923, -486.069, -248.659
3.87328, 965.587, 620.818
5.70836, -910.558, -731.72
5.17637, 311.262, 157.455
6.8967, 839.01, -297.749
6.75968, -657.208, -844.589
2.98004, 912.874, -33.3278
4.66818, -753.626, 195.624
3.17045, -206.655, -758.994
5.86802, -157.098, 321.978
5.34964, -53.2024, -484.012
3.66474, -625.697, 561.08
5.50306, 267.237, -691.135
2.6551, -805.523, -28.7982
7.08512, 569.856, -313.326
3.82958, 862.997, -174.625
6.50016, -185.764, -509.114
5.46389, 172.998, -717.734
5.0822, 360.939, 622.031
5.2567, 317.875, 646.357
3.47225, 509.331, -233.12
5.36152, 119.416, -744.367
3.81992, 215.025, 403.479
4.41648, -765.074, 540.172
2.73626, -753.64, -897.64
4.22823, 590.124, -671.783
3.61594, 683.388, -439.569
3.81264, 16.3311, -739.744
3.05141, -430.879, -401.586
7.40088, -706.614, 21.2866
5.93794, 811.959, 644.72
5.82158, -547.988, -380.408
5.99501, -602.533, -673.861
2.68746, -838.738, -779.573
3.6706, -628.503, -745.683
3.95397, 715.549, 694.362
3.50543, -42.4015, -262.525
2.7177, 379.059, 330.642
2.56571, -543.965, 526.98
6.07297, -528.711, 765.709
6.88348, -871.478, -632.187
5.35088, -891.176, 279.775
6.92743, 866.544, 873.63
5.20042, -356.184, -280.578
3.31357, 930.593, -648.757
3.30492, 971.31, 439.906
7.19182, 321.078, 287.956
3.45628, 555.356, -854.575
3.15761, -6.9088, -113.995
4.41122, -318.094, -4.49019
6.12674, 257.452, -267.214
2.50651, 542.727, 871.714
4.60222, 11.6192, 732.271
5.18984, 310.279, -213.947
4.86596, -239.158, 247.817
6.33003, 540.806, 876.361
2.9396, 555.175, -472.318
7.04284, 132.369, 324.464
3.20818, -880.668, -394.614
2.54782, 439.044, -52.6176
2.82267, 245.861, 505.624
4.96742, 382.192, 222.653
5.40914, 535.198, 991.656
4.03373, -950.331, 545.166
4.57091, 922.333, -70.0476
4.33401, -573.661, -690.347
3.42687, 187.546, 670.111
2.76788, 635.205, 159.31
4.47222, 542.635, -65.6398
3.98388, -348.302, -131.776
5.05388, -396.595, 821.591
3.75392, -698.655, 230.776
5.01589, 967.701, 884.281
2.51168, -19.1816, 801.816
7.01807, 999.53, -448.534
2.79181, -905.661, -949.88
5.17506, -690.931, 804.538
3.95754, -387.481, 878.159
7.3023, -816.315, -267.258
4.73406, 319.085, -109.331
5.08479, 896.732, 167.392
5.93861, -256.196, 9.49664
2.72187, -160.697, 76.9104
7.2946, -799.062, 607.504
5.70852, 369.029, 159.856
2.80215, 632.252, -782.487
3.33964, 47.5323, 268.439
5.76491, 487.665, -251.035
6.19864, -769.268, 338.125
3.57011, 862.839, 198.829
4.31441, 158.176, -877.468
6.56981, -648.363, 936.017
5.32057, 807.878, -470.701
7.45886, -40.1314, -901.913
6.5669, -763.799, 398.841
3.49157, -995.777, -23.2449
2.50003, -165.286, -858.439
4.62608, 946.849, -786.004
4.07406, 832.064, 192.554
5.56218, 607.231, -935.172
3.83351, -193.385, -544.721
4.39881, -595.338, -60.6521
5.43397, 971.838, 291.852
5.95636, -141.692, -517.802
7.26736, -460.483, -572.692
4.89785, -292.748, -956.484
3.60319, 374.793, -732.701
5.33741, -726.229, -445.914
6.09873, 435.469, 364.931
4.4953, -481.491, 568.821
3.48326, -692.164, 997.143
6.66971, -686.744, -763.24
5.59561, -447.206, -875.386
7.26866, -296.118, 170.76
3.23222, -14.4346, -282.508
5.38953, 41.6851, -460.805
7.26796, -391.635, 725.739
3.62331, 720.163, -976.097
7.25137, -487.657, 814.121
3.07874, 803.309, -518.977
2.58372, 29.3609, -264.682
3.90465, -345.391, -174.403
7.15042, 652.144, 166.19
3.04796, 744.901, 871.83
6.77266, 31.4798, 832.763
5.68532, -727.456, -733.118
5.63853, 408.943, -710.045
3.80589, 732.794, 740.64
5.13936, -951.235, 221.72
7.16608, -265.867, 917.361
3.98055, 924.491, 100.008
4.78006, 155.222, 459.113
6.35659, -657.033, -625.388
4.17193, 97.1689, 114.282
6.31775, -39.4807, -947.855
6.65892, -29.9583, 944.049
2.64618, -725.335, 568.732
4.31315, 716.166, -268.026
4.16221, 293.347, 460.387
3.17675, -520.323, -307.62
3.00839, -307.251, 623.981
5.11327, -610.64, 816.975
3.52046, 30.6651, -535.623
5.00728, -870.933, -632.383
5.1371, 4.72601, 962.286
4.13422, -270.608, -293.201
4.75888, 225.877, -446.584
6.85263, -7.56062, 989.276
4.72884, 647.103, 865.713
6.03726, -459.275, -922.169
6.83171, 917.23, -699.515
6.5822, 872.814, 222.802
2.67504, 898.173, 837.242
3.8644, -655.467, -235.829
5.21858, -423.232, -431.021
3.19942, -995.955, -539.812
5.57408, -781.703, -936.616
3.29182, -697.457, -606.164
4.41129, 98.6665, 221.437
5.94997, -94.2335, 189.774
3.21128, -388.282, 459.974
5.65284, -785.347, 796.143
3.15973, 200.715, 936.837
7.13583, -742.531, 255.43
5.53465, -940.235, 785.292
5.50388, -922.315, 369.412
3.33635, 613.136, -533.749
3.301, -863.372, -401.756
5.91628, 625.58, -30.3819
5.1456, -717.123, -14.5092
3.65264, -130.683, 814.51
6.55373, -502.475, -58.5531
5.76477, -420.953, -561.627
4.08597, -548.863, -582.76
2.53953, -263.118, -817.19
3.49176, 723.859, 749.728
3.78831, -9.252, 382.427
3.03825, 894.111, 38.8329
3.49545, 133.622, -437.257
6.75079, 803.754, -772.558
6.63912, -986.109, 220.598
6.76813, -960.704, -550.678
5.71027, 284.848, 780.569
3.6787, 731.548, -992.011
6.80638, -502.608, -811.461
5.4745, 37.2255, -101.467
2.52745, 508.108, -28.6447
6.84925, -667.453, -476.141
7.37729, 651.453, 107.089
5.59653, 380.245, 13.0404
3.85574, -947.042, 379.247
7.46973, -158.287, -636.719
4.60751, -724.603, -531.263
4.20537, -795.466, -615.938
4.80717, 360.752, -138.435
4.44822, 265.058, -378.577
4.613, -51.3261, 515.711
2.84879, 132.355, 286.625
5.5153, -67.5929, -133.46
7.36114, -49.6871, 231.735
5.07406, -696.736, -537.088
7.45461, 957.481, -137.848
5.84906, 631.623, -149.426
4.01716, -606.055, 71.0843
3.47371, 876.622, 564.717
4.0109, -709.079, -939.254
4.93946, -334.535, 461.773
4.72438, 529.605, 976.533
5.7844, 319.218, -943.584
3.74227, -781.524, -668.655
4.72007, 55.0751, 556.395
5.75894, -691.731, 55.5
6.67472, -713.279, 188.039
6.03698, 204.168, 824.82
4.93928, -872.736, -600.999
6.72039, 400.31, -240.032
7.00296, -496.151, -181.997
6.33082, -650.349, -527.806
5.29453, 628.242, 847.847
2.70603, -27.0298, 97.3115
5.46749, 564.845, 65.1584
2.68674, -683.254, 830.774
4.53488, 21.5407, 437.075
2.84243, -977.845, -882.837
7.38558, -779.816, -882.639
2.5956, -518.326, -232.741
6.60363, -162.475, -276.529
5.2195, -371.082, 880.701
5.72828, 793.043, -332.442
3.62934, -260.757, 60.6005
2.733, 827.096, -693.7
3.63154, 215.626, -556.716
4.58371, -633.555, 135.479
6.40126, 266.433, -632.744
3.72852, -922.598, 392.224
4.81411, 662.55, 79.5273
6.14756, 929.47, 291.682
5.35237, -330.229, 816.939
5.45997, 927.534, 929.737
4.98425, -946.187, 281.456
3.951, 497.798, 107.732
4.71107, -2.31353, -225.02
2.53669, 855.69, -395.647
7.41683, 505.95, -363.206
2.52822, -811.718, -142.971
4.8676, -94.7936, 736.196
5.86497, -310.002, -121.774
