6.27803, -736.901, -999.823
3.5948, 65.5923, -84.1053
5.89648, 357.788, -905.836
5.09708, -233.043, 869.516
2.76731, -930.902, 661.812
2.53849, 339.81, 57.1013
4.58743, -866.105, -233.141
7.15218, 177.966, 373.591
2.95982, 53.7946, 692.324
6.00595, -167.872, 308.055
3.81226, 524.479, 820.566
4.14117, 472.151, -904.978
7.45519, 512.741, 265.181
7.41275, -506.099, -269.629
5.75759, 506.645, 445.272
6.92354, 263.248, -854.529
6.33247, -127.077, -454.553
3.87453, -524.249, -44.6541
4.93259, -667.249, -282.151
2.80282, 818.476, 795.179
5.08146, 9.01527, 809.18
4.96988, 973.155, -361.959
7.23882, -818.437, -467.737
4.42071, -1.37898, -852.452
5.14874, 827.545, -445.905
2.75042, 881.871, -70.9691
6.63909, 540.417, 523.279
5.94228, -968.081, -749.189
6.18112, 259.082, 736.457
6.94286, 998.655, 450.805
4.25508, -387.225, -533.64
6.72991, 182.232, 26.5345
3.84659, 682.309, -175.322
4.83959, 75.2237, -171.275
3.2686, -643.462, -425.424
2.66527, 604.975, 143.277
7.2768, -3.11327, 68.9937
6.95369, 109.192, 496.517
3.29884, 683.962, 249.64
3.15214, 429.402, -574.447
2.515, -450.857, -817.97
6.0491, -946.617, -171.646
3.40448, -520.021, 875.651
5.76029, 773.938, -364.839
4.42907, 362.757, -699.303
3.23766, -4.06953, -225.366
5.45054, 690.928, 174.32
3.24076, 112.475, 910.772
3.2091, -182.441, 966.507
4.94257, -495.675, 129.735
3.13015, 922.851, -68.5976
5.64635, -361.419, -600.396
5.60817, 302.462, -746.475
4.88216, -504.202, 606.052
2.64188, -593.237, -221.786
3.21011, -146.842, 803.267
3.15594, -179.412, 894.854
3.31099, -815.738, 771.016
3.76529, -269.293, -857.739
4.77654, 566.468, -729.897
6.54472, -95.3734, -300.922
3.57624, 303.269, 863.221
3.75063, 817.467, 361.648
5.02978, -57.4948, 721.688
6.27922, 635.114, 200.467
5.66369, 902.729, -75.348
5.9449, 649.124, -121.499
7.27207, 974.175, 404.524
5.18713, -421.406, 702.714
4.57014, -791.886, 30.9427
4.70019, 753.076, 153.486
6.07821, 738.466, 459.471
6.20858, 412.959, 601.347
5.12494, 772.024, -961.753
6.06711, -869.507, -73.3791
5.91025, 335.329, -22.1004
6.82941, 833.227, -600.837
3.19597, 87.8258, 779.91
3.57766, 978.524, -99.3483
5.0733, -368.435, -108.044
4.83766, -120.521, 762.746
3.55759, -269.622, 613.256
5.65244, -691.4, 996.332
2.5044, -998.289, 232.298
4.09589, 454.618, 546.64
5.90281, 364.933, -164.332
6.0446, 672.779, -589.414
2.90869, -810.839, 657.347
3.56926, 259.206, 528.082
4.44412, -837.785, -572.861
4.44927, 895.22, 904.267
3.92018, 384.292, -461.554
4.6123, 567.649, 553.669
2.55658, -610.155, -436.449
3.72027, 965.885, -616.466
4.49072, -726.963, 639.597
6.64177, -646.277, 202.001
3.78584, 975.779, -684.6
3.59705, -796.886, -532.769
6.47385, 391.959, 269.416
5.8476, 505.793, 392.462
5.49108, -887.223, 267.336
5.99917, -362.474, -545.891
5.13062, 525.184, -765.024
4.14833, 176.209, 107.637
3.30844, -713.931, 405.893
6.56633, 720.388, -29.3194
4.08004, 477.987, 113.73
4.05369, 57.0282, -729.392
4.65424, 36.1469, 176.065
4.46509, -258.935, -482.032
4.43916, -48.2378, -106.486
4.34871, -843.322, -441.462
5.88118, 343.553, -492.19
6.10384, 457.098, 27.8803
7.20082, -78.3632, 889.603
5.08573, -79.1415, -356.9
5.5282, -196.269, 322.718
5.85049, -699.072, 973.123
5.11404, 83.3507, -312.261
3.87105, -969.796, 658.223
7.08924, 92.3378, 285.933
3.73367, 940.019, -466.668
4.77876, 387.951, 687.829
3.30374, -955.566, 637.742
4.68319, 415.585, 413.772
7.45767, 503.272, 164.946
6.26931, -440.924, 391.345
4.97846, -991.329, -657.581
7.01651, -673.441, -840.103
4.68213, 493.334, 565.866
5.09239, 169.539, -987.176
4.44866, 88.0504, -866.164
5.63431, -228.324, -568.337
5.19331, 418.538, 318.107
4.35955, 631.878, -439.392
2.54674, -379.079, 371.788
6.3794, 41.895, -792.294
2.85317, -889.373, -558.694
3.98511, 447.457, -679.456
4.78581, -42.4842, -900.058
3.25156, -106.583, 39.8913
5.97819, 667.382, -428.189
4.15587, 363.34, 156.169
5.21197, 973.674, -884.931
2.64678, 712.542, -996.413
5.38086, -20.7046, -244.681
5.18133, 358.834, 477.821
7.36678, -755.055, -928.703
5.57063, -297.375, -623.335
5.26431, -748.052, 215.151
6.69051, -285.853, 907.973
3.75764, -482.095, 948.185
6.98957, 627.57, -150.669
5.97428, 521.027, -510.634
5.82752, -472.769, -96.2734
3.06838, -580.843, -766.94
3.37987, -987.653, 93.9762
2.91253, -136.181, 198.614
6.68103, -249.307, 374.731
2.64818, 946.431, -753.066
6.34719, -11.2295, -839.612
4.29829, -499.778, 867.988
6.24626, -0.00384937, 538.126
6.28385, 363.302, 343.737
3.60834, -538.823, -927.135
5.58305, 305.238, 125.271
3.66846, -550.369, -256.942
6.22052, -668.181, 305.95
5.80997, -904.83, -680.573
4.9209, 898.488, -749.991
2.58972, 828.05, 241.988
4.98291, 443.807, 187.336
5.09587, -116.572, -892.438
4.71395, -869.543, 543.336
4.14528, -64.4305, 954.196
3.52671, 486.499, -108.112
7.19863, -254.834, -657.092
2.85168, -491.009, 929.545
3.30042, 52.6444, -752.151
6.70788, -790.27, 33.9674
4.13614, -152.437, -263.144
6.85942, 153.69, 427.101
5.99896, 673.138, 516.474
5.52801, 870.439, -221.831
4.77536, 79.0235, -275.6
2.91543, -519.167, -196.011
3.94883, -55.2302, -156.617
6.51009, -567.335, -789.96
6.81821, 338.475, 55.7481
3.81831, 423.073, -512.454
4.79881, -837.922, -234.407
4.95672, 591.091, -533.928
5.82344, -467.747, -993.405
7.31738, -626.364, -149.741
7.23022, 591.458, -731.999
2.81902, 212.901, -657.609
5.04829, -414.505, -305.395
6.13222, 668.665, 651.831
5.65882, 604.058, -341.068
3.26658, -917.097, -909.295
5.09652, -876.108, 534.469
3.52281, -558.891, 858.189
6.03231, 399.402, -821.974
6.05786, -476.382, -10.8763
3.66304, -598.091, -243.015
6.80594, -61.5744, -128.373
2.67122, -110.912, 954.342
6.26587, -936.676, 47.6736
4.14789, 645.663, 182.925
4.65309, 73, -535.772
7.33455, 974.441, -192.864
4.05803, 734.966, 700.885
5.69762, 994.962, -703.146
5.95386, 863.939, -63.7836
5.36403, 82.9546, 630.745
6.60667, 890.539, -681.635
4.21807, -917.396, -688.931
5.09387, -807.005, -779.812
6.78438, 122.951, -955.056
6.18587, 348.959, 34.007
3.45992, -954.091, 396.664
2.83145, -308.252, 341.931
3.60828, 844.439, -720.044
3.33656, 171.978, -239.614
6.31172, 382.238, -946.964
5.44905, -845.287, 427.288
4.65223, 859.396, 851.054
7.09618, 662.444, 11.9467
5.09668, 447.598, 202.944
7.38058, -677.213, -18.4639
5.15714, -453.481, 148.665
2.98716, 334.101, 396.975
5.83983, 221.372, 97.512
5.44444, 143.088, -10.1494
5.01137, -698.115, -116.744
2.75808, -936.545, 462.629
2.6753, -358.254, 43.4667
4.41484, -785.629, -509.822
5.55555, 194.219, 103.654
5.06574, 544.46, 871.908
5.98498, 300.329, -26.63
4.89891, -26.2649, -184.943
3.88323, 68.3963, 420.93
6.01685, -439.772, 211.019
3.67701, 876.452, 60.8857
6.41501, 194.728, -173.102
6.60589, 362.906, 840.384
3.21842, -539.334, 54.7782
5.75757, -496.963, 799.252
3.87677, 871.801, -990.23
7.26215, -441.841, 717.484
4.58238, -754.02, 13.6529
3.03869, -127.005, 404.888
4.70633, -800.205, 532.323
6.28811, -406.572, -310.348
2.77803, -338.487, -322.883
3.51241, -29.3799, 146.313
6.82305, 948.47, -771.687
6.52456, -265.217, -16.1746
2.78861, -680.79, -675.507
4.40304, -63.8114, -701.49
4.56124, -151.558, 767.335
2.80071, -383.285, 302.586
7.09746, 795.442, 629.273
3.35398, 540.027, 802.485
6.51634, -936.417, 146.479
3.88599, 723.25, 44.4755
4.44586, 173.691, 738.963
7.19936, 51.3928, 623.784
6.24573, 159.76, -160.057
3.44774, -323.871, 761.511
6.89581, 437.781, 486.214
6.8953, 420.147, -854.138
3.30515, -819.944, -280.614
5.87346, -807.051, -166.406
6.89096, 626.146, 125.268
6.98262, 270.124, 538.393
3.06535, -26.998, 756.753
5.93789, -234.677, -245.191
3.21651, -846.159, -756.69
3.6901, 417.082, -44.7145
5.64383, 951.613, -218.061
4.312, 817.657, 360.345
4.64437, 588.556, 718.398
4.91936, -0.750645, -852.319
6.20379, -0.72661, -98.7437
3.23098, -399.527, 865.731
7.36238, -838.1, -779.374
7.3158, -522.922, -183.967
3.14741, -603.757, 666.884
5.3784, -321.685, -607.365
4.66439, 171.319, -119.572
5.50066, -235.598, -263.36
5.85098, -702.303, -140.806
4.5137, 396.145, 990.703
6.46691, 639.087, 698.436
4.89889, -980.643, -251.475
5.72449, 293.112, 278.066
4.28836, -245.303, 598.107
5.96794, -331.355, -220.99
5.83428, -416.951, -710.04
3.22071, -370.962, 709.173
7.10415, -988.531, 204.917
4.22228, 33.0287, -236.077
6.66824, -417.919, -471.676
2.74349, 269.283, -751.099
3.27936, -246.393, -83.4705
2.55765, 331.925, 511.621
3.94327, 121.8, 589.729
5.07295, -358.457, -168.964
3.65948, 684.041, 438.29
2.75022, -252.535, -69.8477
5.33091, -595.121, -852.109
6.69774, -154.853, 663.315
4.28763, -637.764, -414.377
4.3452, 178.389, 868.286
7.22226, 255.68, -73.8657
4.72425, -899.315, -188.222
6.82086, 496.543, 191.699
5.82654, -790.78, -737.896
5.79297, 162.634, 666.709
7.10736, -962.096, 963.993
5.11536, 935.659, -610.865
5.45229, 439.574, -442.396
5.79944, 669.34, 673.958
4.24765, 286.846, 460.854
4.11714, 328.616, 69.3281
7.08984, -115.086, 738.402
3.08619, 903.51, -446.645
7.31268, 672.877, -168.121
5.17978, 51.8151, -334.033
5.81447, 859.6, 636.157
5.48362, 883.084, -513.252
6.93363, -506.058, -747.856
6.67999, -673.911, -607.64
6.69339, 246.494, 204.763
6.85642, -216.791, 343.193
2.5002, -769.328, 338.569
4.77274, 257.546, 352.074
4.25696, -936.293, 146.79
5.80713, -258.31, 710.117
6.22234, -879.302, 152.864
3.3821, -114.944, -441.266
7.4621, 794.49, -816.276
5.95466, -933.951, 187.554
6.97862, 138.79, -25.2602
3.51579, 377.058, -131.017
7.2356, -455.185, -36.5554
4.88476, 906.057, -511.128
6.78578, 922.82, -745.861
6.41237, -985.754, -564.931
5.70687, 919.842, -899.408
3.14521, -725.754, 146.853
5.77944, 3.72828, 649.278
3.09199, 52.9181, 10.088
3.88793, 337.72, 806.033
6.65548, -217.182, -226.612
6.14153, -753.067, -513.974
6.74348, -597.581, 296.137
3.43989, -788.659, -954.503
6.09602, 559.269, -278.106
4.25586, 161.865, 332.721
3.34555, -415.821, -685.779
4.52383, 342.524, -552.451
4.20924, 158.742, 772.935
6.67141, 399.025, -125.519
3.9111, 698.129, 583.972
5.16766, -661.835, -471.467
6.25085, 997.318, -853.593
4.62554, -671.295, -756.093
4.66964, -572.726, 546.441
3.03022, 858.607, -933.781
6.4639, -36.0067, -467.373
3.91232, -572.221, -484.888
7.14264, -583.609, -238.641
5.37926, 233.48, 527.736
3.4895, 815.767, -287.412
5.99081, 581.882, -771.038
3.07265, 495.912, -963.332
4.22945, 309.143, 789.827
4.15646, -570.429, -235.342
6.42735, 828.72, -964.328
6.65775, 459.949, -213.085
4.21712, -740.741, 755.568
4.2603, -275.562, 884.29
6.38197, 143.908, -838.397
6.58658, -13.3775, 688.387
4.26157, -128.938, 283.246
7.09559, -436.67, -301.654
3.2877, 489.244, 252.356
5.56029, -495.791, 553.544
5.54222, -370.917, 709.05
3.16647, -252.644, -748.053
3.51409, -747.843, -476.337
4.79457, -858.046, 501.054
3.48759, -530.496, 926.516
6.77118, -837.47, 368.145
6.54562, -759.644, -694.786
2.80131, -908.865, 888.287
6.50584, -717.663, 659.265
5.49597, -200.78, -544.961
7.43182, -892.476, 310.288
2.65919, -172.3, 625.375
6.8356, 947.718, -784.581
3.69109, 668.72, 342.354
3.6127, 179.269, 433.774
4.73907, -996.385, -543.466
2.61231, 865.419, -179.415
6.79755, -247.284, 26.7572
4.15902, 218.674, 587.872
5.72195, 307.681, 248.112
7.43521, -947.886, -481.808
5.30162, 284.647, -584.468
4.74553, -758.593, -246.138
5.213, 171.712, -723.301
2.90797, 773.192, -32.7979
3.99606, -798.673, -274.672
6.63964, 825.86, 683.148
6.48936, 626.516, 940.449
5.71048, -102.586, 679.6
4.84105, 631.482, 387.788
7.15326, -196.944, -612.619
5.08798, -243.49, -65.8348
7.42924, 798.51, -544.306
5.94567, -82.947, -725.891
6.19966, -181.419, -442.168
3.46323, -392.152, -937.362
6.08881, -450.321, 626.308
6.11146, 570.139, -182.673
6.49298, 265.903, 154.104
4.23216, 255.577, -999.327
5.1481, -15.5956, -56.4326
3.19001, 715.849, -362.817
6.73218, -226.126, -201.933
6.32766, -86.1568, -887.603
7.5, 923.816, -415.131
4.24891, 483.225, 997.972
5.50367, -601.948, 593.074
3.50808, -496.593, 85.5893
6.2385, 27.5635, 151.303
6.49225, 979.132, 216.05
3.03505, -706.627, 109.542
5.35813, -507.388, 47.5562
2.84683, 357.482, -331.393
4.16036, 752.335, 689.283
5.80945, 488.087, -709.149
5.27726, 171.916, -195.921
7.12415, 229, -11.7649
2.69832, -487.167, 227.793
2.62083, -312.955, 241.369
4.61923, 220.92, -657.194
4.36987, 460.748, 136.836
2.93303, -246.904, -268.375
3.05403, -161.243, 168.935
5.31992, 370.242, -349.419
7.37269, 63.6139, 743.673
3.05066, -49.2341, -879.649
5.99352, 99.0307, 984.213
2.79674, -50.0458, -745.398
4.69755, 835.93, -109.715
5.24651, 994.252, 716.977
3.45129, 692.592, -751.376
7.36597, 312.613, 328.624
3.19593, -681.035, -84.2397
5.48978, 945.694, -433.306
7.12812, -874.167, 704.403
3.91116, -67.0553, 898.407
6.8307, -138.451, -79.6081
6.29598, -230.35, -602.644
6.10793, 345.863, 628.199
3.34241, -372.341, 366.968
3.32882, 841.646, 375.999
3.39076, -647.388, -992.241
5.87226, 336.498, -603.816
4.83484, -353.289, 35.256
6.85219, -812.633, -358.342
5.76023, -703.742, -110.387
5.80464, 764.601, 883.826
2.58037, -659.405, -592.415
4.30596, -780.878, -666.762
3.72747, 927.546, 122.134
6.93086, -939.802, -952.175
5.23701, 826.368, 772.751
6.57209, -25.9288, -654.681
5.24453, 166.471, 873.003
4.16156, 506.655, -56.4585
4.40213, 25.8529, -655.065
2.52389, 933.967, 656.253
6.95226, -90.8525, -397.227
6.16955, -499.199, 687.01
6.04239, -154.03, 678.627
5.1278, 52.7104, -188.201
6.41065, -192.563, -816.841
3.42484, -384.352, -470.424
5.72673, 241.592, 513.133
3.42178, -691.431, -345.257
3.31214, 66.0733, -88.2884
2.65594, -181.888, 851.484
7.42716, 130.136, -665.44
4.04559, -332.809, -719.374
4.11075, -673.543, -291.883
5.51155, 283.385, -239.949
2.89107, -329.779, -924.541
3.93936, -17.7903, 88.0623
5.79307, -122.966, -492.972
7.36348, -996.498, -348.854
7.27758, -363.243, -798.16
7.42745, -669.502, -300.79
7.30478, -916.111, -766.942
3.0073, -559.19, 570.45
3.71505, -122.694, -493.235
6.91151, 98.4857, -434.741
5.28805, 340.917, 703.175
6.7669, 803.936, 515.683
7.49145, -532.22, 519.581
3.99751, -250.397, -477.704
6.33157, 983.43, 490.892
4.81901, 283.382, -142.82
6.8168, -636.239, -794.964
6.99018, 861.881, 6.62424
7.377, 258.264, -417.613
2.77405, 661.267, 87.4649
6.32605, 950.458, -620.607
5.09219, -935.236, 739.735
3.46574, 938.931, -248.769
6.98252, 193.987, -542.876
6.38492, -830.52, 98.9148
2.75968, 416.751, 542.134
7.47331, -856.598, 767.045
5.93659, -0.577568, -460.114
5.94854, 889.234, 496.865
6.57666, -657.529, 823.369
7.05426, -36.2677, -434.457
3.34218, -201.384, 406.257
5.24183, -579.888, 804.939
6.53351, -474.066, -254.347
4.17803, 317.973, -528.523
5.53435, -94.5608, 44.0619
6.59602, -956.27, 334.201
7.3485, 85.1588, -246.272
6.29349, 586.477, 492.592
3.72113, -186.313, -93.5101
5.80589, -572.352, 404.506
4.21574, -447.263, -185.942
7.27146, 376.759, -397.034
2.60828, 804.556, 556.331
4.54979, -892.464, 948.39
2.55789, 588.865, -671.009
3.04964, 842.878, 203.83
5.28259, -853.707, 90.1205
4.45466, -36.8137, -233.353
7.20539, 118.2, -182.657
2.55572, 179.273, 397.932
6.22897, -225.134, -434.538
3.84293, 108.704, 131.211
4.27153, -677.28, -764.95
3.45835, -468.342, 616.64
5.14832, 296.283, -171.038
4.39478, -60.0135, -854.346
3.16407, -13.4492, -802.314
4.26563, -123.523, -567.391
4.2497, 784.274, 987.509
7.41084, 605.092, -121.115
5.25961, 153.1, -396.986
4.99918, 13.1134, -713.545
3.58531, -834.796, 459.168
4.37311, -229.697, -654.001
6.78251, -669.006, -472.842
6.45578, 786.867, -509.217
3.9204, -497.842, 928.431
5.07645, 437.774, 99.686
6.79238, -296.123, -26.9263
7.07844, -958.468, -175.427
7.48941, 137.226, 918.895
6.53177, 173.763, -197.518
5.22718, -912.796, -183.568
7.3461, 149.421, -739.667
5.31931, -585.562, 362.669
4.03031, -414.343, 661.3
5.41853, 969.677, 955.815
2.91197, 44.2537, -334.145
5.47382, 362.762, 616.737
3.31968, -599.166, -591.694
6.46527, -605.979, -438.077
2.95373, 578.434, 743.494
6.3072, -505.919, -679.973
6.83996, -216.611, 34.0489
6.40105, 193.321, -334.602
6.61399, 908.701, 973.278
6.70974, 372.844, 554.035
4.48328, 536.514, 256.011
6.508, -160.977, 169.236
6.56811, 381.498, -44.4624
5.43493, -410.385, 101.804
4.64621, 797.212, -51.2966
2.5002, -71.7238, -480.111
5.31153, -816.266, 316.16
6.22632, 335.293, 357.928
3.89846, 963.99, 304.574
2.93406, -989.489, 565.514
3.5733, 853.535, -881.56
3.93296, -492.584, 562.129
4.86595, -408.202, 476.269
6.95893, 846.078, 819.944
5.91955, 504.963, -498.778
3.54376, -52.0681, -63.9041
6.67533, 795.472, 12.7387
7.09218, 945.901, 917.415
4.48244, -474.255, -702.519
6.37858, 541.276, 542.618
5.68161, -162.588, -91.0163
6.64746, 483.975, 294.067
3.40204, 560.341, -455.879
7.45927, 575.647, -760.249
6.70558, -150.176, -845.45
4.65177, 889.553, 267.028
4.38589, 597.096, 891.817
2.70802, 657.304, -506.379
6.80715, -811.753, -542.63
6.62116, 909.425, -912.696
6.25052, 23.621, 737.813
3.55801, -165.091, 996.428
4.31029, -782.17, -192.567
4.43545, -592.105, -806.075
7.32918, 798.769, 646.74
6.5872, -166.42, 633.989
4.5755, -82.9176, 449.893
5.83759, 206.672, 185.327
2.52101, 478.146, 974.893
6.98048, -740.682, 252.523
3.68416, -343.348, 355.64
3.79415, 361.367, -97.0265
5.4939, 408.855, -709.889
6.89823, -852.199, 381.767
6.16299, -566.47, -593.963
6.0773, 916.268, 571.213
3.57724, -609.476, 480.96
6.30413, 678.337, -959.024
3.85351, -159.656, -562.618
2.75246, 671.483, 353.21
4.78866, 267.467, 245.629
2.58759, 450.391, -780.852
3.01129, 75.2109, -171.247
2.639, -129.11, 284.318
5.65921, -340.237, -515.079
6.34425, 87.3107, -247.454
2.74132, 525.451, -842.032
6.6924, -59.263, -630.802
6.76899, -263.287, -322.945
6.57649, -442.989, 573.463
6.85188, 795.742, 406.606
5.27222, -635.922, -174.241
6.12646, -297.947, 61.7321
3.20424, -529.237, 943.627
6.6115, 603, -524.825
5.51185, 735.665, -197.935
4.93856, 510.188, -922.573
6.14942, -289.436, 956.976
4.05164, 757.748, -669.875
3.93925, -699.263, 355.104
5.45857, -955.522, 813.264
5.34055, 658.53, 889.002
5.41059, -938.008, -577.549
2.84132, -689.858, 283.287
4.34304, 149.073, -384.769
6.28475, -930.989, -579.574
6.35297, -448.818, -870.844
4.27217, -394.247, -251.63
5.98913, 244.477, 934.395
5.08005, -690.698, -306.641
5.94494, 392.754, 130.978
6.18066, -82.3085, 615.357
2.56231, -344.275, -676.332
7.16549, 609.252, -119.545
5.37826, 134.092, 126.95
3.05587, 457.041, 975.517
4.87388, -110.926, 21.8562
3.24247, 170.555, 90.2298
4.22594, 50.9172, 451.16
7.04476, -934.008, 176.055
4.54571, 15.9033, 515.218
5.96642, -675.181, -73.6534
3.35865, 385.368, -930.83
6.21715, 894.004, -498.874
4.16319, -422.658, 640.257
4.62157, 669.934, 311.124
2.79523, -137.144, -117.102
5.09005, 287.842, -234.494
5.94425, 475.594, -582.183
5.01149, -265.513, 26.3914
6.56617, -168.838, -752.488
3.07974, 81.1502, -941.615
5.24841, 264.229, 465.76
5.06046, 413.518, 21.5489
6.02649, 951.417, 441.882
5.65083, -235.687, 892.76
4.0207, -22.6171, -631.444
6.74719, 400.448, 373.578
3.39619, 601.096, -19.5353
2.61737, -531.9, -100.343
4.19467, 743.406, 55.3
3.43818, 349.306, -82.6982
6.60467, -285.715, 193.275
6.72507, -896.215, -153.957
6.78031, 846.859, -721.738
7.37454, -955.524, 638.794
2.99587, 471.796, -448.808
2.56182, 564.357, 658.024
2.58614, 211.157, 594.283
2.64527, 253.566, 94.4226
4.1031, 153.679, -376.669
6.17815, 628.523, 303.207
3.14876, 372.728, 474.162
2.5161, -367.666, 508.395
6.91905, 138.816, -791.752
3.70482, 232.206, -576.307
4.38481, -822.585, 756.584
4.44879, 607.732, 187.27
2.81534, 595.666, 295.707
7.30792, 183.782, 961.674
3.75349, 727.483, -337.48
6.85376, -682.172, -54.7586
2.85991, -920.406, 429.401
2.70653, -628.045, 580.173
3.46378, 365.152, -524.247
3.86708, -311.168, 302.833
7.4007, -954.469, -365.955
3.60607, 324.402, -543.129
6.43119, -876.466, 857.726
4.42306, 302.4, -422.975
3.78593, 481.25, -637.645
3.91087, -951.207, 66.9894
7.33834, 869.62, -32.6408
4.22841, 770.827, 174.049
3.45922, -986.737, 738.521
5.05037, -548.203, -378.357
5.21857, -559.102, 635.818
5.72333, -634.072, -616.176
3.89738, -10.1408, 787.319
3.41887, -296.468, -721.751
2.71579, -835.636, 386.029
3.98408, -511.384, -278.043
4.25548, -231.698, 141.322
7.09372, -421.424, 733.056
5.81225, 494.835, -358.741
5.08041, 867.796, 587.583
4.03763, 618.063, 589.931
3.0007, -354.118, 155.946
3.47502, 380.606, -881.594
4.11407, 31.7367, -133.209
5.56182, 967.649, 86.4617
5.13511, 962.501, -985.981
3.45653, 254.869, 286.368
4.7178, -656.231, -429.609
4.48693, -711.628, 857.438
6.28051, -608.112, 744.886
6.6213, 737.55, 602.65
5.51573, 141.867, -343.703
3.04573, 611.407, -831.397
4.11797, 488.17, -165.491
5.03403, 7.65648, 319.353
4.76521, -648.41, 797.106
4.77315, -182.132, -463.829
4.91125, 917.822, 908.811
5.07896, 370.052, -651.593
4.50207, 193.451, 813.325
4.22945, 960.985, 486.202
6.64533, 925.958, -239.388
3.02204, -734.408, -800.776
6.40057, 588.367, 570.863
3.19919, -297.88, -239.78
2.62171, -805.965, -513.439
6.0664, 407.675, -757.84
7.15538, 158.926, -822.369
7.47667, 179.405, 175.262
3.86264, -871.99, 152.851
3.6923, -486.155, -248.579
3.87328, 965.622, 620.828
5.70836, -910.581, -731.731
5.17637, 311.27, 157.478
6.8967, 839.052, -297.759
6.75968, -657.131, -844.656
2.98004, 912.927, -33.2919
4.66818, -753.672, 195.57
3.17045, -206.672, -759.015
5.86802, -157.042, 322.053
5.34964, -53.1988, -484.074
3.66474, -625.725, 561.048
5.50306, 267.246, -691.157
2.6551, -805.553, -28.8075
7.08512, 569.871, -313.342
3.82958, 862.905, -174.418
6.50016, -185.779, -509.108
5.46389, 173.11, -717.372
5.0822, 360.919, 622.404
5.2567, 317.847, 646.392
3.47225, 509.368, -233.113
5.36152, 119.382, -744.382
3.81992, 215.043, 403.49
4.41648, -765.069, 540.178
2.73626, -753.622, -897.642
4.22823, 589.787, -671.566
3.61594, 683.456, -439.61
3.81264, 16.3199, -739.78
3.05141, -430.891, -401.574
7.40088, -706.625, 21.3046
5.93794, 812.149, 644.732
5.82158, -547.937, -380.912
5.99501, -602.542, -673.873
2.68746, -838.226, -779.428
3.6706, -628.494, -745.682
3.95397, 715.518, 694.369
3.50543, -42.4481, -262.57
2.7177, 379.109, 330.61
2.56571, -544.091, 527.034
6.07297, -528.729, 765.711
6.88348, -871.889, -632.087
5.35088, -891.222, 279.859
6.92743, 866.553, 873.674
5.20042, -356.179, -280.586
3.31357, 930.603, -648.773
3.30492, 971.363, 439.9
7.19182, 321.108, 287.963
3.45628, 555.373, -854.606
3.15761, -6.94002, -114.067
4.41122, -318.142, -4.47668
6.12674, 257.446, -267.245
2.50651, 543.24, 871.454
4.60222, 11.5057, 732.232
5.18984, 310.317, -213.945
4.86596, -239.165, 247.825
6.33003, 540.522, 876.787
2.9396, 555.179, -472.356
7.04284, 132.347, 324.474
3.20818, -880.731, -394.597
2.54782, 439.091, -52.6319
2.82267, 245.971, 505.381
4.96742, 382.198, 222.656
5.40914, 535.234, 991.748
4.03373, -950.356, 545.171
4.57091, 922.555, -69.635
4.33401, -573.646, -690.37
3.42687, 187.584, 670.13
2.76788, 635.148, 159.276
4.47222, 542.655, -65.6427
3.98388, -348.308, -131.771
5.05388, -396.6, 821.605
3.75392, -698.634, 230.783
5.01589, 967.746, 884.268
2.51168, -19.2361, 801.885
7.01807, 999.573, -448.54
2.79181, -905.654, -949.907
5.17506, -690.971, 804.531
3.95754, -387.529, 878.21
7.3023, -816.353, -267.198
4.73406, 319.073, -109.333
5.08479, 896.763, 167.386
5.93861, -256.193, 9.42645
2.72187, -160.698, 76.9246
7.2946, -799.076, 607.514
5.70852, 369.236, 160.005
2.80215, 632.286, -782.512
3.33964, 47.5142, 268.444
5.76491, 487.666, -251.063
6.19864, -769.311, 338.445
3.57011, 862.883, 198.796
4.31441, 158.191, -877.518
6.56981, -648.367, 936.037
5.32057, 807.88, -470.702
7.45886, -39.8089, -902.215
6.5669, -763.802, 398.864
3.49157, -995.807, -23.2487
2.50003, -165.346, -858.514
4.62608, 946.501, -786.652
4.07406, 832.03, 192.513
5.56218, 607.237, -935.195
3.83351, -193.108, -544.733
4.39881, -595.343, -60.6429
5.43397, 971.915, 291.802
5.95636, -141.695, -517.843
7.26736, -460.503, -572.706
4.89785, -292.746, -956.516
3.60319, 374.773, -732.738
5.33741, -726.254, -445.894
6.09873, 435.511, 364.943
4.4953, -481.394, 568.885
3.48326, -691.763, 996.727
6.66971, -686.955, -763.251
5.59561, -447.041, -875.86
7.26866, -296.144, 170.733
3.23222, -14.4359, -282.554
5.38953, 41.7033, -460.819
7.26796, -391.622, 725.788
3.62331, 720.159, -976.073
7.25137, -487.622, 814.199
3.07874, 803.38, -518.986
2.58372, 29.3558, -264.722
3.90465, -345.313, -174.44
7.15042, 652.218, 166.16
3.04796, 744.873, 871.829
6.77266, 31.4989, 832.807
5.68532, -727.472, -733.132
5.63853, 409.186, -710.408
3.80589, 732.859, 740.625
5.13936, -951.241, 221.75
7.16608, -265.828, 917.428
3.98055, 924.511, 99.9853
4.78006, 155.212, 459.158
6.35659, -657.041, -625.456
4.17193, 97.1282, 114.251
6.31775, -39.4797, -947.919
6.65892, -29.9563, 944.065
2.64618, -725.338, 568.739
4.31315, 716.179, -268.033
4.16221, 293.645, 460.368
3.17675, -520.342, -307.671
3.00839, -307.261, 623.987
5.11327, -610.651, 817.005
3.52046, 30.6653, -535.644
5.00728, -870.411, -632.594
5.1371, 4.7569, 962.296
4.13422, -270.634, -293.206
4.75888, 225.872, -446.608
6.85263, -7.56284, 989.338
4.72884, 647.127, 865.72
6.03726, -459.282, -922.211
6.83171, 917.264, -699.519
6.5822, 872.852, 222.828
2.67504, 898.214, 837.235
3.8644, -655.49, -235.819
5.21858, -423.24, -431.024
3.19942, -995.967, -539.224
5.57408, -781.747, -936.629
3.29182, -697.534, -606.175
4.41129, 98.6604, 221.442
5.94997, -94.2316, 189.778
3.21128, -388.268, 459.96
5.65284, -785.352, 796.172
3.15973, 200.737, 936.846
7.13583, -742.795, 255.838
5.53465, -940.25, 785.3
5.50388, -922.321, 369.393
3.33635, 613.284, -533.852
3.301, -863.371, -401.763
5.91628, 625.607, -30.3907
5.1456, -717.161, -14.5193
3.65264, -130.661, 814.562
6.55373, -502.479, -58.5578
5.76477, -420.962, -561.64
4.08597, -548.812, -582.738
2.53953, -263.127, -817.211
3.49176, 723.805, 749.823
3.78831, -9.26359, 382.433
3.03825, 894.157, 38.8356
3.49545, 133.641, -437.291
6.75079, 803.754, -772.568
6.63912, -986.13, 220.687
6.76813, -960.713, -550.651
5.71027, 284.834, 780.584
3.6787, 731.599, -992.064
6.80638, -502.607, -811.488
5.4745, 37.2319, -101.45
2.52745, 508.122, -28.6218
6.84925, -667.443, -476.733
7.37729, 651.476, 107.098
5.59653, 380.262, 13.0311
3.85574, -947.107, 379.236
7.46973, -158.271, -636.752
4.60751, -724.624, -531.284
4.20537, -795.477, -615.947
4.80717, 360.714, -138.447
4.44822, 265.069, -378.565
4.613, -51.3439, 515.715
2.84879, 132.362, 286.612
5.5153, -67.8664, -133.652
7.36114, -49.6867, 231.749
5.07406, -696.735, -537.11
7.45461, 957.511, -137.851
5.84906, 632.132, -149.322
4.01716, -606.06, 71.0923
3.47371, 876.645, 564.69
4.0109, -709.066, -939.286
4.93946, -334.529, 461.781
4.72438, 529.591, 976.484
5.7844, 319.209, -943.618
3.74227, -781.414, -668.268
4.72007, 55.0779, 556.403
5.75894, -691.728, 55.5296
6.67472, -713.27, 188.026
6.03698, 204.227, 824.885
4.93928, -872.759, -600.974
6.72039, 400.318, -240.048
7.00296, -496.108, -181.97
6.33082, -650.338, -527.827
5.29453, 628.234, 847.833
2.70603, -27.1085, 97.3882
5.46749, 564.854, 65.1519
2.68674, -683.295, 830.827
4.53488, 21.5146, 437.076
2.84243, -977.871, -882.85
7.38558, -779.847, -882.642
2.5956, -518.343, -232.727
6.60363, -162.507, -276.583
5.2195, -371.024, 880.745
5.72828, 793.062, -332.441
3.62934, -260.757, 60.6621
2.733, 827.073, -693.678
3.63154, 215.643, -556.729
4.58371, -633.555, 135.483
6.40126, 266.44, -632.758
3.72852, -922.602, 392.283
4.81411, 662.604, 79.3563
6.14756, 929.48, 291.689
5.35237, -330.226, 816.955
5.45997, 927.523, 929.818
4.98425, -946.227, 281.464
3.951, 497.858, 107.706
4.71107, -2.67464, -225.08
2.53669, 855.707, -395.641
7.41683, 506.089, -363.268
2.52822, -811.747, -142.922
4.8676, -94.7327, 736.203
5.86497, -309.996, -121.77
