6.27803, -736.51, -997.133
3.5948, 63.9961, -88.3412
5.89648, 358.777, -904.611
5.09708, -233.934, 871.973
2.76731, -931.791, 659.761
2.53849, 339.265, 60.2556
4.58743, -862.529, -232.718
7.15218, 178.193, 374.434
2.95982, 52.7249, 692.161
6.00595, -164.337, 313.281
3.81226, 525.905, 819.235
4.14117, 471.934, -903.425
7.45519, 511.443, 263.52
7.41275, -508.535, -273.695
5.75759, 505.529, 444.459
6.92354, 262.891, -852.871
6.33247, -125.077, -453.703
3.87453, -520.715, -46.7013
4.93259, -671.875, -299.851
2.80282, 819.48, 792.811
5.08146, 8.45708, 807.03
4.96988, 970.994, -362.389
7.23882, -816.815, -468.167
4.42071, -7.61122, -843.578
5.14874, 826.03, -447.084
2.75042, 880.042, -68.4346
6.63909, 540.731, 528.711
5.94228, -965.012, -747.858
6.18112, 259.005, 735.836
6.94286, 994.217, 450.494
4.25508, -384.923, -534.166
6.72991, 182.33, 26.3192
3.84659, 668.116, -165.087
4.83959, 73.5694, -171.001
3.2686, -642.899, -421.862
2.66527, 607.804, 142.727
7.2768, -4.40408, 70.6405
6.95369, 109.594, 495.379
3.29884, 682.004, 248.658
3.15214, 429.106, -573.62
2.515, -451.423, -817.142
6.0491, -954.772, -175.8
3.40448, -517.21, 873.17
5.76029, 773.222, -363.453
4.42907, 363.876, -698.876
3.23766, -4.73895, -226.704
5.45054, 687.148, 173.422
3.24076, 115.721, 910.055
3.2091, -182.005, 964.797
4.94257, -494.466, 128.694
3.13015, 915.217, -70.7245
5.64635, -360.044, -598.915
5.60817, 301.681, -744.81
4.88216, -502.296, 604.442
2.64188, -587.561, -230.707
3.21011, -143.912, 802.088
3.15594, -180.066, 892.864
3.31099, -817.906, 765.174
3.76529, -268.805, -855.506
4.77654, 569.565, -731.943
6.54472, -94.9421, -300.437
3.57624, 302.876, 861.094
3.75063, 817.007, 362.744
5.02978, -57.8137, 721.151
6.27922, 634.974, 194.831
5.66369, 903.36, -72.4827
5.9449, 644.368, -124.329
7.27207, 972.216, 406.437
5.18713, -422.247, 706.144
4.57014, -789.196, 31.7265
4.70019, 752.198, 154.408
6.07821, 737.434, 459.065
6.20858, 411.09, 599.771
5.12494, 771.381, -960.71
6.06711, -867.751, -73.7881
5.91025, 334.806, -21.8853
6.82941, 832.55, -599.948
3.19597, 86.629, 777.773
3.57766, 975.15, -100.083
5.0733, -366.742, -109.586
4.83766, -119.875, 758.156
3.55759, -268.553, 612.511
5.65244, -692.438, 993.037
2.5044, -988.968, 223.995
4.09589, 453.757, 545.569
5.90281, 364.065, -160.47
6.0446, 671.763, -588.386
2.90869, -809.787, 656.187
3.56926, 263.013, 531.483
4.44412, -836.233, -572.126
4.44927, 897.524, 903.511
3.92018, 383.527, -461.287
4.6123, 566.297, 552.546
2.55658, -607.834, -437.527
3.72027, 953.444, -618.415
4.49072, -724.642, 642.433
6.64177, -646.913, 201.681
3.78584, 974.25, -685.72
3.59705, -800.383, -532.849
6.47385, 391.028, 269.089
5.8476, 504.329, 392.073
5.49108, -889.797, 278.77
5.99917, -363.017, -544.304
5.13062, 525.918, -763.317
4.14833, 180.614, 104.098
3.30844, -714.292, 404.453
6.56633, 719.327, -28.8144
4.08004, 478.047, 114.672
4.05369, 55.8414, -730.436
4.65424, 35.752, 173.025
4.46509, -248.994, -477.457
4.43916, -48.8359, -110.246
4.34871, -840.772, -442.301
5.88118, 343.31, -492.788
6.10384, 455.114, 28.0058
7.20082, -72.2058, 892.945
5.08573, -79.3053, -357.258
5.5282, -195.161, 322.866
5.85049, -696.585, 975.551
5.11404, 82.1755, -310.527
3.87105, -964.365, 653.506
7.08924, 93.4261, 285.527
3.73367, 937.44, -464.857
4.77876, 386.334, 685.794
3.30374, -954.796, 635.958
4.68319, 414.445, 411.615
7.45767, 500.75, 166.829
6.26931, -440.052, 391.134
4.97846, -988.608, -656.555
7.01651, -663.657, -839.858
4.68213, 492.925, 563.882
5.09239, 168.954, -984.831
4.44866, 88.1331, -863.868
5.63431, -226.028, -568.178
5.19331, 416.848, 318.115
4.35955, 632.131, -438.883
2.54674, -369.821, 365.353
6.3794, 41.471, -790.445
2.85317, -888.229, -559.769
3.98511, 446.269, -679.541
4.78581, -42.2601, -896.829
3.25156, -95.7743, 41.4628
5.97819, 667.997, -429.634
4.15587, 370.851, 160.098
5.21197, 972.142, -882.953
2.64678, 715.636, -991.486
5.38086, -21.1884, -240.645
5.18133, 364.086, 475.565
7.36678, -756.321, -926.713
5.57063, -297.633, -621.414
5.26431, -746.749, 213.606
6.69051, -280.203, 906.745
3.75764, -484.415, 942.618
6.98957, 629.899, -146.32
5.97428, 516.919, -506.96
5.82752, -472.929, -95.8579
3.06838, -580.248, -768.471
3.37987, -984.516, 94.4205
2.91253, -136.17, 196.861
6.68103, -248.085, 373.098
2.64818, 942.109, -758.97
6.34719, -3.26216, -849.135
4.29829, -501.401, 866.843
6.24626, 1.47263, 536.362
6.28385, 362.901, 342.478
3.60834, -538.269, -924.973
5.58305, 305.144, 126.456
3.66846, -549.949, -254.883
6.22052, -668.805, 304.718
5.80997, -908.958, -683.84
4.9209, 901.673, -748.058
2.58972, 828.061, 240.239
4.98291, 445.517, 193.962
5.09587, -113.808, -889.557
4.71395, -874.431, 532.897
4.14528, -62.9477, 951.452
3.52671, 485.683, -107.638
7.19863, -252.579, -654.556
2.85168, -499.695, 927.216
3.30042, 52.13, -749.472
6.70788, -788.586, 32.8467
4.13614, -157.812, -269.814
6.85942, 156.098, 427.289
5.99896, 672.173, 516.18
5.52801, 869.699, -221.011
4.77536, 79.2891, -271.421
2.91543, -520.669, -181.898
3.94883, -55.1302, -152.456
6.51009, -569.216, -788.245
6.81821, 335.701, 56.7162
3.81831, 422.135, -511.685
4.79881, -836.854, -235.214
4.95672, 603.72, -526.978
5.82344, -467.487, -991.107
7.31738, -626.623, -151.949
7.23022, 587, -733.457
2.81902, 223.955, -656.283
5.04829, -407.427, -309.271
6.13222, 668.455, 654.882
5.65882, 602.205, -339.986
3.26658, -916.075, -908.915
5.09652, -868.386, 541.218
3.52281, -557.585, 856.332
6.03231, 399.741, -821.328
6.05786, -475.328, -13.2515
3.66304, -583.702, -237.365
6.80594, -65.3947, -133.792
2.67122, -110.08, 952.09
6.26587, -935.979, 49.9559
4.14789, 643.927, 177.543
4.65309, 72.0498, -534.574
7.33455, 970.941, -193.334
4.05803, 733.874, 697.831
5.69762, 990.976, -701.88
5.95386, 865.952, -62.6463
5.36403, 80.9698, 629.587
6.60667, 891.237, -682.8
4.21807, -906.608, -682.443
5.09387, -808.509, -777.295
6.78438, 122.671, -952.825
6.18587, 347.3, 37.455
3.45992, -948.635, 392.008
2.83145, -308.181, 341.087
3.60828, 844.566, -718.88
3.33656, 171.076, -236.977
6.31172, 382.155, -939.714
5.44905, -844.205, 425.569
4.65223, 859.497, 852.076
7.09618, 661.308, 12.0659
5.09668, 445.752, 194.925
7.38058, -678.082, -20.0746
5.15714, -453.201, 147.729
2.98716, 334.15, 394.592
5.83983, 219.612, 98.1672
5.44444, 140.547, -20.8141
5.01137, -702.515, -109.923
2.75808, -934.182, 460.977
2.6753, -350.077, 32.053
4.41484, -785.68, -511.691
5.55555, 191.552, 103.567
5.06574, 542.463, 873.966
5.98498, 301.589, -26.4928
4.89891, -25.6391, -185.264
3.88323, 68.3613, 421.437
6.01685, -439.432, 210.062
3.67701, 875.542, 59.2926
6.41501, 190.765, -174.73
6.60589, 361.629, 838.376
3.21842, -537.191, 53.9733
5.75757, -492.325, 805.064
3.87677, 870.608, -987.917
7.26215, -436.275, 716.712
4.58238, -752.704, 13.8763
3.03869, -126.81, 403.972
4.70633, -799.125, 531.888
6.28811, -416.746, -303.835
2.77803, -338.556, -321.233
3.51241, -28.5704, 145.438
6.82305, 945.019, -783.212
6.52456, -265.383, -13.7339
2.78861, -679.952, -674.089
4.40304, -64.0787, -701.424
4.56124, -148.58, 766.071
2.80071, -382.283, 302.535
7.09746, 800.578, 640.849
3.35398, 538.874, 803.378
6.51634, -934.704, 148.762
3.88599, 723.498, 45.3111
4.44586, 173.155, 738.557
7.19936, 52.3151, 623.672
6.24573, 160.41, -162.39
3.44774, -324.545, 760.545
6.89581, 436.815, 485.571
6.8953, 418.797, -852.06
3.30515, -811.595, -265.651
5.87346, -805.519, -166.327
6.89096, 627.024, 126.011
6.98262, 263.571, 531.512
3.06535, -25.9733, 755.541
5.93789, -233.797, -248.633
3.21651, -842.591, -759.988
3.6901, 415.537, -44.6557
5.64383, 949.063, -218.025
4.312, 817.277, 360.954
4.64437, 588.512, 717.949
4.91936, -8.15356, -843.148
6.20379, -1.87871, -103.321
3.23098, -395.278, 866.673
7.36238, -836.77, -776.342
7.3158, -517.914, -190.828
3.14741, -602.365, 665.816
5.3784, -320.342, -607.042
4.66439, 170.82, -121.4
5.50066, -240.628, -261.207
5.85098, -700.293, -136.397
4.5137, 396.356, 989.059
6.46691, 639.647, 696.412
4.89889, -978.276, -251.032
5.72449, 295.244, 277.247
4.28836, -245.864, 598.755
5.96794, -330.838, -220.844
5.83428, -416.972, -707.179
3.22071, -374.773, 710.25
7.10415, -983.632, 215.73
4.22228, 32.445, -235.898
6.66824, -416.539, -470.724
2.74349, 270.058, -749.107
3.27936, -247.371, -72.4132
2.55765, 331.561, 510.116
3.94327, 121.327, 589.192
5.07295, -350.191, -171.761
3.65948, 683.266, 437.947
2.75022, -240.872, -67.0915
5.33091, -595.437, -848.923
6.69774, -153.643, 671.462
4.28763, -644.023, -424.654
4.3452, 167.465, 871.102
7.22226, 255.999, -73.5809
4.72425, -907.791, -183.328
6.82086, 495.242, 188.938
5.82654, -789.761, -736.927
5.79297, 163.788, 665.949
7.10736, -960.896, 962.786
5.11536, 940.701, -615.219
5.45229, 439.338, -442.199
5.79944, 668.622, 670.109
4.24765, 291.859, 460.466
4.11714, 336.587, 58.6514
7.08984, -111.801, 738.838
3.08619, 903.624, -446.27
7.31268, 676.189, -171.215
5.17978, 46.6038, -332.265
5.81447, 856.581, 635.187
5.48362, 889.6, -506.812
6.93363, -506.147, -746.563
6.67999, -670.695, -607.56
6.69339, 246.649, 203.953
6.85642, -215.104, 341.431
2.5002, -768.812, 334.493
4.77274, 258.206, 351.117
4.25696, -933.002, 152.526
5.80713, -258.059, 709.316
6.22234, -873.075, 152.815
3.3821, -118.833, -446.315
7.4621, 794.497, -814.223
5.95466, -932.939, 173.757
6.97862, 141.607, -16.8696
3.51579, 374.526, -131.644
7.2356, -456.424, -36.4505
4.88476, 894.543, -505.077
6.78578, 921.81, -746.596
6.41237, -981.927, -560.422
5.70687, 913.431, -905.035
3.14521, -724.782, 147.741
5.77944, 4.07239, 649.691
3.09199, 53.0786, 9.58537
3.88793, 336.224, 804.702
6.65548, -220.009, -227.028
6.14153, -752.321, -513.58
6.74348, -597.82, 295.918
3.43989, -784.737, -947.558
6.09602, 558.489, -278.816
4.25586, 160.574, 332.559
3.34555, -415.884, -687.432
4.52383, 339.381, -549.658
4.20924, 159.027, 771.485
6.67141, 394.672, -125.57
3.9111, 698.019, 584.096
5.16766, -672.421, -477.113
6.25085, 994.753, -852.942
4.62554, -686.859, -763.162
4.66964, -570.403, 547.099
3.03022, 857.984, -932.701
6.4639, -37.8799, -466.513
3.91232, -573.105, -483.847
7.14264, -579.819, -236.779
5.37926, 240.979, 519.128
3.4895, 817.128, -288.823
5.99081, 574.681, -756.451
3.07265, 495.479, -960.56
4.22945, 307.137, 788.104
4.15646, -585.88, -238.282
6.42735, 828.461, -962.615
6.65775, 459.657, -212.866
4.21712, -740.069, 755.135
4.2603, -274.619, 887.18
6.38197, 146.379, -832.973
6.58658, -12.8414, 688.102
4.26157, -130.147, 284.614
7.09559, -432.381, -301.248
3.2877, 490.809, 253.296
5.56029, -487.084, 565.208
5.54222, -374.802, 710.286
3.16647, -252.102, -746.338
3.51409, -746.252, -477.396
4.79457, -857.15, 501.155
3.48759, -527.9, 927.564
6.77118, -841.068, 374.895
6.54562, -759.624, -693.254
2.80131, -907.291, 886.633
6.50584, -718.167, 655.978
5.49597, -192.971, -543.674
7.43182, -891.283, 308.196
2.65919, -162.681, 639.487
6.8356, 946.731, -770.981
3.69109, 668.97, 348.419
3.6127, 176.604, 432.042
4.73907, -990.799, -544.17
2.61231, 861.453, -173.298
6.79755, -255.023, 21.1555
4.15902, 213.448, 590.868
5.72195, 306.577, 249.915
7.43521, -945.986, -482.612
5.30162, 284.599, -583.91
4.74553, -758.171, -246.22
5.213, 170.811, -717.348
2.90797, 773.104, -32.8123
3.99606, -805.752, -272.009
6.63964, 823.412, 679.963
6.48936, 625.761, 937.957
5.71048, -103.045, 679.733
4.84105, 630.874, 386.723
7.15326, -197.882, -610.694
5.08798, -249.041, -72.6918
7.42924, 798.07, -541.145
5.94567, -81.3911, -723.839
6.19966, -180.998, -445.823
3.46323, -392.451, -935.243
6.08881, -451.497, 625.009
6.11146, 570.032, -181.433
6.49298, 266.355, 153.869
4.23216, 255.372, -997.277
5.1481, -15.7763, -58.8829
3.19001, 715.903, -361.369
6.73218, -225.332, -205.779
6.32766, -84.7037, -885.484
7.5, 923.458, -417.235
4.24891, 483.06, 994.336
5.50367, -601.126, 591.441
3.50808, -496.246, 84.5825
6.2385, 28.3631, 152.323
6.49225, 976.805, 216.213
3.03505, -706.118, 109.328
5.35813, -507.211, 47.3517
2.84683, 358.652, -333.639
4.16036, 748.967, 689.409
5.80945, 487.059, -708.302
5.27726, 170.982, -193.247
7.12415, 228.946, -11.7238
2.69832, -486.073, 226.809
2.62083, -311.842, 240.358
4.61923, 214.546, -656.85
4.36987, 460.815, 136.157
2.93303, -234.546, -257.46
3.05403, -162.922, 166.158
5.31992, 368.727, -348.374
7.37269, 61.8345, 742.507
3.05066, -47.619, -882.518
5.99352, 99.0461, 981.797
2.79674, -50.3, -743.244
4.69755, 835.53, -108.529
5.24651, 992.553, 716.223
3.45129, 691.61, -750.453
7.36597, 313.756, 327.495
3.19593, -676.148, -69.8458
5.48978, 941.687, -432.752
7.12812, -873.149, 704.178
3.91116, -77.4606, 888.858
6.8307, -140.246, -81.4864
6.29598, -228.31, -601.049
6.10793, 356.173, 622.264
3.34241, -377.221, 370.549
3.32882, 837.734, 374.501
3.39076, -647.394, -990.186
5.87226, 335.658, -602.486
4.83484, -355.198, 40.336
6.85219, -811.297, -358.183
5.76023, -696.082, -117.937
5.80464, 762.833, 881.492
2.58037, -661.337, -597.084
4.30596, -779.018, -666.624
3.72747, 925.338, 119.763
6.93086, -937.813, -950.442
5.23701, 825.033, 773.64
6.57209, -26.348, -651.667
5.24453, 175.053, 867.994
4.16156, 506.365, -55.8435
4.40213, 24.6032, -654.78
2.52389, 932.156, 654.955
6.95226, -90.588, -397.317
6.16955, -497.709, 686.098
6.04239, -153.767, 666.473
5.1278, 54.677, -187.266
6.41065, -191.519, -815.312
3.42484, -385.566, -470.457
5.72673, 244.646, 512.432
3.42178, -689.671, -343.309
3.31214, 63.9694, -87.3084
2.65594, -181.932, 850.567
7.42716, 130.355, -665.635
4.04559, -331.935, -717.566
4.11075, -670.071, -295.903
5.51155, 287.798, -232.844
2.89107, -329.53, -922.988
3.93936, -19.7778, 89.7186
5.79307, -123.237, -493.45
7.36348, -993.595, -349.053
7.27758, -363.178, -796.493
7.42745, -670.571, -288.72
7.30478, -914.103, -763.992
3.0073, -558.71, 568.504
3.71505, -126.051, -490.536
6.91151, 98.9847, -433.527
5.28805, 340.601, 701.098
6.7669, 802.992, 515.968
7.49145, -535.939, 523.719
3.99751, -258.019, -482.035
6.33157, 979.193, 488.252
4.81901, 284.26, -143.513
6.8168, -636.265, -793.307
6.99018, 860.733, 5.0939
7.377, 257.952, -416.694
2.77405, 660.694, 79.6991
6.32605, 948.626, -617.621
5.09219, -933.797, 739.396
3.46574, 929.164, -240.528
6.98252, 195.583, -543.232
6.38492, -831.809, 98.155
2.75968, 415.991, 541.37
7.47331, -854.406, 765.64
5.93659, -2.69765, -459.243
5.94854, 888.211, 496.776
6.57666, -657.281, 820.326
7.05426, -36.6458, -436.422
3.34218, -201.384, 404.412
5.24183, -580.174, 804.138
6.53351, -482.972, -251.997
4.17803, 320.946, -532.521
5.53435, -102.419, 38.6348
6.59602, -952.95, 334.076
7.3485, 84.2065, -246.838
6.29349, 584.891, 493.018
3.72113, -183.046, -92.942
5.80589, -572.202, 403.595
4.21574, -448.098, -186.637
7.27146, 376.056, -396.352
2.60828, 803.7, 555.791
4.54979, -891.932, 946.882
2.55789, 589.512, -672.332
3.04964, 841.293, 200.284
5.28259, -849.855, 91.6971
4.45466, -30.5987, -235.633
7.20539, 117.919, -182.698
2.55572, 179.303, 395.657
6.22897, -223.443, -435.6
3.84293, 110.033, 128.225
4.27153, -676.896, -761.356
3.45835, -464.847, 617.199
5.14832, 295.846, -169.944
4.39478, -58.4194, -855.323
3.16407, -12.7422, -802.791
4.26563, -125.284, -565.392
4.2497, 783.875, 985.801
7.41084, 610.04, -121.794
5.25961, 150.446, -382.594
4.99918, 13.536, -714.182
3.58531, -834.638, 457.241
4.37311, -232.158, -651.619
6.78251, -663.845, -470.441
6.45578, 789.465, -510.729
3.9204, -491.451, 929.051
5.07645, 437.427, 100.676
6.79238, -293.766, -25.1212
7.07844, -944.659, -172.62
7.48941, 136.514, 916.626
6.53177, 173.714, -195.55
5.22718, -902.758, -185.066
7.3461, 149.853, -737.314
5.31931, -585.232, 362.638
4.03031, -415.856, 660.109
5.41853, 966.84, 953.233
2.91197, 55.7471, -332.017
5.47382, 352.433, 623.796
3.31968, -598.662, -591.664
6.46527, -609.558, -436.887
2.95373, 579.018, 740.79
6.3072, -505.414, -679.778
6.83996, -219.964, 32.4923
6.40105, 191.922, -334.449
6.61399, 908.602, 970.259
6.70974, 372.557, 553.326
4.48328, 531.721, 256.297
6.508, -159.197, 170.387
6.56811, 380.723, -44.1278
5.43493, -409.897, 101.253
4.64621, 796.078, -50.2262
2.5002, -67.6943, -479.172
5.31153, -815.376, 316.667
6.22632, 336.104, 355.276
3.89846, 966.339, 295.402
2.93406, -987.016, 565.082
3.5733, 853.466, -880.798
3.93296, -492.974, 555.926
4.86595, -406.773, 475.307
6.95893, 845.335, 819.88
5.91955, 508.15, -500.681
3.54376, -50.5805, -65.8859
6.67533, 794.314, 12.0382
7.09218, 940.27, 917.682
4.48244, -474.871, -701.282
6.37858, 541.807, 536.682
5.68161, -161.401, -90.5428
6.64746, 483.511, 291.943
3.40204, 558.522, -458.751
7.45927, 579.959, -765.729
6.70558, -151.057, -844.931
4.65177, 888.424, 266.084
4.38589, 596.745, 890.001
2.70802, 655.535, -505.738
6.80715, -807.091, -539.284
6.62116, 913.141, -905.269
6.25052, 15.3388, 733.045
3.55801, -165.193, 993.561
4.31029, -781.852, -192.249
4.43545, -591.336, -803.144
7.32918, 804.878, 638.919
6.5872, -168.313, 631.06
4.5755, -82.3468, 449.33
5.83759, 205.777, 183.867
2.52101, 477.287, 975.528
6.98048, -741.142, 253.279
3.68416, -343.464, 355.239
3.79415, 359.178, -95.9
5.4939, 406.575, -707.518
6.89823, -843.025, 377.79
6.16299, -565.355, -591.999
6.0773, 913.548, 570.682
3.57724, -608.379, 481.062
6.30413, 678.625, -958.024
3.85351, -160.552, -560.394
2.75246, 667.241, 341.211
4.78866, 268.885, 245.686
2.58759, 449.083, -779.097
3.01129, 75.1828, -175.814
2.639, -129.75, 282.519
5.65921, -340.891, -515.687
6.34425, 85.7622, -247.621
2.74132, 525.614, -840.603
6.6924, -57.9249, -630.659
6.76899, -263.06, -320.39
6.57649, -444.918, 574.086
6.85188, 795.061, 405.636
5.27222, -633.909, -171.89
6.12646, -295.97, 59.5474
3.20424, -527.37, 937.129
6.6115, 600.341, -530.984
5.51185, 733.803, -197.361
4.93856, 508.954, -920.781
6.14942, -288.439, 953.156
4.05164, 757.588, -669.226
3.93925, -699.367, 354.034
5.45857, -953.156, 810.725
5.34055, 656.26, 885.742
5.41059, -928.445, -578.622
2.84132, -689.415, 283.198
4.34304, 152.341, -383.476
6.28475, -937.09, -576.012
6.35297, -447.421, -873.907
4.27217, -394.058, -252.4
5.98913, 242.992, 932.541
5.08005, -682.339, -302.785
5.94494, 391.357, 131.966
6.18066, -82.1446, 615.754
2.56231, -343.533, -675.111
7.16549, 607.16, -122.718
5.37826, 133.549, 126.444
3.05587, 459.423, 974.625
4.87388, -108.824, 25.6514
3.24247, 174.315, 95.1343
4.22594, 50.9768, 449.733
7.04476, -932.945, 184.685
4.54571, 15.3098, 516.565
5.96642, -679.376, -77.1384
3.35865, 382.561, -936.042
6.21715, 893.555, -506.897
4.16319, -423.865, 641.551
4.62157, 667.68, 311.515
2.79523, -137.291, -115.031
5.09005, 282.318, -239.484
5.94425, 474.532, -581.411
5.01149, -254.522, 20.5181
6.56617, -169.134, -751.39
3.07974, 81.8141, -939.444
5.24841, 267.193, 465.461
5.06046, 411.489, 21.3106
6.02649, 953.791, 441.619
5.65083, -237.116, 889.431
4.0207, -24.4055, -634.399
6.74719, 400.09, 371.901
3.39619, 602.458, -20.5006
2.61737, -530.59, -100.267
4.19467, 740.048, 53.9335
3.43818, 350.89, -85.2348
6.60467, -286.495, 189.667
6.72507, -895.647, -156.744
6.78031, 846.945, -720.541
7.37454, -954.472, 641.682
2.99587, 470.067, -448.388
2.56182, 564.484, 656.877
2.58614, 220.371, 584.85
2.64527, 252.197, 95.1273
4.1031, 151.325, -391.697
6.17815, 627.648, 302.584
3.14876, 361.989, 476.107
2.5161, -368.044, 507.347
6.91905, 139.122, -790.927
3.70482, 231.39, -574.543
4.38481, -821.06, 760.178
4.44879, 610.279, 186.066
2.81534, 595.935, 295.069
7.30792, 183.697, 958.336
3.75349, 726.779, -338.248
6.85376, -680.25, -59.0218
2.85991, -918.81, 427.264
2.70653, -624.647, 577.547
3.46378, 362.834, -523.637
3.86708, -310.519, 302.861
7.4007, -953.218, -365.605
3.60607, 324.835, -539.104
6.43119, -875.817, 856.413
4.42306, 301.07, -422.233
3.78593, 480.115, -637.044
3.91087, -947.597, 65.6586
7.33834, 868.452, -34.1911
4.22841, 768.376, 172.471
3.45922, -984.214, 737.832
5.05037, -548.144, -377.15
5.21857, -558.016, 634.57
5.72333, -637.53, -615.617
3.89738, -10.2819, 788.185
3.41887, -296.583, -719.936
2.71579, -844.659, 375.687
3.98408, -502.627, -264.508
4.25548, -231.542, 140.767
7.09372, -421.338, 727.606
5.81225, 506.312, -363.004
5.08041, 866.847, 586.15
4.03763, 616.229, 588.282
3.0007, -352.978, 155.288
3.47502, 380.04, -880.956
4.11407, 31.4753, -132.032
5.56182, 964.704, 86.6634
5.13511, 961.207, -984.336
3.45653, 257.07, 285.087
4.7178, -647.81, -427.84
4.48693, -709.766, 855.123
6.28051, -607.158, 744.812
6.6213, 736.901, 602.621
5.51573, 142.005, -344.463
3.04573, 610.125, -829.312
4.11797, 487.201, -165.4
5.03403, 8.32351, 318.715
4.76521, -648.239, 798.845
4.77315, -181.134, -460.804
4.91125, 918.031, 910.489
5.07896, 369.502, -651.296
4.50207, 199.341, 819.35
4.22945, 962.905, 484.87
6.64533, 929.525, -240.815
3.02204, -732.823, -798.68
6.40057, 586.464, 568.747
3.19919, -297.624, -239.451
2.62171, -800.701, -516.324
6.0664, 407.04, -755.251
7.15538, 154.816, -822.509
7.47667, 181.737, 174.748
3.86264, -882.045, 152.909
3.6923, -475.969, -255.197
3.87328, 963.282, 620.12
5.70836, -909.002, -731.049
5.17637, 310.696, 155.877
6.8967, 836.169, -297.006
6.75968, -665.474, -839.286
2.98004, 909.279, -35.8272
4.66818, -750.399, 199.637
3.17045, -205.474, -757.585
5.86802, -162.259, 315.329
5.34964, -53.4745, -479.796
3.66474, -623.747, 563.423
5.50306, 266.646, -689.7
2.6551, -803.544, -28.1704
7.08512, 568.85, -312.238
3.82958, 864.172, -178.817
6.50016, -184.775, -509.529
5.46389, 168.91, -723.933
5.0822, 357.455, 618.055
5.2567, 319.772, 644.004
3.47225, 506.843, -233.611
5.36152, 121.757, -743.303
3.81992, 213.738, 402.721
4.41648, -765.381, 539.718
2.73626, -754.902, -897.562
4.22823, 587.614, -671.166
3.61594, 678.339, -436.498
3.81264, 17.0814, -737.224
3.05141, -430.09, -402.411
7.40088, -705.845, 20.0687
5.93794, 795.899, 639.931
5.82158, -547.742, -380.811
5.99501, -601.856, -673.074
2.68746, -833.268, -775.132
3.6706, -629.05, -745.754
3.95397, 717.888, 693.947
3.50543, -39.1686, -259.403
2.7177, 375.388, 332.995
2.56571, -530.729, 520.451
6.07297, -527.51, 765.543
6.88348, -872.028, -629.47
5.35088, -887.318, 270.829
6.92743, 865.88, 870.5
5.20042, -356.558, -280.039
3.31357, 929.958, -647.577
3.30492, 967.304, 440.372
7.19182, 319.034, 287.391
3.45628, 554.148, -852.533
3.15761, -3.89656, -107.261
4.41122, -314.847, -5.41869
6.12674, 257.882, -265.095
2.50651, 539.997, 874.056
4.60222, 22.8053, 736.465
5.18984, 307.752, -214.065
4.86596, -238.748, 247.271
6.33003, 543.913, 871.004
2.9396, 555.027, -469.408
7.04284, 133.891, 323.798
3.20818, -876.232, -395.812
2.54782, 435.829, -51.6441
2.82267, 238.932, 523.035
4.96742, 381.809, 222.461
5.40914, 531.943, 983.394
4.03373, -948.623, 544.82
4.57091, 915.995, -69.0972
4.33401, -574.683, -688.825
3.42687, 184.808, 668.815
2.76788, 640.129, 162.789
4.47222, 541.277, -65.4351
3.98388, -347.925, -132.09
5.05388, -396.26, 820.723
3.75392, -700.106, 230.257
5.01589, 964.64, 885.193
2.51168, -15.1741, 796.697
7.01807, 996.617, -448.153
2.79181, -906.145, -948.095
5.17506, -688.129, 805.041
3.95754, -383.48, 874.927
7.3023, -813.661, -273.341
4.73406, 319.869, -109.203
5.08479, 894.636, 167.756
5.93861, -256.005, 17.3812
2.72187, -160.62, 75.964
7.2946, -798.086, 606.81
5.70852, 363.656, 155.496
2.80215, 629.987, -780.819
3.33964, 48.7461, 268.139
5.76491, 487.6, -249.149
6.19864, -769.492, 339.383
3.57011, 859.823, 201.117
4.31441, 157.198, -874.118
6.56981, -648.09, 934.668
5.32057, 807.799, -470.591
7.45886, -41.5791, -897.102
6.5669, -763.645, 397.335
3.49157, -993.747, -22.9948
2.50003, -160.816, -853.008
4.62608, 943.186, -776.219
4.07406, 835, 195.729
5.56218, 606.842, -933.642
3.83351, -202.315, -544.184
4.39881, -595.037, -61.2699
5.43397, 965.162, 297.448
5.95636, -141.498, -515.015
7.26736, -459.098, -571.723
4.89785, -292.882, -954.397
3.60319, 376.181, -730.221
5.33741, -724.536, -447.296
6.09873, 432.67, 364.126
4.4953, -490.816, 561.82
3.48326, -690.215, 990.164
6.66971, -674.073, -758.404
5.59561, -449.009, -869.328
7.26866, -294.233, 172.789
3.23222, -14.3576, -279.385
5.38953, 40.4599, -459.855
7.26796, -392.421, 722.378
3.62331, 720.596, -978.164
7.25137, -491.094, 807.121
3.07874, 798.012, -517.989
2.58372, 29.7026, -261.896
3.90465, -354.31, -170.073
7.15042, 646.49, 168.56
3.04796, 746.92, 872.028
6.77266, 30.179, 829.759
5.68532, -726.363, -732.158
5.63853, 409.248, -711.694
3.80589, 726.209, 744.3
5.13936, -950.951, 219.652
7.16608, -269.036, 912.544
3.98055, 923.21, 101.643
4.78006, 155.965, 455.997
6.35659, -656.517, -620.602
4.17193, 100.101, 116.545
6.31775, -39.5558, -943.56
6.65892, -30.0912, 943.027
2.64618, -725.153, 568.271
4.31315, 715.283, -267.576
4.16221, 283.539, 461.228
3.17675, -518.992, -304.21
3.00839, -306.593, 623.636
5.11327, -609.894, 815.017
3.52046, 30.6541, -534.252
5.00728, -867.306, -631.024
5.1371, 2.60654, 961.698
4.13422, -268.872, -292.932
4.75888, 226.207, -444.977
6.85263, -7.39756, 985.08
4.72884, 645.484, 865.247
6.03726, -458.856, -919.363
6.83171, 914.937, -699.213
6.5822, 870.191, 220.953
2.67504, 895.403, 837.768
3.8644, -653.881, -236.531
5.21858, -422.728, -430.818
3.19942, -990.554, -545.476
5.57408, -778.859, -935.973
3.29182, -692.131, -605.5
4.41129, 99.0796, 221.117
5.94997, -94.3643, 189.479
3.21128, -389.241, 460.952
5.65284, -785.026, 794.223
3.15973, 199.213, 936.273
7.13583, -740.398, 251.999
5.53465, -939.263, 784.811
5.50388, -922.07, 370.941
3.33635, 595.572, -527.216
3.301, -863.629, -401.221
5.91628, 623.766, -29.773
5.1456, -714.531, -13.8187
3.65264, -132.3, 810.895
6.55373, -502.319, -58.1844
5.76477, -420.386, -560.717
4.08597, -552.718, -584.482
2.53953, -262.513, -815.818
3.49176, 729.912, 740.429
3.78831, -8.4763, 381.996
3.03825, 891.042, 38.6754
3.49545, 132.309, -435.007
6.75079, 803.754, -771.936
6.63912, -984.796, 211.267
6.76813, -960.33, -552.477
5.71027, 285.825, 779.615
3.6787, 727.639, -988.21
6.80638, -502.649, -809.679
5.4745, 36.802, -102.578
2.52745, 507.137, -30.2163
6.84925, -662.237, -472.783
7.37729, 649.895, 106.437
5.59653, 379.13, 13.6647
3.85574, -942.634, 380.243
7.46973, -159.332, -634.492
4.60751, -723.203, -529.869
4.20537, -794.753, -615.363
4.80717, 363.63, -137.581
4.44822, 264.306, -379.387
4.613, -50.1295, 515.4
2.84879, 131.84, 287.57
5.5153, -57.7274, -127.056
7.36114, -49.7156, 230.813
5.07406, -696.821, -535.603
7.45461, 955.429, -137.664
5.84906, 626.69, -147.181
4.01716, -605.721, 70.5484
3.47371, 874.996, 566.647
4.0109, -709.954, -937.167
4.93946, -334.938, 461.268
4.72438, 531.456, 982.177
5.7844, 319.848, -941.331
3.74227, -779.783, -668.712
4.72007, 54.8798, 555.814
5.75894, -691.904, 53.4929
6.67472, -713.897, 188.931
6.03698, 198.496, 818.563
4.93928, -871.187, -602.833
6.72039, 399.781, -238.954
7.00296, -499.436, -183.956
6.33082, -651.099, -526.359
5.29453, 628.889, 848.811
2.70603, -19.6129, 89.7591
5.46749, 564.192, 65.5934
2.68674, -680.445, 827.1
4.53488, 23.3171, 437.004
2.84243, -976.098, -881.941
7.38558, -777.68, -882.47
2.5956, -517.171, -233.705
6.60363, -159.331, -271.603
5.2195, -375.808, 877.498
5.72828, 791.767, -332.581
3.62934, -260.746, 56.3846
2.733, 828.646, -695.21
3.63154, 214.425, -555.815
4.58371, -633.582, 135.186
6.40126, 265.942, -631.795
3.72852, -922.437, 387.997
4.81411, 658.694, 88.9096
6.14756, 928.833, 291.182
5.35237, -330.48, 815.853
5.45997, 928.598, 923.839
4.98425, -943.449, 280.971
3.951, 493.577, 109.516
4.71107, -4.40646, -226.697
2.53669, 854.573, -396.038
7.41683, 496.101, -358.902
2.52822, -809.763, -146.349
4.8676, -99.6164, 735.919
5.86497, -310.447, -122.046
