6.27803, -736.893, -999.77
3.5948, 65.6265, -84.7111
5.89648, 357.807, -905.812
5.09708, -233.058, 869.56
2.76731, -930.917, 661.773
2.53849, 338.973, 56.3227
4.58743, -866.035, -233.132
7.15218, 177.97, 373.607
2.95982, 53.7736, 692.32
6.00595, -167.828, 308.128
3.81226, 524.506, 820.541
4.14117, 472.146, -904.947
7.45519, 512.715, 265.149
7.41275, -506.165, -269.741
5.75759, 506.623, 445.256
6.92354, 263.241, -854.496
6.33247, -127.044, -454.544
3.87453, -524.181, -44.6936
4.93259, -667.339, -282.387
2.80282, 818.496, 795.134
5.08146, 9.00499, 809.138
4.96988, 973.112, -361.968
7.23882, -818.405, -467.745
4.42071, -2.02826, -852.391
5.14874, 827.515, -445.928
2.75042, 881.841, -70.9223
6.63909, 540.42, 523.364
5.94228, -968.02, -749.163
6.18112, 259.081, 736.445
6.94286, 998.567, 450.799
4.25508, -387.181, -533.65
6.72991, 182.234, 26.5302
3.84659, 682.063, -175.143
4.83959, 75.3946, -171.864
3.2686, -643.501, -425.373
2.66527, 605.03, 143.267
7.2768, -3.13792, 69.0253
6.95369, 109.2, 496.494
3.29884, 683.923, 249.621
3.15214, 429.396, -574.43
2.515, -450.869, -817.954
6.0491, -946.75, -171.726
3.40448, -519.968, 875.603
5.76029, 773.924, -364.812
4.42907, 362.779, -699.294
3.23766, -4.80809, -225.546
5.45054, 690.854, 174.301
3.24076, 112.537, 910.756
3.2091, -182.432, 966.473
4.94257, -495.651, 129.715
3.13015, 922.967, -67.8331
5.64635, -361.391, -600.367
5.60817, 302.446, -746.442
4.88216, -504.164, 606.021
2.64188, -593.149, -221.926
3.21011, -146.787, 803.241
3.15594, -179.425, 894.815
3.31099, -815.767, 770.922
3.76529, -269.284, -857.694
4.77654, 566.522, -729.935
6.54472, -95.3647, -300.913
3.57624, 303.261, 863.179
3.75063, 817.395, 362.101
5.02978, -57.5013, 721.677
6.27922, 635.111, 200.359
5.66369, 902.728, -75.2933
5.9449, 649.033, -121.552
7.27207, 974.136, 404.561
5.18713, -421.419, 702.774
4.57014, -791.45, 31.6718
4.70019, 753.058, 153.504
6.07821, 738.445, 459.463
6.20858, 412.922, 601.315
5.12494, 772.012, -961.732
6.06711, -869.472, -73.3873
5.91025, 335.319, -22.096
6.82941, 833.213, -600.82
3.19597, 87.8021, 779.867
3.57766, 978.456, -99.3627
5.0733, -368.402, -108.074
4.83766, -120.511, 762.658
3.55759, -269.601, 613.241
5.65244, -691.073, 995.857
2.5044, -998.113, 232.162
4.09589, 454.601, 546.618
5.90281, 364.915, -164.258
6.0446, 672.759, -589.394
2.90869, -810.818, 657.323
3.56926, 259.228, 528.107
4.44412, -837.754, -572.846
4.44927, 895.263, 904.249
3.92018, 384.277, -461.549
4.6123, 567.622, 553.648
2.55658, -609.331, -436.775
3.72027, 965.687, -616.503
4.49072, -726.921, 639.646
6.64177, -646.29, 201.994
3.78584, 975.747, -684.621
3.59705, -796.941, -532.758
6.47385, 391.941, 269.409
5.8476, 505.764, 392.454
5.49108, -887.259, 267.5
5.99917, -362.484, -545.86
5.13062, 525.198, -764.99
4.14833, 176.287, 107.575
3.30844, -713.938, 405.864
6.56633, 720.367, -29.3093
4.08004, 477.985, 113.75
4.05369, 57.0054, -729.411
4.65424, 36.14, 176.007
4.46509, -258.72, -481.932
4.43916, -48.248, -106.558
4.34871, -843.271, -441.478
5.88118, 343.548, -492.201
6.10384, 457.058, 27.8828
7.20082, -78.2804, 889.637
5.08573, -79.1448, -356.908
5.5282, -196.247, 322.721
5.85049, -699.025, 973.163
5.11404, 83.3273, -312.226
3.87105, -969.695, 658.138
7.08924, 92.3594, 285.925
3.73367, 939.968, -466.632
4.77876, 387.919, 687.789
3.30374, -955.49, 638.727
4.68319, 415.562, 413.729
7.45767, 503.223, 164.981
6.26931, -440.907, 391.341
4.97846, -991.275, -657.56
7.01651, -673.306, -840.082
4.68213, 493.325, 565.826
5.09239, 169.528, -987.129
4.44866, 88.0521, -866.118
5.63431, -228.278, -568.333
5.19331, 418.505, 318.107
4.35955, 631.882, -439.381
2.54674, -378.873, 371.642
6.3794, 41.8865, -792.257
2.85317, -889.35, -558.716
3.98511, 447.434, -679.458
4.78581, -41.8531, -900.479
3.25156, -106.433, 39.8643
5.97819, 667.388, -428.215
4.15587, 363.725, 156.405
5.21197, 973.643, -884.892
2.64678, 712.596, -996.321
5.38086, -20.7076, -244.607
5.18133, 358.892, 477.788
7.36678, -755.079, -928.662
5.57063, -297.38, -623.297
5.26431, -748.025, 215.126
6.69051, -285.753, 907.945
3.75764, -482.136, 948.078
6.98957, 628.105, -150.437
5.97428, 520.957, -510.569
5.82752, -472.772, -96.2653
3.06838, -580.832, -766.968
3.37987, -987.591, 93.9851
2.91253, -136.181, 198.579
6.68103, -249.283, 374.699
2.64818, 946.343, -753.179
6.34719, -11.1323, -839.722
4.29829, -499.808, 867.964
6.24626, 0.0247954, 538.092
6.28385, 363.292, 343.713
3.60834, -538.812, -927.092
5.58305, 305.237, 125.294
3.66846, -550.36, -256.9
6.22052, -668.193, 305.926
5.80997, -904.867, -680.604
4.9209, 898.547, -749.952
2.58972, 828.05, 241.954
4.98291, 443.829, 187.42
5.09587, -116.518, -892.381
4.71395, -869.634, 543.143
4.14528, -64.4014, 954.141
3.52671, 486.482, -108.102
7.19863, -254.791, -657.042
2.85168, -491.351, 929.487
3.30042, 52.6339, -752.099
6.70788, -790.497, 33.4591
4.13614, -152.511, -263.235
6.85942, 153.736, 427.103
5.99896, 673.119, 516.468
5.52801, 870.424, -221.814
4.77536, 79.0282, -275.522
2.91543, -519.184, -195.802
3.94883, -55.2269, -156.541
6.51009, -567.371, -789.926
6.81821, 338.754, 56.0442
3.81831, 423.054, -512.438
4.79881, -837.9, -234.423
4.95672, 591.224, -533.813
5.82344, -467.741, -993.359
7.31738, -626.368, -149.783
7.23022, 591.374, -732.025
2.81902, 213.225, -657.581
5.04829, -414.298, -305.534
6.13222, 668.661, 651.884
5.65882, 604.021, -341.046
3.26658, -917.077, -909.287
5.09652, -875.96, 534.59
3.52281, -558.865, 858.152
6.03231, 399.408, -821.961
6.05786, -476.361, -10.9226
3.66304, -597.881, -242.93
6.80594, -61.7919, -128.585
2.67122, -110.895, 954.297
6.26587, -936.661, 47.7172
4.14789, 645.623, 182.84
4.65309, 72.9811, -535.748
7.33455, 974.371, -192.873
4.05803, 734.945, 700.826
5.69762, 994.883, -703.121
5.95386, 863.976, -63.7612
5.36403, 82.9162, 630.722
6.60667, 890.552, -681.657
4.21807, -917.241, -688.849
5.09387, -807.032, -779.762
6.78438, 122.945, -955.011
6.18587, 348.929, 34.0714
3.45992, -953.987, 396.578
2.83145, -308.251, 341.915
3.60828, 845.219, -720.564
3.33656, 171.96, -239.562
6.31172, 382.233, -946.844
5.44905, -845.265, 427.254
4.65223, 859.396, 851.071
7.09618, 662.421, 11.9492
5.09668, 447.572, 202.832
7.38058, -677.23, -18.4966
5.15714, -453.476, 148.646
2.98716, 334.102, 396.928
5.83983, 221.338, 97.5252
5.44444, 143.061, -10.286
5.01137, -698.317, -116.51
2.75808, -936.498, 462.596
2.6753, -358.093, 43.2354
4.41484, -785.625, -509.858
5.55555, 194.178, 103.653
5.06574, 544.318, 872.382
5.98498, 300.353, -26.6275
4.89891, -26.2528, -184.949
3.88323, 68.396, 420.94
6.01685, -439.765, 211
3.67701, 876.434, 60.8545
6.41501, 194.652, -173.132
6.60589, 362.88, 840.344
3.21842, -539.292, 54.7622
5.75757, -496.898, 799.324
3.87677, 871.777, -990.184
7.26215, -441.74, 717.469
4.58238, -753.994, 13.6573
3.03869, -127.001, 404.87
4.70633, -800.183, 532.314
6.28811, -406.823, -310.172
2.77803, -338.488, -322.85
3.51241, -29.3638, 146.295
6.82305, 948.391, -771.908
6.52456, -265.22, -16.1265
2.78861, -680.773, -675.479
4.40304, -63.8162, -701.488
4.56124, -151.499, 767.311
2.80071, -383.265, 302.585
7.09746, 795.487, 629.423
3.35398, 540.005, 802.501
6.51634, -936.212, 146.896
3.88599, 723.252, 44.491
4.44586, 173.681, 738.955
7.19936, 51.4103, 623.781
6.24573, 159.771, -160.102
3.44774, -323.884, 761.491
6.89581, 437.761, 486.201
6.8953, 420.12, -854.097
3.30515, -819.825, -280.399
5.87346, -807.02, -166.405
6.89096, 626.164, 125.283
6.98262, 270.027, 538.282
3.06535, -26.9778, 756.728
5.93789, -234.649, -245.245
3.21651, -846.092, -756.747
3.6901, 417.051, -44.7131
5.64383, 951.563, -218.059
4.312, 817.702, 359.981
4.64437, 588.556, 718.388
4.91936, -0.34594, -852.133
6.20379, -0.740726, -98.8158
3.23098, -399.45, 865.746
7.36238, -837.79, -779.216
7.3158, -522.835, -184.077
3.14741, -603.729, 666.863
5.3784, -321.659, -607.358
4.66439, 171.309, -119.608
5.50066, -235.678, -263.281
5.85098, -702.262, -140.723
4.5137, 396.15, 990.67
6.46691, 639.098, 698.396
4.89889, -980.596, -251.466
5.72449, 293.152, 278.05
4.28836, -245.314, 598.12
5.96794, -331.345, -220.987
5.83428, -416.951, -709.985
3.22071, -371.064, 709.272
7.10415, -988.433, 205.06
4.22228, 33.0172, -236.072
6.66824, -417.891, -471.657
2.74349, 269.298, -751.06
3.27936, -246.401, -83.3213
2.55765, 331.918, 511.591
3.94327, 121.791, 589.719
5.07295, -358.348, -168.993
3.65948, 684.026, 438.283
2.75022, -252.274, -69.7975
5.33091, -595.127, -852.046
6.69774, -154.839, 663.408
4.28763, -637.818, -414.534
4.3452, 178.234, 868.31
7.22226, 255.686, -73.86
4.72425, -899.411, -188.152
6.82086, 496.516, 191.647
5.82654, -790.759, -737.876
5.79297, 162.656, 666.694
7.10736, -962.072, 963.969
5.11536, 935.731, -610.941
5.45229, 439.569, -442.392
5.79944, 669.325, 673.888
4.24765, 287.153, 460.837
4.11714, 328.726, 69.1827
7.08984, -115.028, 738.411
3.08619, 903.511, -446.638
7.31268, 672.924, -168.169
5.17978, 51.6119, -333.996
5.81447, 859.54, 636.137
5.48362, 883.162, -513.153
6.93363, -506.06, -747.83
6.67999, -673.853, -607.638
6.69339, 246.497, 204.747
6.85642, -216.759, 343.158
2.5002, -769.47, 339.586
4.77274, 257.559, 352.055
4.25696, -936.488, 146.332
5.80713, -258.305, 710.101
6.22234, -879.009, 152.865
3.3821, -115.009, -441.351
7.4621, 794.49, -816.235
5.95466, -933.938, 187.286
6.97862, 138.827, -25.1522
3.51579, 377.014, -131.025
7.2356, -455.209, -36.554
4.88476, 905.899, -511.036
6.78578, 922.802, -745.873
6.41237, -985.677, -564.847
5.70687, 919.751, -899.475
3.14521, -725.735, 146.87
5.77944, 3.73521, 649.286
3.09199, 52.9212, 10.078
3.88793, 337.69, 806.007
6.65548, -217.238, -226.622
6.14153, -753.052, -513.966
6.74348, -597.586, 296.133
3.43989, -788.587, -954.374
6.09602, 559.253, -278.12
4.25586, 161.84, 332.719
3.34555, -415.822, -685.808
4.52383, 342.463, -552.399
4.20924, 158.748, 772.906
6.67141, 398.941, -125.519
3.9111, 698.127, 583.975
5.16766, -662.553, -471.799
6.25085, 997.266, -853.58
4.62554, -671.469, -756.279
4.66964, -572.68, 546.453
3.03022, 858.595, -933.759
6.4639, -36.0417, -467.355
3.91232, -572.238, -484.868
7.14264, -583.559, -238.605
5.37926, 233.599, 527.604
3.4895, 815.791, -287.439
5.99081, 581.745, -770.779
3.07265, 495.904, -963.277
4.22945, 309.105, 789.793
4.15646, -570.61, -235.399
6.42735, 828.715, -964.293
6.65775, 459.943, -213.08
4.21712, -740.728, 755.559
4.2603, -275.544, 884.341
6.38197, 143.95, -838.299
6.58658, -13.367, 688.381
4.26157, -128.868, 282.714
7.09559, -436.59, -301.643
3.2877, 489.273, 252.373
5.56029, -495.685, 553.794
5.54222, -370.973, 709.027
3.16647, -252.633, -748.018
3.51409, -747.811, -476.357
4.79457, -858.028, 501.055
3.48759, -530.446, 926.527
6.77118, -837.511, 368.232
6.54562, -759.643, -694.756
2.80131, -908.834, 888.254
6.50584, -717.671, 659.204
5.49597, -200.489, -544.939
7.43182, -892.452, 310.247
2.65919, -172.112, 625.642
6.8356, 947.35, -784.773
3.69109, 668.714, 342.422
3.6127, 179.22, 433.74
4.73907, -996.218, -543.008
2.61231, 865.192, -179.003
6.79755, -247.381, 26.6757
4.15902, 218.583, 587.919
5.72195, 307.659, 248.147
7.43521, -947.848, -481.824
5.30162, 284.646, -584.457
4.74553, -758.584, -246.14
5.213, 171.771, -722.792
2.90797, 773.19, -32.798
3.99606, -798.772, -274.624
6.63964, 825.811, 683.085
6.48936, 626.501, 940.399
5.71048, -102.595, 679.603
4.84105, 631.47, 387.767
7.15326, -196.962, -612.581
5.08798, -243.623, -65.9231
7.42924, 798.502, -544.245
5.94567, -82.9165, -725.85
6.19966, -181.41, -442.235
3.46323, -392.158, -937.32
6.08881, -450.341, 626.284
6.11146, 570.137, -182.649
6.49298, 265.912, 154.1
4.23216, 255.573, -999.286
5.1481, -15.599, -56.4813
3.19001, 715.849, -362.788
6.73218, -226.11, -202.006
6.32766, -86.1284, -887.561
7.5, 923.807, -415.171
4.24891, 483.223, 997.901
5.50367, -601.931, 593.042
3.50808, -496.586, 85.5693
6.2385, 27.5787, 151.322
6.49225, 979.085, 216.053
3.03505, -706.617, 109.538
5.35813, -507.384, 47.5519
2.84683, 357.503, -331.434
4.16036, 752.271, 689.284
5.80945, 488.067, -709.132
5.27726, 172.487, -196.375
7.12415, 228.999, -11.7641
2.69832, -487.146, 227.773
2.62083, -312.933, 241.348
4.61923, 220.729, -657.189
4.36987, 460.748, 136.823
2.93303, -246.718, -268.259
3.05403, -160.583, 169.668
5.31992, 370.213, -349.4
7.37269, 63.5783, 743.649
3.05066, -49.2075, -879.693
5.99352, 99.031, 984.165
2.79674, -50.0506, -745.355
4.69755, 835.922, -109.692
5.24651, 994.218, 716.962
3.45129, 692.572, -751.358
7.36597, 312.635, 328.601
3.19593, -680.942, -84.0574
5.48978, 945.617, -433.296
7.12812, -874.147, 704.398
3.91116, -67.1892, 898.277
6.8307, -138.485, -79.6447
6.29598, -230.31, -602.612
6.10793, 345.994, 628.113
3.34241, -372.454, 367.053
3.32882, 841.57, 375.97
3.39076, -647.388, -992.199
5.87226, 336.481, -603.789
4.83484, -353.326, 35.3592
6.85219, -812.606, -358.338
5.76023, -703.488, -110.618
5.80464, 764.567, 883.781
2.58037, -659.438, -592.496
4.30596, -780.69, -666.329
3.72747, 927.502, 122.09
6.93086, -939.762, -952.14
5.23701, 826.341, 772.767
6.57209, -25.9371, -654.624
5.24453, 166.59, 872.929
4.16156, 506.65, -56.4466
4.40213, 25.8281, -655.06
2.52389, 933.931, 656.227
6.95226, -90.8473, -397.228
6.16955, -499.17, 686.992
6.04239, -154.014, 678.462
5.1278, 52.7475, -188.184
6.41065, -192.542, -816.811
3.42484, -384.375, -470.425
5.72673, 241.678, 513.086
3.42178, -691.396, -345.218
3.31214, 65.9609, -87.7021
2.65594, -181.888, 851.466
7.42716, 130.14, -665.443
4.04559, -332.791, -719.338
4.11075, -673.294, -292.079
5.51155, 283.629, -239.614
2.89107, -329.775, -924.51
3.93936, -17.8026, 88.0648
5.79307, -123.355, -492.59
7.36348, -996.44, -348.858
7.27758, -363.242, -798.127
7.42745, -669.612, -300.551
7.30478, -916.07, -766.883
3.0073, -559.18, 570.412
3.71505, -122.161, -493.791
6.91151, 98.4954, -434.717
5.28805, 340.91, 703.133
6.7669, 803.917, 515.689
7.49145, -532.261, 519.644
3.99751, -250.568, -477.799
6.33157, 983.349, 490.841
4.81901, 283.399, -142.833
6.8168, -636.239, -794.93
6.99018, 861.858, 6.59384
7.377, 258.257, -417.595
2.77405, 661.248, 87.231
6.32605, 950.415, -620.556
5.09219, -935.207, 739.728
3.46574, 938.794, -248.649
6.98252, 194.018, -542.882
6.38492, -830.542, 98.9007
2.75968, 416.736, 542.119
7.47331, -856.555, 767.016
5.93659, -0.619032, -460.097
5.94854, 889.213, 496.863
6.57666, -657.524, 823.31
7.05426, -36.2752, -434.495
3.34218, -201.384, 406.22
5.24183, -579.893, 804.923
6.53351, -474.192, -254.313
4.17803, 318.023, -528.588
5.53435, -94.6728, 43.9937
6.59602, -956.204, 334.198
7.3485, 85.596, -246.527
6.29349, 586.446, 492.6
3.72113, -186.25, -93.4989
5.80589, -572.349, 404.487
4.21574, -447.28, -185.956
7.27146, 376.745, -397.02
2.60828, 804.539, 556.321
4.54979, -892.454, 948.36
2.55789, 588.082, -670.553
3.04964, 842.859, 203.768
5.28259, -853.634, 90.1506
4.45466, -36.7039, -233.391
7.20539, 118.194, -182.658
2.55572, 179.274, 397.889
6.22897, -225.101, -434.558
3.84293, 108.733, 131.155
4.27153, -677.467, -764.701
3.45835, -468.279, 616.647
5.14832, 296.275, -171.017
4.39478, -59.9818, -854.365
3.16407, -13.4354, -802.324
4.26563, -123.558, -567.351
4.2497, 784.266, 987.475
7.41084, 605.683, -120.93
5.25961, 153.041, -396.788
4.99918, 13.1214, -713.557
3.58531, -834.793, 459.13
4.37311, -229.743, -653.953
6.78251, -668.405, -473.358
6.45578, 786.913, -509.241
3.9204, -497.595, 928.448
5.07645, 437.767, 99.7056
6.79238, -296.076, -26.8915
7.07844, -958.219, -175.374
7.48941, 137.213, 918.85
6.53177, 173.285, -197.073
5.22718, -912.663, -183.575
7.3461, 149.428, -739.621
5.31931, -585.556, 362.668
4.03031, -414.373, 661.278
5.41853, 969.62, 955.764
2.91197, 44.6593, -334.105
5.47382, 362.547, 617.239
3.31968, -599.156, -591.694
6.46527, -606.356, -437.933
2.95373, 578.445, 743.441
6.3072, -505.909, -679.969
6.83996, -216.677, 34.0186
6.40105, 193.293, -334.598
6.61399, 908.699, 973.218
6.70974, 372.838, 554.021
4.48328, 536.422, 256.016
6.508, -161.267, 168.889
6.56811, 381.482, -44.4556
5.43493, -410.375, 101.793
4.64621, 797.189, -51.2754
2.5002, -71.6528, -480.094
5.31153, -816.248, 316.17
6.22632, 335.309, 357.876
3.89846, 963.995, 304.453
2.93406, -989.439, 565.505
3.5733, 853.533, -881.545
3.93296, -492.56, 561.918
4.86595, -408.174, 476.251
6.95893, 846.063, 819.943
5.91955, 505.015, -498.807
3.54376, -52.0387, -63.9436
6.67533, 795.449, 12.7248
7.09218, 945.799, 917.417
4.48244, -474.267, -702.495
6.37858, 541.289, 542.522
5.68161, -162.566, -91.0073
6.64746, 483.966, 294.025
3.40204, 560.307, -455.929
7.45927, 575.729, -760.337
6.70558, -150.19, -845.437
4.65177, 889.531, 267.009
4.38589, 597.089, 891.781
2.70802, 657.268, -506.366
6.80715, -811.67, -542.574
6.62116, 909.467, -912.587
6.25052, 23.5081, 737.74
3.55801, -165.093, 996.371
4.31029, -782.164, -192.561
4.43545, -592.091, -806.018
7.32918, 798.893, 646.598
6.5872, -166.456, 633.937
4.5755, -82.9062, 449.881
5.83759, 206.656, 185.298
2.52101, 478.13, 974.904
6.98048, -741.005, 253.024
3.68416, -343.35, 355.632
3.79415, 361.326, -97.0081
5.4939, 409.144, -710.364
6.89823, -852.071, 381.71
6.16299, -566.453, -593.926
6.0773, 916.214, 571.202
3.57724, -609.454, 480.962
6.30413, 678.342, -959.003
3.85351, -159.673, -562.574
2.75246, 671.413, 353.041
4.78866, 267.495, 245.63
2.58759, 450.365, -780.817
3.01129, 74.8862, -170.38
2.639, -129.274, 285.184
5.65921, -340.25, -515.09
6.34425, 86.7524, -247.171
2.74132, 525.454, -842.004
6.6924, -59.2373, -630.798
6.76899, -263.282, -322.895
6.57649, -443.027, 573.475
6.85188, 795.728, 406.587
5.27222, -635.883, -174.198
6.12646, -297.907, 61.6889
3.20424, -529.2, 943.508
6.6115, 602.959, -524.934
5.51185, 735.628, -197.923
4.93856, 510.164, -922.537
6.14942, -289.416, 956.9
4.05164, 757.744, -669.862
3.93925, -699.266, 355.082
5.45857, -955.475, 813.214
5.34055, 658.486, 888.938
5.41059, -937.539, -577.643
2.84132, -689.849, 283.285
4.34304, 149.231, -384.701
6.28475, -931.348, -579.44
6.35297, -448.628, -871.359
4.27217, -394.243, -251.645
5.98913, 244.447, 934.358
5.08005, -690.549, -306.581
5.94494, 392.727, 130.998
6.18066, -82.3051, 615.365
2.56231, -344.26, -676.307
7.16549, 608.695, -119.809
5.37826, 134.083, 126.94
3.05587, 457.086, 975.498
4.87388, -110.891, 21.9252
3.24247, 170.62, 90.3165
4.22594, 50.9186, 451.132
7.04476, -933.982, 176.223
4.54571, 15.8926, 515.243
5.96642, -675.265, -73.6799
3.35865, 385.318, -930.888
6.21715, 893.986, -498.985
4.16319, -422.683, 640.282
4.62157, 669.889, 311.132
2.79523, -137.146, -117.062
5.09005, 287.562, -234.804
5.94425, 475.573, -582.168
5.01149, -265.361, 26.3072
6.56617, -168.844, -752.466
3.07974, 81.1634, -941.572
5.24841, 264.284, 465.755
5.06046, 413.478, 21.5441
6.02649, 951.458, 441.877
5.65083, -235.715, 892.698
4.0207, -22.6517, -631.498
6.74719, 400.44, 373.544
3.39619, 601.121, -19.5538
2.61737, -531.874, -100.342
4.19467, 743.341, 55.2738
3.43818, 349.334, -82.7435
6.60467, -285.729, 193.208
6.72507, -896.202, -154.01
6.78031, 846.447, -721.425
7.37454, -955.527, 638.39
2.99587, 471.762, -448.8
2.56182, 564.36, 658.001
2.58614, 211.321, 594.116
2.64527, 253.539, 94.4367
4.1031, 153.54, -376.898
6.17815, 628.506, 303.194
3.14876, 372.591, 474.18
2.5161, -367.674, 508.374
6.91905, 138.822, -791.734
3.70482, 232.191, -576.272
4.38481, -822.564, 756.64
4.44879, 607.779, 187.246
2.81534, 595.671, 295.694
7.30792, 183.78, 961.608
3.75349, 727.469, -337.494
6.85376, -682.132, -54.8319
2.85991, -920.374, 429.359
2.70653, -627.977, 580.125
3.46378, 365.107, -524.235
3.86708, -311.155, 302.834
7.4007, -954.444, -365.948
3.60607, 324.418, -543.063
6.43119, -876.454, 857.7
4.42306, 302.374, -422.961
3.78593, 481.227, -637.633
3.91087, -951.137, 66.9661
7.33834, 869.596, -32.6701
4.22841, 770.779, 174.018
3.45922, -986.687, 738.507
5.05037, -548.119, -379.113
5.21857, -559.08, 635.793
5.72333, -634.135, -616.165
3.89738, -10.1408, 787.329
3.41887, -296.47, -721.714
2.71579, -835.75, 385.884
3.98408, -511.181, -277.717
4.25548, -231.694, 141.311
7.09372, -421.418, 732.954
5.81225, 495.051, -358.821
5.08041, 867.776, 587.556
4.03763, 618.026, 589.898
3.0007, -354.095, 155.933
3.47502, 380.595, -881.581
4.11407, 31.7318, -133.187
5.56182, 967.59, 86.4656
5.13511, 962.475, -985.948
3.45653, 254.912, 286.342
4.7178, -656.093, -429.603
4.48693, -711.591, 857.392
6.28051, -608.093, 744.885
6.6213, 737.537, 602.649
5.51573, 141.87, -343.718
3.04573, 611.381, -831.355
4.11797, 488.15, -165.489
5.03403, 7.6698, 319.34
4.76521, -648.406, 797.138
4.77315, -182.112, -463.777
4.91125, 917.819, 908.841
5.07896, 370.041, -651.587
4.50207, 193.523, 813.394
4.22945, 961.017, 486.175
6.64533, 925.998, -239.395
3.02204, -734.377, -800.734
6.40057, 588.329, 570.821
3.19919, -297.875, -239.773
2.62171, -805.863, -513.491
6.0664, 407.662, -757.789
7.15538, 158.85, -822.364
7.47667, 179.45, 175.251
3.86264, -872.462, 152.848
3.6923, -486.037, -248.688
3.87328, 965.575, 620.814
5.70836, -910.549, -731.716
5.17637, 311.259, 157.447
6.8967, 838.996, -297.745
6.75968, -657.235, -844.565
2.98004, 912.855, -33.3407
4.66818, -753.609, 195.644
3.17045, -206.649, -758.987
5.86802, -157.118, 321.951
5.34964, -53.2038, -483.99
3.66474, -625.686, 561.091
5.50306, 267.234, -691.128
2.6551, -805.513, -28.7948
7.08512, 569.851, -313.32
3.82958, 863.032, -174.703
6.50016, -185.759, -509.116
5.46389, 172.956, -717.872
5.0822, 360.949, 621.889
5.2567, 317.885, 646.344
3.47225, 509.319, -233.123
5.36152, 119.428, -744.362
3.81992, 215.018, 403.475
4.41648, -765.075, 540.169
2.73626, -753.646, -897.64
4.22823, 590.225, -671.85
3.61594, 683.363, -439.554
3.81264, 16.3351, -739.731
3.05141, -430.875, -401.59
7.40088, -706.61, 21.2802
5.93794, 811.89, 644.715
5.82158, -548.006, -380.234
5.99501, -602.529, -673.857
2.68746, -838.904, -779.619
3.6706, -628.506, -745.683
3.95397, 715.56, 694.36
3.50543, -42.3848, -262.509
2.7177, 379.041, 330.653
2.56571, -543.92, 526.96
6.07297, -528.704, 765.708
6.88348, -871.338, -632.221
5.35088, -891.159, 279.745
6.92743, 866.541, 873.614
5.20042, -356.186, -280.575
3.31357, 930.589, -648.751
3.30492, 971.291, 439.908
7.19182, 321.068, 287.953
3.45628, 555.349, -854.564
3.15761, -6.89757, -113.969
4.41122, -318.078, -4.49503
6.12674, 257.454, -267.202
2.50651, 542.562, 871.826
4.60222, 11.6602, 732.286
5.18984, 310.266, -213.947
4.86596, -239.156, 247.814
6.33003, 540.914, 876.198
2.9396, 555.173, -472.305
7.04284, 132.377, 324.46
3.20818, -880.645, -394.619
2.54782, 439.027, -52.6125
2.82267, 245.821, 505.713
4.96742, 382.19, 222.652
5.40914, 535.184, 991.623
4.03373, -950.322, 545.164
4.57091, 922.26, -70.1754
4.33401, -573.667, -690.339
3.42687, 187.532, 670.104
2.76788, 635.225, 159.323
4.47222, 542.628, -65.6387
3.98388, -348.3, -131.777
5.05388, -396.593, 821.587
3.75392, -698.662, 230.773
5.01589, 967.685, 884.286
2.51168, -19.1621, 801.791
7.01807, 999.514, -448.532
2.79181, -905.664, -949.871
5.17506, -690.916, 804.54
3.95754, -387.464, 878.14
7.3023, -816.301, -267.28
4.73406, 319.089, -109.33
5.08479, 896.721, 167.394
5.93861, -256.197, 9.52193
2.72187, -160.696, 76.9053
7.2946, -799.057, 607.5
5.70852, 368.952, 159.801
2.80215, 632.24, -782.478
3.33964, 47.5388, 268.438
5.76491, 487.664, -251.025
6.19864, -769.253, 338.021
3.57011, 862.824, 198.841
4.31441, 158.171, -877.451
6.56981, -648.361, 936.009
5.32057, 807.877, -470.701
7.45886, -40.2436, -901.808
6.5669, -763.798, 398.833
3.49157, -995.766, -23.2436
2.50003, -165.265, -858.412
4.62608, 946.967, -785.779
4.07406, 832.076, 192.569
5.56218, 607.229, -935.164
3.83351, -193.487, -544.717
4.39881, -595.337, -60.6554
5.43397, 971.811, 291.87
5.95636, -141.692, -517.787
7.26736, -460.475, -572.686
4.89785, -292.749, -956.473
3.60319, 374.801, -732.688
5.33741, -726.219, -445.922
6.09873, 435.455, 364.927
4.4953, -481.526, 568.797
3.48326, -692.292, 997.275
6.66971, -686.668, -763.237
5.59561, -447.265, -875.214
7.26866, -296.108, 170.769
3.23222, -14.4342, -282.492
5.38953, 41.6785, -460.799
7.26796, -391.639, 725.722
3.62331, 720.165, -976.106
7.25137, -487.67, 814.093
3.07874, 803.283, -518.974
2.58372, 29.3628, -264.667
3.90465, -345.42, -174.389
7.15042, 652.117, 166.2
3.04796, 744.91, 871.831
6.77266, 31.4729, 832.747
5.68532, -727.45, -733.113
5.63853, 408.862, -709.924
3.80589, 732.771, 740.646
5.13936, -951.233, 221.709
7.16608, -265.881, 917.337
3.98055, 924.484, 100.016
4.78006, 155.226, 459.097
6.35659, -657.03, -625.364
4.17193, 97.1835, 114.294
6.31775, -39.481, -947.832
6.65892, -29.959, 944.044
2.64618, -725.334, 568.73
4.31315, 716.161, -268.024
4.16221, 293.237, 460.393
3.17675, -520.316, -307.602
3.00839, -307.247, 623.98
5.11327, -610.636, 816.965
3.52046, 30.665, -535.616
5.00728, -871.11, -632.31
5.1371, 4.71494, 962.283
4.13422, -270.598, -293.199
4.75888, 225.879, -446.576
6.85263, -7.55983, 989.254
4.72884, 647.094, 865.711
6.03726, -459.273, -922.155
6.83171, 917.218, -699.513
6.5822, 872.8, 222.793
2.67504, 898.158, 837.245
3.8644, -655.458, -235.833
5.21858, -423.23, -431.02
3.19942, -995.952, -540.036
5.57408, -781.688, -936.612
3.29182, -697.43, -606.16
4.41129, 98.6687, 221.435
5.94997, -94.2342, 189.772
3.21128, -388.287, 459.979
5.65284, -785.345, 796.133
3.15973, 200.708, 936.833
7.13583, -742.44, 255.288
5.53465, -940.23, 785.289
5.50388, -922.314, 369.419
3.33635, 613.083, -533.712
3.301, -863.372, -401.754
5.91628, 625.571, -30.3788
5.1456, -717.109, -14.5055
3.65264, -130.691, 814.491
6.55373, -502.474, -58.5514
5.76477, -420.95, -561.622
4.08597, -548.882, -582.769
2.53953, -263.114, -817.183
3.49176, 723.878, 749.693
3.78831, -9.24786, 382.424
3.03825, 894.095, 38.832
3.49545, 133.615, -437.245
6.75079, 803.754, -772.555
6.63912, -986.102, 220.566
6.76813, -960.701, -550.688
5.71027, 284.853, 780.564
3.6787, 731.53, -991.992
6.80638, -502.608, -811.452
5.4745, 37.2233, -101.473
2.52745, 508.102, -28.6528
6.84925, -667.451, -475.93
7.37729, 651.445, 107.086
5.59653, 380.239, 13.0437
3.85574, -947.018, 379.251
7.46973, -158.293, -636.707
4.60751, -724.596, -531.255
4.20537, -795.463, -615.935
4.80717, 360.766, -138.431
4.44822, 265.054, -378.581
4.613, -51.3198, 515.709
2.84879, 132.352, 286.63
5.5153, -67.4922, -133.389
7.36114, -49.6872, 231.73
5.07406, -696.737, -537.08
7.45461, 957.47, -137.847
5.84906, 631.442, -149.462
4.01716, -606.053, 71.0814
3.47371, 876.613, 564.727
4.0109, -709.083, -939.243
4.93946, -334.537, 461.77
4.72438, 529.61, 976.55
5.7844, 319.222, -943.572
3.74227, -781.555, -668.771
4.72007, 55.0741, 556.392
5.75894, -691.731, 55.4894
6.67472, -713.282, 188.043
6.03698, 204.146, 824.797
4.93928, -872.727, -601.008
6.72039, 400.307, -240.026
7.00296, -496.166, -182.007
6.33082, -650.353, -527.798
5.29453, 628.246, 847.852
2.70603, -27.0016, 97.2839
5.46749, 564.841, 65.1607
2.68674, -683.24, 830.755
4.53488, 21.55, 437.075
2.84243, -977.836, -882.832
7.38558, -779.804, -882.637
2.5956, -518.32, -232.746
6.60363, -162.464, -276.509
5.2195, -371.102, 880.685
5.72828, 793.036, -332.443
3.62934, -260.757, 60.5785
2.733, 827.104, -693.708
3.63154, 215.62, -556.712
4.58371, -633.555, 135.477
6.40126, 266.43, -632.739
3.72852, -922.596, 392.203
4.81411, 662.53, 79.5895
6.14756, 929.466, 291.679
5.35237, -330.231, 816.933
5.45997, 927.538, 929.708
4.98425, -946.172, 281.454
3.951, 497.777, 107.741
4.71107, -2.20447, -225.003
2.53669, 855.684, -395.649
7.41683, 505.9, -363.184
2.52822, -811.708, -142.988
4.8676, -94.8155, 736.193
5.86497, -310.004, -121.775
