6.27803, -736.577, -997.599
3.5948, 64.4882, -89.5864
5.89648, 358.605, -904.82
5.09708, -233.763, 871.504
2.76731, -931.619, 660.127
2.53849, 339.09, 58.4188
4.58743, -863.156, -232.787
7.15218, 178.153, 374.277
2.95982, 52.9122, 692.187
6.00595, -165.336, 311.942
3.81226, 525.651, 819.475
4.14117, 471.971, -903.693
7.45519, 511.662, 263.815
7.41275, -508.638, -273.834
5.75759, 505.722, 444.6
6.92354, 262.952, -853.158
6.33247, -125.487, -453.93
3.87453, -521.35, -46.3349
4.93259, -671.592, -297.007
2.80282, 819.305, 793.242
5.08146, 8.5605, 807.409
4.96988, 971.368, -362.314
7.23882, -817.095, -468.093
4.42071, -5.22996, -844.833
5.14874, 826.294, -446.875
2.75042, 880.413, -68.9047
6.63909, 540.638, 527.506
5.94228, -965.545, -748.088
6.18112, 259.018, 735.943
6.94286, 994.994, 450.547
4.25508, -385.337, -534.071
6.72991, 182.311, 26.3563
3.84659, 669.451, -165.991
4.83959, 73.728, -170.644
3.2686, -643.832, -422.401
2.66527, 607.302, 142.825
7.2768, -4.17174, 70.345
6.95369, 109.524, 495.576
3.29884, 682.343, 248.828
3.15214, 429.157, -573.763
2.515, -451.324, -817.285
6.0491, -954.493, -175.474
3.40448, -517.725, 873.613
5.76029, 773.345, -363.695
4.42907, 363.678, -698.947
3.23766, -2.72992, -226.057
5.45054, 687.809, 173.576
3.24076, 115.132, 910.171
3.2091, -182.081, 965.092
4.94257, -494.675, 128.874
3.13015, 916.153, -71.9858
5.64635, -360.282, -599.171
5.60817, 301.818, -745.098
4.88216, -502.626, 604.727
2.64188, -588.848, -228.713
3.21011, -144.451, 802.267
3.15594, -179.952, 893.208
3.31099, -817.36, 766.449
3.76529, -268.89, -855.892
4.77654, 568.963, -731.562
6.54472, -95.016, -300.521
3.57624, 302.944, 861.463
3.75063, 817.237, 361.446
5.02978, -57.7595, 721.245
6.27922, 634.996, 195.846
5.66369, 903.112, -73.0001
5.9449, 645.229, -123.811
7.27207, 972.556, 406.097
5.18713, -422.067, 705.469
4.57014, -788.583, 33.6153
4.70019, 752.344, 154.243
6.07821, 737.613, 459.135
6.20858, 411.413, 600.044
5.12494, 771.493, -960.891
6.06711, -868.055, -73.7173
5.91025, 334.9, -21.9217
6.82941, 832.667, -600.102
3.19597, 86.838, 778.143
3.57766, 975.734, -99.954
5.0733, -367.038, -109.315
4.83766, -120.013, 758.98
3.55759, -268.743, 612.642
5.65244, -692.764, 994.243
2.5044, -990.674, 225.723
4.09589, 453.906, 545.755
5.90281, 364.207, -161.163
6.0446, 671.939, -588.564
2.90869, -809.969, 656.388
3.56926, 261.593, 530.32
4.44412, -836.5, -572.25
4.44927, 897.106, 903.623
3.92018, 383.659, -461.333
4.6123, 566.53, 552.75
2.55658, -605.433, -438.423
3.72027, 956.242, -618.11
4.49072, -725.078, 641.873
6.64177, -646.802, 201.736
3.78584, 974.505, -685.515
3.59705, -799.625, -532.696
6.47385, 391.19, 269.145
5.8476, 504.582, 392.14
5.49108, -889.572, 277.36
5.99917, -362.915, -544.584
5.13062, 525.787, -763.612
4.14833, 179.758, 104.782
3.30844, -714.229, 404.703
6.56633, 719.51, -28.9018
4.08004, 478.01, 114.516
4.05369, 56.0535, -730.241
4.65424, 35.8288, 173.573
4.46509, -249.631, -477.699
4.43916, -48.7123, -109.553
4.34871, -841.215, -442.152
5.88118, 343.351, -492.68
6.10384, 455.458, 27.9841
7.20082, -73.2099, 892.399
5.08573, -79.277, -357.195
5.5282, -195.356, 322.838
5.85049, -697.04, 975.054
5.11404, 82.3805, -310.824
3.87105, -965.37, 654.404
7.08924, 93.2366, 285.597
3.73367, 937.888, -465.177
4.77876, 386.615, 686.147
3.30374, -954.919, 636.786
4.68319, 414.642, 411.991
7.45767, 501.194, 166.48
6.26931, -440.203, 391.17
4.97846, -989.079, -656.733
7.01651, -665.845, -839.779
4.68213, 492.995, 564.225
5.09239, 169.055, -985.237
4.44866, 88.1187, -864.266
5.63431, -226.426, -568.204
5.19331, 417.141, 318.112
4.35955, 632.084, -438.97
2.54674, -370.32, 365.674
6.3794, 41.5446, -790.765
2.85317, -888.424, -559.583
3.98511, 446.476, -679.526
4.78581, -40.4904, -898.865
3.25156, -96.9611, 41.1105
5.97819, 667.835, -429.348
4.15587, 371.101, 160.436
5.21197, 972.405, -883.296
2.64678, 715.019, -992.403
5.38086, -21.0295, -241.41
5.18133, 362.6, 476.113
7.36678, -756.086, -927.05
5.57063, -297.582, -621.75
5.26431, -746.964, 213.93
6.69051, -281.306, 906.919
3.75764, -483.981, 943.628
6.98957, 631.297, -146.568
5.97428, 517.753, -507.682
5.82752, -472.9, -95.9313
3.06838, -580.358, -768.183
3.37987, -985.058, 94.3435
2.91253, -136.169, 197.167
6.68103, -248.297, 373.38
2.64818, 942.824, -757.841
6.34719, -4.60115, -847.581
4.29829, -501.097, 867.03
6.24626, 1.21016, 536.677
6.28385, 362.955, 342.709
3.60834, -538.365, -925.347
5.58305, 305.16, 126.243
3.66846, -550.015, -255.232
6.22052, -668.695, 304.933
5.80997, -907.821, -682.921
4.9209, 901.081, -748.384
2.58972, 828.056, 240.545
4.98291, 445.046, 192.105
5.09587, -114.293, -890.055
4.71395, -874.329, 533.725
4.14528, -63.2089, 951.926
3.52671, 485.824, -107.72
7.19863, -252.99, -655
2.85168, -499.784, 927.354
3.30042, 52.2175, -749.956
6.70788, -789.615, 31.663
4.13614, -156.393, -268.05
6.85942, 155.666, 427.248
5.99896, 672.34, 516.231
5.52801, 869.827, -221.154
4.77536, 79.2377, -272.186
2.91543, -520.847, -183.128
3.94883, -55.132, -153.222
6.51009, -568.878, -788.546
6.81821, 336.694, 56.4606
3.81831, 422.297, -511.818
4.79881, -837.033, -235.077
4.95672, 600.882, -528.038
5.82344, -467.532, -991.505
7.31738, -626.571, -151.545
7.23022, 587.817, -733.18
2.81902, 223.737, -656.429
5.04829, -407.285, -309.494
6.13222, 668.492, 654.285
5.65882, 602.526, -340.174
3.26658, -916.251, -908.978
5.09652, -869.035, 540.959
3.52281, -557.812, 856.654
6.03231, 399.681, -821.436
6.05786, -475.515, -12.8309
3.66304, -587.366, -238.665
6.80594, -65.861, -133.753
2.67122, -110.224, 952.48
6.26587, -936.087, 49.544
4.14789, 644.173, 178.719
4.65309, 72.215, -534.781
7.33455, 971.548, -193.25
4.05803, 734.069, 698.374
5.69762, 991.674, -702.106
5.95386, 865.576, -62.8448
5.36403, 81.3231, 629.789
6.60667, 891.109, -682.591
4.21807, -909.054, -684.052
5.09387, -808.227, -777.735
6.78438, 122.719, -953.211
6.18587, 347.611, 36.8222
3.45992, -949.625, 392.873
2.83145, -308.194, 341.234
3.60828, 846.406, -720.385
3.33656, 171.232, -237.436
6.31172, 382.124, -941.321
5.44905, -844.392, 425.867
4.65223, 859.463, 851.866
7.09618, 661.505, 12.046
5.09668, 446.238, 197.01
7.38058, -677.931, -19.7996
5.15714, -453.249, 147.891
2.98716, 334.14, 395.007
5.83983, 219.922, 98.0547
5.44444, 141.132, -18.5577
5.01137, -702.869, -109.894
2.75808, -934.591, 461.263
2.6753, -350.697, 32.6954
4.41484, -785.636, -511.354
5.55555, 192.139, 103.587
5.06574, 541.545, 875.583
5.98498, 301.367, -26.5179
4.89891, -25.7506, -185.206
3.88323, 68.37, 421.348
6.01685, -439.49, 210.227
3.67701, 875.697, 59.5729
6.41501, 191.48, -174.431
6.60589, 361.851, 838.724
3.21842, -537.567, 54.1131
5.75757, -493.488, 803.469
3.87677, 870.815, -988.318
7.26215, -437.325, 716.843
4.58238, -752.931, 13.8371
3.03869, -126.843, 404.131
4.70633, -799.313, 531.963
6.28811, -416, -304.264
2.77803, -338.544, -321.519
3.51241, -28.7113, 145.589
6.82305, 945.624, -783.089
6.52456, -265.349, -14.1613
2.78861, -680.096, -674.335
4.40304, -64.0282, -701.429
4.56124, -149.101, 766.294
2.80071, -382.457, 302.544
7.09746, 799.078, 638.031
3.35398, 539.082, 803.21
6.51634, -935.033, 148.307
3.88599, 723.433, 45.1567
4.44586, 173.248, 738.626
7.19936, 52.1486, 623.69
6.24573, 160.286, -161.97
3.44774, -324.428, 760.712
6.89581, 436.982, 485.682
6.8953, 419.032, -852.422
3.30515, -813.109, -267.471
5.87346, -805.782, -166.349
6.89096, 626.873, 125.884
6.98262, 265.144, 533.035
3.06535, -26.1521, 755.749
5.93789, -233.858, -247.898
3.21651, -843.251, -759.342
3.6901, 415.801, -44.6647
5.64383, 949.513, -218.022
4.312, 817.199, 361.802
4.64437, 588.522, 718.023
4.91936, -8.08636, -844.859
6.20379, -1.55392, -102.267
3.23098, -396.078, 866.482
7.36238, -837.294, -776.999
7.3158, -518.669, -190.14
3.14741, -602.606, 666.001
5.3784, -320.581, -607.095
4.66439, 170.906, -121.08
5.50066, -240.278, -261.573
5.85098, -700.649, -137.207
4.5137, 396.319, 989.343
6.46691, 639.549, 696.764
4.89889, -978.686, -251.109
5.72449, 294.86, 277.387
4.28836, -245.762, 598.641
5.96794, -330.928, -220.869
5.83428, -416.969, -707.69
3.22071, -374.004, 709.855
7.10415, -984.38, 213.542
4.22228, 32.5469, -235.922
6.66824, -416.78, -470.889
2.74349, 269.92, -749.452
3.27936, -246.804, -75.2603
2.55765, 331.625, 510.376
3.94327, 121.41, 589.285
5.07295, -351.958, -171.084
3.65948, 683.4, 438.006
2.75022, -241.302, -66.8371
5.33091, -595.382, -849.475
6.69774, -153.93, 669.819
4.28763, -641.961, -422.543
4.3452, 168.679, 870.834
7.22226, 255.943, -73.6304
4.72425, -906.096, -184.278
6.82086, 495.464, 189.443
5.82654, -789.935, -737.094
5.79297, 163.576, 666.079
7.10736, -961.104, 962.994
5.11536, 939.51, -614.356
5.45229, 439.377, -442.232
5.79944, 668.746, 670.845
4.24765, 292.495, 460.426
4.11714, 334.488, 61.4993
7.08984, -112.443, 738.771
3.08619, 903.596, -446.339
7.31268, 676.209, -171.14
5.17978, 46.4601, -332.585
5.81447, 857.106, 635.355
5.48362, 887.661, -508.282
6.93363, -506.131, -746.787
6.67999, -671.305, -607.577
6.69339, 246.621, 204.094
6.85642, -215.404, 341.74
2.5002, -768.778, 334.31
4.77274, 258.091, 351.283
4.25696, -933.521, 151.564
5.80713, -258.102, 709.455
6.22234, -872.936, 152.824
3.3821, -118.028, -445.281
7.4621, 794.495, -814.58
5.95466, -933.146, 174.825
6.97862, 141.006, -18.6425
3.51579, 375.026, -131.491
7.2356, -456.203, -36.474
4.88476, 897.562, -506.368
6.78578, 922.001, -746.452
6.41237, -982.58, -561.26
5.70687, 914.997, -903.508
3.14521, -724.949, 147.585
5.77944, 4.01328, 649.618
3.09199, 53.0504, 9.67261
3.88793, 336.483, 804.932
6.65548, -219.52, -226.966
6.14153, -752.451, -513.648
6.74348, -597.779, 295.956
3.43989, -785.471, -948.846
6.09602, 558.622, -278.689
4.25586, 160.805, 332.593
3.34555, -415.871, -687.117
4.52383, 339.945, -550.17
4.20924, 158.978, 771.737
6.67141, 395.443, -125.553
3.9111, 698.037, 584.074
5.16766, -672.985, -477.352
6.25085, 995.197, -853.053
4.62554, -685.158, -763.319
4.66964, -570.807, 546.977
3.03022, 858.093, -932.888
6.4639, -37.536, -466.657
3.91232, -572.95, -484.027
7.14264, -580.082, -236.962
5.37926, 239.342, 521.061
3.4895, 816.865, -288.568
5.99081, 575.262, -757.955
3.07265, 495.554, -961.041
4.22945, 307.499, 788.408
4.15646, -582.665, -238.019
6.42735, 828.505, -962.911
6.65775, 459.707, -212.904
4.21712, -740.185, 755.21
4.2603, -274.787, 886.621
6.38197, 145.884, -834.008
6.58658, -12.9355, 688.152
4.26157, -130.107, 285.395
7.09559, -433.198, -301.3
3.2877, 490.516, 253.121
5.56029, -488.571, 564.127
5.54222, -374.134, 710.169
3.16647, -252.196, -746.635
3.51409, -746.527, -477.211
4.79457, -857.304, 501.133
3.48759, -528.363, 927.279
6.77118, -839.935, 373.022
6.54562, -759.624, -693.524
2.80131, -907.564, 886.92
6.50584, -718.056, 656.595
5.49597, -193.078, -543.871
7.43182, -891.49, 308.562
2.65919, -163.365, 638.449
6.8356, 946.669, -773.328
3.69109, 669.079, 347.9
3.6127, 177.099, 432.344
4.73907, -991.677, -542.325
2.61231, 861.338, -172.764
6.79755, -252.953, 22.5863
4.15902, 213.722, 590.882
5.72195, 306.771, 249.591
7.43521, -946.315, -482.472
5.30162, 284.606, -584.007
4.74553, -758.242, -246.207
5.213, 171.368, -716.637
2.90797, 773.115, -32.8087
3.99606, -804.051, -272.527
6.63964, 823.838, 680.518
6.48936, 625.892, 938.389
5.71048, -102.963, 679.711
4.84105, 630.98, 386.908
7.15326, -197.713, -611.032
5.08798, -249.196, -71.2997
7.42924, 798.153, -541.712
5.94567, -81.665, -724.198
6.19966, -181.072, -445.133
3.46323, -392.399, -935.609
6.08881, -451.262, 625.252
6.11146, 570.049, -181.649
6.49298, 266.276, 153.91
4.23216, 255.407, -997.631
5.1481, -15.7438, -58.4563
3.19001, 715.89, -361.625
6.73218, -225.469, -205.082
6.32766, -84.9604, -885.85
7.5, 923.508, -416.856
4.24891, 483.094, 994.978
5.50367, -601.265, 591.729
3.50808, -496.305, 84.7578
6.2385, 28.2186, 152.131
6.49225, 977.207, 216.185
3.03505, -706.206, 109.365
5.35813, -507.239, 47.3857
2.84683, 358.431, -333.221
4.16036, 749.582, 689.376
5.80945, 487.238, -708.449
5.27726, 172.352, -194.781
7.12415, 228.956, -11.7311
2.69832, -486.263, 226.979
2.62083, -312.034, 240.533
4.61923, 214.614, -656.961
4.36987, 460.798, 136.277
2.93303, -235.898, -259.692
3.05403, -162.836, 166.403
5.31992, 368.999, -348.57
7.37269, 62.1433, 742.71
3.05066, -47.9482, -881.888
5.99352, 99.0431, 982.215
2.79674, -50.2537, -743.62
4.69755, 835.598, -108.735
5.24651, 992.847, 716.353
3.45129, 691.78, -750.613
7.36597, 313.556, 327.691
3.19593, -676.29, -71.8088
5.48978, 942.399, -432.86
7.12812, -873.325, 704.216
3.91116, -75.774, 890.451
6.8307, -139.917, -81.1537
6.29598, -228.671, -601.325
6.10793, 353.739, 623.565
3.34241, -377.22, 370.535
3.32882, 838.431, 374.77
3.39076, -647.391, -990.541
5.87226, 335.804, -602.716
4.83484, -355.309, 40.1946
6.85219, -811.528, -358.21
5.76023, -696.421, -117.636
5.80464, 763.155, 881.905
2.58037, -660.953, -596.171
4.30596, -779.724, -667.739
3.72747, 925.72, 120.198
6.93086, -938.159, -950.743
5.23701, 825.265, 773.473
6.57209, -26.2745, -652.223
5.24453, 174.128, 868.679
4.16156, 506.414, -55.953
4.40213, 24.8206, -654.829
2.52389, 932.469, 655.18
6.95226, -90.6343, -397.302
6.16955, -497.968, 686.257
6.04239, -153.728, 668.835
5.1278, 54.3191, -187.439
6.41065, -191.701, -815.576
3.42484, -385.349, -470.452
5.72673, 244.626, 511.633
3.42178, -689.978, -343.647
3.31214, 64.1098, -85.3235
2.65594, -181.924, 850.725
7.42716, 130.317, -665.6
4.04559, -332.087, -717.88
4.11075, -668.761, -297.45
5.51155, 288.011, -232.873
2.89107, -329.574, -923.257
3.93936, -18.981, 88.9083
5.79307, -122.687, -493.859
7.36348, -994.099, -349.018
7.27758, -363.189, -796.781
7.42745, -670.984, -289.319
7.30478, -914.45, -764.507
3.0073, -558.789, 568.849
3.71505, -126.241, -490.227
6.91151, 98.8957, -433.738
5.28805, 340.654, 701.458
6.7669, 803.155, 515.918
7.49145, -535.286, 523.005
3.99751, -257.914, -481.9
6.33157, 979.962, 488.723
4.81901, 284.106, -143.388
6.8168, -636.257, -793.593
6.99018, 860.931, 5.36019
7.377, 258.006, -416.854
2.77405, 661.054, 79.3587
6.32605, 948.824, -618.201
5.09219, -934.046, 739.454
3.46574, 931.643, -242.531
6.98252, 195.298, -543.163
6.38492, -831.555, 98.2953
2.75968, 416.123, 541.502
7.47331, -854.791, 765.882
5.93659, -2.32381, -459.395
5.94854, 888.388, 496.791
6.57666, -657.322, 820.865
7.05426, -36.5792, -436.07
3.34218, -201.384, 404.733
5.24183, -580.121, 804.276
6.53351, -481.683, -252.183
4.17803, 320.33, -531.667
5.53435, -101.409, 39.6739
6.59602, -953.525, 334.096
7.3485, 85.5247, -247.356
6.29349, 585.166, 492.942
3.72113, -183.631, -93.042
5.80589, -572.228, 403.753
4.21574, -447.953, -186.515
7.27146, 376.178, -396.47
2.60828, 803.847, 555.886
4.54979, -892.024, 947.143
2.55789, 590.816, -672.961
3.04964, 841.709, 200.996
5.28259, -850.557, 91.4126
4.45466, -31.8168, -235.172
7.20539, 117.966, -182.69
2.55572, 179.297, 396.072
6.22897, -223.738, -435.413
3.84293, 109.823, 128.768
4.27153, -679.138, -760.55
3.45835, -465.504, 617.067
5.14832, 295.924, -170.138
4.39478, -58.6962, -855.148
3.16407, -12.8662, -802.707
4.26563, -124.977, -565.74
4.2497, 783.944, 986.096
7.41084, 610.982, -120.954
5.25961, 150.631, -385.386
4.99918, 13.4589, -714.061
3.58531, -834.667, 457.577
4.37311, -231.701, -652.026
6.78251, -663.177, -471.979
6.45578, 788.96, -510.406
3.9204, -491.414, 929.093
5.07645, 437.486, 100.503
6.79238, -294.176, -25.4433
7.07844, -946.084, -172.773
7.48941, 136.648, 917.022
6.53177, 172.734, -195.057
5.22718, -904.709, -184.737
7.3461, 149.76, -737.734
5.31931, -585.289, 362.642
4.03031, -415.589, 660.326
5.41853, 967.334, 953.683
2.91197, 55.6144, -332.366
5.47382, 354.225, 624.116
3.31968, -598.751, -591.673
6.46527, -610.029, -436.662
2.95373, 578.913, 741.266
6.3072, -505.503, -679.81
6.83996, -219.375, 32.7678
6.40105, 192.165, -334.474
6.61399, 908.619, 970.784
6.70974, 372.607, 553.448
4.48328, 532.582, 256.24
6.508, -159.41, 170.297
6.56811, 380.856, -44.1851
5.43493, -409.981, 101.348
4.64621, 796.276, -50.4133
2.5002, -68.4718, -479.351
5.31153, -815.53, 316.58
6.22632, 335.959, 355.74
3.89846, 965.456, 297.672
2.93406, -987.444, 565.157
3.5733, 853.478, -880.93
3.93296, -493.466, 555.285
4.86595, -407.027, 475.479
6.95893, 845.462, 819.892
5.91955, 507.474, -500.264
3.54376, -50.8409, -65.5416
6.67533, 794.514, 12.1605
7.09218, 941.346, 917.6
4.48244, -474.763, -701.497
6.37858, 541.751, 537.975
5.68161, -161.619, -90.6286
6.64746, 483.588, 292.315
3.40204, 558.859, -458.19
7.45927, 579.747, -765.641
6.70558, -150.87, -844.994
4.65177, 888.62, 266.247
4.38589, 596.804, 890.316
2.70802, 655.841, -505.849
6.80715, -807.996, -539.968
6.62116, 912.105, -907.031
6.25052, 16.3288, 733.651
3.55801, -165.174, 994.058
4.31029, -781.905, -192.305
4.43545, -591.478, -803.66
7.32918, 805.283, 640.21
6.5872, -168.382, 630.997
4.5755, -82.4457, 449.427
5.83759, 205.947, 184.127
2.52101, 477.442, 975.404
6.98048, -742.115, 254.792
3.68416, -343.441, 355.307
3.79415, 359.584, -96.1318
5.4939, 407.054, -708.054
6.89823, -845.35, 378.894
6.16299, -565.592, -592.362
6.0773, 914.021, 570.773
3.57724, -608.569, 481.044
6.30413, 678.574, -958.196
3.85351, -160.393, -560.781
2.75246, 667.772, 342.578
4.78866, 268.635, 245.671
2.58759, 449.309, -779.401
3.01129, 75.422, -175.654
2.639, -129.36, 281.179
5.65921, -340.774, -515.579
6.34425, 84.7027, -246.851
2.74132, 525.584, -840.85
6.6924, -58.1642, -630.679
6.76899, -263.099, -320.837
6.57649, -444.583, 573.978
6.85188, 795.177, 405.805
5.27222, -634.266, -172.329
6.12646, -296.315, 59.9291
3.20424, -527.698, 938.366
6.6115, 601.139, -530.632
5.51185, 734.124, -197.46
4.93856, 509.168, -921.091
6.14942, -288.613, 953.821
4.05164, 757.616, -669.338
3.93925, -699.349, 354.219
5.45857, -953.568, 811.17
5.34055, 656.661, 886.317
5.41059, -928.39, -578.917
2.84132, -689.495, 283.21
4.34304, 152.945, -381.932
6.28475, -937.494, -576.219
6.35297, -447.048, -875.105
4.27217, -394.09, -252.264
5.98913, 243.25, 932.861
5.08005, -683.952, -303.599
5.94494, 391.603, 131.792
6.18066, -82.1724, 615.684
2.56231, -343.662, -675.322
7.16549, 605.617, -122.879
5.37826, 133.656, 126.534
3.05587, 458.992, 974.773
4.87388, -109.247, 24.9348
3.24247, 173.559, 94.1831
4.22594, 50.9685, 449.983
7.04476, -933.105, 184.339
4.54571, 15.4219, 516.318
5.96642, -679.037, -76.9394
3.35865, 383.135, -934.485
6.21715, 893.543, -505.005
4.16319, -423.665, 641.317
4.62157, 668.07, 311.447
2.79523, -137.259, -115.399
5.09005, 282.211, -239.927
5.94425, 474.717, -581.545
5.01149, -257.24, 22.0274
6.56617, -169.082, -751.579
3.07974, 81.6983, -939.82
5.24841, 266.632, 465.527
5.06046, 411.843, 21.3516
6.02649, 953.324, 441.669
5.65083, -236.871, 890.041
4.0207, -24.0868, -633.837
6.74719, 400.149, 372.193
3.39619, 602.207, -20.3276
2.61737, -530.817, -100.281
4.19467, 740.648, 54.1791
3.43818, 350.586, -84.7483
6.60467, -286.339, 190.338
6.72507, -895.736, -156.241
6.78031, 845.94, -720.058
7.37454, -954.631, 640.902
2.99587, 470.369, -448.462
2.56182, 564.462, 657.076
2.58614, 219.79, 585.628
2.64527, 252.435, 95.0053
4.1031, 150.842, -390.582
6.17815, 627.8, 302.691
3.14876, 364.797, 475.51
2.5161, -367.978, 507.529
6.91905, 139.069, -791.062
3.70482, 231.535, -574.85
4.38481, -821.441, 759.359
4.44879, 609.809, 186.282
2.81534, 595.885, 295.177
7.30792, 183.709, 958.918
3.75349, 726.902, -338.111
6.85376, -680.579, -58.1774
2.85991, -919.086, 427.636
2.70653, -625.241, 578.041
3.46378, 363.243, -523.743
3.86708, -310.631, 302.855
7.4007, -953.432, -365.666
3.60607, 324.846, -539.958
6.43119, -875.929, 856.64
4.42306, 301.302, -422.362
3.78593, 480.311, -637.148
3.91087, -948.241, 65.9162
7.33834, 868.646, -33.9093
4.22841, 768.809, 172.751
3.45922, -984.651, 737.951
5.05037, -547.987, -378.979
5.21857, -558.204, 634.787
5.72333, -636.879, -615.714
3.89738, -10.2282, 787.963
3.41887, -296.561, -720.25
2.71579, -842.496, 378.174
3.98408, -503.21, -265.303
4.25548, -231.568, 140.862
7.09372, -421.316, 728.61
5.81225, 505.578, -362.773
5.08041, 867.005, 586.409
4.03763, 616.547, 588.568
3.0007, -353.175, 155.401
3.47502, 380.14, -881.063
4.11407, 31.5226, -132.245
5.56182, 965.214, 86.6276
5.13511, 961.431, -984.621
3.45653, 256.686, 285.31
4.7178, -649.59, -428.497
4.48693, -710.088, 855.524
6.28051, -607.323, 744.824
6.6213, 737.014, 602.627
5.51573, 141.982, -344.331
3.04573, 610.347, -829.672
4.11797, 487.368, -165.415
5.03403, 8.20793, 318.825
4.76521, -648.255, 798.526
4.77315, -181.307, -461.402
4.91125, 917.935, 910.164
5.07896, 369.596, -651.346
4.50207, 197.783, 817.686
4.22945, 962.515, 485.096
6.64533, 928.486, -240.279
3.02204, -733.098, -799.043
6.40057, 586.798, 569.117
3.19919, -297.67, -239.508
2.62171, -801.633, -515.778
6.0664, 407.151, -755.704
7.15538, 155.587, -822.406
7.47667, 181.322, 174.833
3.86264, -882.255, 152.894
3.6923, -477.229, -254.432
3.87328, 963.687, 620.242
5.70836, -909.275, -731.162
5.17637, 310.798, 156.16
6.8967, 836.682, -297.141
6.75968, -663.518, -840.346
2.98004, 909.918, -35.3738
4.66818, -750.986, 198.867
3.17045, -205.684, -757.833
5.86802, -160.95, 316.938
5.34964, -53.421, -480.549
3.66474, -624.093, 562.975
5.50306, 266.75, -689.952
2.6551, -803.892, -28.2813
7.08512, 569.027, -312.432
3.82958, 864.498, -179.141
6.50016, -184.95, -509.453
5.46389, 169.289, -724.436
5.0822, 358.83, 616.818
5.2567, 319.439, 644.416
3.47225, 507.292, -233.518
5.36152, 121.336, -743.495
3.81992, 213.968, 402.856
4.41648, -765.325, 539.799
2.73626, -754.671, -897.574
4.22823, 587.133, -670.715
3.61594, 679.32, -437.096
3.81264, 16.9497, -737.678
3.05141, -430.229, -402.262
7.40088, -705.979, 20.2848
5.93794, 797.631, 641.81
5.82158, -547.921, -379.423
5.99501, -601.977, -673.21
2.68746, -833.317, -775.598
3.6706, -628.953, -745.739
3.95397, 717.438, 694.016
3.50543, -39.7542, -259.973
2.7177, 376.085, 332.547
2.56571, -533.065, 521.582
6.07297, -527.721, 765.572
6.88348, -871.292, -630.181
5.35088, -887.764, 271.801
6.92743, 866.007, 871.075
5.20042, -356.492, -280.134
3.31357, 930.064, -647.794
3.30492, 968.087, 440.281
7.19182, 319.404, 287.498
3.45628, 554.362, -852.892
3.15761, -4.67459, -108.947
4.41122, -315.429, -5.25248
6.12674, 257.804, -265.47
2.50651, 539.685, 874.847
4.60222, 21.4519, 736.027
5.18984, 308.204, -214.035
4.86596, -238.821, 247.367
6.33003, 544.682, 869.935
2.9396, 555.029, -469.99
7.04284, 133.62, 323.913
3.20818, -877.051, -395.583
2.54782, 436.404, -51.8177
2.82267, 239.641, 520.911
4.96742, 381.876, 222.495
5.40914, 532.746, 985.453
4.03373, -948.923, 544.881
4.57091, 917.578, -68.0612
4.33401, -574.499, -689.095
3.42687, 185.311, 669.046
2.76788, 639.039, 161.923
4.47222, 541.517, -65.4721
3.98388, -347.991, -132.036
5.05388, -396.32, 820.874
3.75392, -699.844, 230.349
5.01589, 965.182, 885.032
2.51168, -15.9449, 797.693
7.01807, 997.129, -448.22
2.79181, -906.054, -948.409
5.17506, -688.634, 804.943
3.95754, -384.363, 875.433
7.3023, -814.354, -272.595
4.73406, 319.727, -109.226
5.08479, 895.005, 167.691
5.93861, -256.182, 15.0556
2.72187, -160.635, 76.13
7.2946, -798.257, 606.932
5.70852, 363.489, 155.539
2.80215, 630.387, -781.114
3.33964, 48.5325, 268.192
5.76491, 487.606, -249.486
6.19864, -769.51, 339.578
3.57011, 860.367, 200.712
4.31441, 157.369, -874.708
6.56981, -648.137, 934.904
5.32057, 807.81, -470.612
7.45886, -42.4086, -897.102
6.5669, -763.671, 397.601
3.49157, -994.103, -23.0388
2.50003, -161.692, -854.035
4.62608, 944.132, -775.377
4.07406, 834.35, 195.081
5.56218, 606.91, -933.911
3.83351, -202.512, -544.315
4.39881, -595.089, -61.1612
5.43397, 966.679, 295.982
5.95636, -141.538, -515.514
7.26736, -459.343, -571.893
4.89785, -292.858, -954.763
3.60319, 375.931, -730.661
5.33741, -724.834, -447.052
6.09873, 433.168, 364.266
4.4953, -488.721, 563.372
3.48326, -689.621, 990.398
6.66971, -674.223, -759.197
5.59561, -449.366, -868.494
7.26866, -294.583, 172.391
3.23222, -14.3704, -279.942
5.38953, 40.6753, -460.021
7.26796, -392.299, 722.988
3.62331, 720.491, -977.712
7.25137, -490.207, 808.814
3.07874, 799.042, -518.247
2.58372, 29.6429, -262.394
3.90465, -352.315, -171.086
7.15042, 647.616, 168.072
3.04796, 746.535, 871.976
6.77266, 30.4102, 830.29
5.68532, -726.556, -732.327
5.63853, 409.161, -711.345
3.80589, 727.395, 743.535
5.13936, -950.982, 220.02
7.16608, -268.371, 913.46
3.98055, 923.432, 101.335
4.78006, 155.83, 456.559
6.35659, -656.603, -621.482
4.17193, 99.5511, 116.12
6.31775, -39.5414, -944.317
6.65892, -30.0682, 943.203
2.64618, -725.185, 568.352
4.31315, 715.438, -267.655
4.16221, 283.814, 461.167
3.17675, -519.229, -304.814
3.00839, -306.709, 623.697
5.11327, -610.026, 815.361
3.52046, 30.6556, -534.493
5.00728, -868.822, -630.967
5.1371, 2.98669, 961.788
4.13422, -269.174, -292.97
4.75888, 226.147, -445.261
6.85263, -7.42856, 985.83
4.72884, 645.77, 865.327
6.03726, -458.93, -919.858
6.83171, 915.347, -699.27
6.5822, 870.662, 221.29
2.67504, 895.893, 837.672
3.8644, -654.158, -236.41
5.21858, -422.817, -430.854
3.19942, -991.734, -546.825
5.57408, -779.346, -936.051
3.29182, -693.096, -605.611
4.41129, 99.0068, 221.173
5.94997, -94.3407, 189.531
3.21128, -389.063, 460.772
5.65284, -785.082, 794.56
3.15973, 199.484, 936.364
7.13583, -739.785, 251.062
5.53465, -939.431, 784.89
5.50388, -922.096, 370.632
3.33635, 598.936, -527.162
3.301, -863.545, -401.334
5.91628, 624.093, -29.8834
5.1456, -714.989, -13.9416
3.65264, -131.989, 811.556
6.55373, -502.336, -58.2571
5.76477, -420.485, -560.876
4.08597, -551.974, -584.143
2.53953, -262.619, -816.058
3.49176, 728.816, 742.199
3.78831, -8.61264, 382.072
3.03825, 891.583, 38.6997
3.49545, 132.545, -435.401
6.75079, 803.754, -772.044
6.63912, -985.114, 213.129
6.76813, -960.364, -552.158
5.71027, 285.643, 779.778
3.6787, 728.413, -988.92
6.80638, -502.642, -809.992
5.4745, 36.8764, -102.379
2.52745, 507.306, -29.9337
6.84925, -662.882, -471.44
7.37729, 650.158, 106.567
5.59653, 379.322, 13.5547
3.85574, -943.415, 380.027
7.46973, -159.148, -634.884
4.60751, -723.453, -530.112
4.20537, -794.878, -615.465
4.80717, 363.071, -137.751
4.44822, 264.438, -379.241
4.613, -50.3404, 515.455
2.84879, 131.931, 287.402
5.5153, -58.1215, -127.094
7.36114, -49.7104, 230.975
5.07406, -696.802, -535.866
7.45461, 955.789, -137.697
5.84906, 625.493, -148.222
4.01716, -605.78, 70.6426
3.47371, 875.288, 566.293
4.0109, -709.799, -937.533
4.93946, -334.867, 461.357
4.72438, 530.868, 980.49
5.7844, 319.736, -941.727
3.74227, -779.63, -667.368
4.72007, 54.9149, 555.917
5.75894, -691.873, 53.849
6.67472, -713.784, 188.768
6.03698, 199.89, 820.119
4.93928, -871.459, -602.487
6.72039, 399.874, -239.144
7.00296, -498.793, -183.593
6.33082, -650.967, -526.615
5.29453, 628.768, 848.631
2.70603, -21.5927, 91.8698
5.46749, 564.306, 65.5169
2.68674, -680.949, 827.765
4.53488, 23.0008, 437.016
2.84243, -976.405, -882.098
7.38558, -778.059, -882.492
2.5956, -517.378, -233.529
6.60363, -160.185, -272.847
5.2195, -374.799, 878.126
5.72828, 791.992, -332.554
3.62934, -260.75, 57.139
2.733, 828.365, -694.935
3.63154, 214.649, -555.984
4.58371, -633.576, 135.237
6.40126, 266.028, -631.961
3.72852, -922.439, 388.79
4.81411, 659.24, 88.1863
6.14756, 928.938, 291.27
5.35237, -330.436, 816.043
5.45997, 928.34, 924.96
4.98425, -943.933, 281.056
3.951, 494.352, 109.188
4.71107, -5.35438, -226.673
2.53669, 854.769, -395.969
7.41683, 496.847, -359.26
2.52822, -810.112, -145.733
4.8676, -98.6326, 735.923
5.86497, -310.366, -121.997
