6.27803, -736.131, -994.493
3.5948, 61.8682, -86.2933
5.89648, 359.764, -903.446
5.09708, -235.114, 875.168
2.76731, -932.945, 657.595
2.53849, 331.921, 55.3459
4.58743, -858.918, -232.368
7.15218, 178.432, 375.428
2.95982, 51.6573, 692.028
6.00595, -160.424, 318.106
3.81226, 527.407, 817.789
4.14117, 471.736, -901.921
7.45519, 510.273, 261.786
7.41275, -506.85, -271.234
5.75759, 504.436, 443.66
6.92354, 262.542, -851.254
6.33247, -121.658, -450.855
3.87453, -516.897, -48.8939
4.93259, -674.565, -304.267
2.80282, 820.473, 790.155
5.08146, 7.8127, 804.837
4.96988, 968.887, -362.818
7.23882, -815.238, -468.583
4.42071, -11.7707, -839.268
5.14874, 824.524, -448.303
2.75042, 877.242, -65.4122
6.63909, 541.971, 536.914
5.94228, -961.996, -746.553
6.18112, 258.933, 735.235
6.94286, 989.751, 450.202
4.25508, -382.443, -534.742
6.72991, 182.439, 26.1099
3.84659, 663.883, -162.479
4.83959, 73.6468, -176.434
3.2686, -644.227, -429.201
2.66527, 610.747, 142.158
7.2768, -5.83914, 72.4652
6.95369, 109.982, 494.268
3.29884, 680.099, 247.69
3.15214, 428.826, -572.817
2.515, -451.976, -816.339
6.0491, -952.717, -176.508
3.40448, -513.957, 870.518
5.76029, 772.537, -362.07
4.42907, 365.032, -698.502
3.23766, -6.45316, -228.53
5.45054, 683.363, 172.555
3.24076, 119.334, 909.475
3.2091, -181.569, 963.146
4.94257, -493.284, 127.683
3.13015, 906.413, -69.6723
5.64635, -358.707, -597.473
5.60817, 300.894, -743.189
4.88216, -500.432, 602.793
2.64188, -576.903, -244.23
3.21011, -140.428, 801.462
3.15594, -180.716, 890.921
3.31099, -822.529, 757.564
3.76529, -268.328, -853.322
4.77654, 573.986, -734.569
6.54472, -94.5305, -299.965
3.57624, 302.497, 859.01
3.75063, 817.03, 361.572
5.02978, -58.1093, 720.617
6.27922, 634.847, 188.717
5.66369, 908.176, -69.4463
5.9449, 639.095, -127.57
7.27207, 970.287, 408.428
5.18713, -423.921, 711.27
4.57014, -788.687, 28.448
4.70019, 751.443, 155.394
6.07821, 736.427, 458.67
6.20858, 409.267, 598.234
5.12494, 770.744, -959.69
6.06711, -866.038, -74.187
5.91025, 334.251, -21.6865
6.82941, 831.896, -599.083
3.19597, 85.4339, 775.687
3.57766, 971.858, -100.826
5.0733, -365.044, -111.143
4.83766, -118.789, 753.247
3.55759, -267.435, 611.751
5.65244, -690.945, 984.894
2.5044, -976.66, 211.549
4.09589, 452.913, 544.52
5.90281, 363.368, -156.345
6.0446, 670.773, -587.383
2.90869, -808.755, 655.052
3.56926, 265.709, 532.599
4.44412, -834.734, -571.447
4.44927, 900.028, 903.023
3.92018, 382.782, -461.037
4.6123, 564.999, 551.322
2.55658, -616.135, -434.648
3.72027, 937.532, -616.153
4.49072, -721.572, 646.856
6.64177, -647.544, 201.373
3.78584, 972.914, -686.988
3.59705, -806.06, -537.095
6.47385, 390.111, 268.772
5.8476, 502.902, 391.698
5.49108, -889.796, 282.697
5.99917, -363.672, -542.676
5.13062, 526.689, -761.641
4.14833, 187.321, 100.639
3.30844, -714.654, 403.041
6.56633, 718.292, -28.3212
4.08004, 478.585, 115.437
4.05369, 54.5825, -731.691
4.65424, 35.2298, 169.715
4.46509, -247.48, -477.153
4.43916, -49.7571, -114.623
4.34871, -838.268, -443.163
5.88118, 343.084, -493.434
6.10384, 453.171, 28.128
7.20082, -69.9614, 893.354
5.08573, -79.4633, -357.624
5.5282, -194.046, 323.042
5.85049, -693.608, 979.697
5.11404, 81.0046, -308.873
3.87105, -957.485, 646.924
7.08924, 94.5033, 285.138
3.73367, 934.892, -462.998
4.77876, 384.74, 683.795
3.30374, -953.854, 643.541
4.68319, 413.328, 409.467
7.45767, 498.166, 169.061
6.26931, -439.203, 390.929
4.97846, -985.946, -655.55
7.01651, -657.213, -838.616
4.68213, 492.536, 561.949
5.09239, 168.38, -982.542
4.44866, 88.2142, -861.625
5.63431, -223.773, -568.053
5.19331, 415.19, 318.15
4.35955, 632.418, -438.4
2.54674, -368.954, 364.918
6.3794, 41.0561, -788.642
2.85317, -887.146, -560.808
3.98511, 445.098, -679.634
4.78581, -46.3136, -888.236
3.25156, -94.4703, 40.7854
5.97819, 670.34, -432.077
4.15587, 364.988, 155.361
5.21197, 970.673, -881.005
2.64678, 721.279, -984.33
5.38086, -24.3271, -235.764
5.18133, 366.82, 473.966
7.36678, -757.782, -924.892
5.57063, -297.985, -619.487
5.26431, -745.719, 210.805
6.69051, -271.736, 906.877
3.75764, -487.316, 936.34
6.98957, 623.631, -143.991
5.97428, 509.976, -501.378
5.82752, -473.098, -95.4328
3.06838, -579.555, -770.328
3.37987, -981.465, 94.8571
2.91253, -136.197, 195.12
6.68103, -246.884, 371.509
2.64818, 941.701, -767.995
6.34719, -1.08363, -851.204
4.29829, -503.4, 865.923
6.24626, 3.02172, 534.496
6.28385, 362.845, 340.998
3.60834, -537.726, -922.863
5.58305, 305.058, 127.727
3.66846, -549.615, -252.924
6.22052, -669.441, 303.492
5.80997, -910.155, -685.585
4.9209, 905.429, -746.318
2.58972, 828.116, 238.475
4.98291, 446.982, 199.435
5.09587, -111.015, -886.76
4.71395, -873.242, 530.62
4.14528, -61.4325, 948.779
3.52671, 484.892, -107.175
7.19863, -250.029, -652.009
2.85168, -495.301, 927.645
3.30042, 51.6572, -746.537
6.70788, -785.475, 34.486
4.13614, -163.238, -276.041
6.85942, 158.709, 427.609
5.99896, 671.229, 515.894
5.52801, 868.981, -220.193
4.77536, 79.6437, -266.676
2.91543, -517.829, -180.108
3.94883, -55.2692, -147.633
6.51009, -571.233, -786.499
6.81821, 336.088, 59.3383
3.81831, 421.217, -510.935
4.79881, -835.876, -235.961
4.95672, 610.183, -525.815
5.82344, -467.233, -988.867
7.31738, -626.989, -154.475
7.23022, 581.609, -735.258
2.81902, 222.012, -655.651
5.04829, -411.051, -306.456
6.13222, 668.218, 659.512
5.65882, 600.387, -338.916
3.26658, -915.086, -908.575
5.09652, -866.344, 540.446
3.52281, -556.306, 854.512
6.03231, 400.089, -820.751
6.05786, -474.232, -15.7102
3.66304, -571.583, -232.847
6.80594, -60.0257, -131.706
2.67122, -109.262, 949.885
6.26587, -935.501, 52.4729
4.14789, 643.104, 166.19
4.65309, 71.1114, -533.406
7.33455, 967.499, -193.835
4.05803, 732.697, 694.66
5.69762, 986.956, -700.544
5.95386, 868.412, -61.5576
5.36403, 78.889, 628.445
6.60667, 892.033, -684.049
4.21807, -900.021, -678.121
5.09387, -810.312, -774.766
6.78438, 122.392, -950.647
6.18587, 345.254, 41.6443
3.45992, -942.296, 386.26
2.83145, -308.111, 340.251
3.60828, 843.209, -716.661
3.33656, 170.194, -234.359
6.31172, 381.841, -931.88
5.44905, -843.149, 423.873
4.65223, 859.862, 853.642
7.09618, 660.194, 12.1722
5.09668, 444.212, 188.032
7.38058, -678.938, -21.5963
5.15714, -452.933, 146.811
2.98716, 334.22, 392.241
5.83983, 217.814, 98.7894
5.44444, 139.397, -25.9202
5.01137, -698.448, -112.978
2.75808, -931.876, 459.359
2.6753, -348.202, 31.0748
4.41484, -786.292, -513.789
5.55555, 185.411, 102.509
5.06574, 544.654, 868.266
5.98498, 302.875, -26.3408
4.89891, -24.9861, -185.615
3.88323, 68.2906, 421.962
6.01685, -439.102, 209.128
3.67701, 874.68, 57.6707
6.41501, 186.451, -176.599
6.60589, 360.375, 836.416
3.21842, -535.029, 53.1796
5.75757, -487.991, 810.573
3.87677, 869.435, -985.653
7.26215, -428.99, 715.951
4.58238, -751.434, 14.1029
3.03869, -126.623, 403.077
4.70633, -798.052, 531.475
6.28811, -420.294, -302.379
2.77803, -338.63, -319.615
3.51241, -27.7704, 144.596
6.82305, 941.052, -776.656
6.52456, -265.593, -11.2619
2.78861, -679.135, -672.699
4.40304, -64.4019, -701.463
4.56124, -145.603, 764.772
2.80071, -381.303, 302.492
7.09746, 805.85, 648.277
3.35398, 537.625, 804.455
6.51634, -931.219, 155.456
3.88599, 724.104, 46.2912
4.44586, 172.625, 738.18
7.19936, 53.3185, 623.577
6.24573, 161.226, -164.92
3.44774, -325.21, 759.611
6.89581, 435.873, 484.95
6.8953, 417.464, -849.997
3.30515, -805.322, -264.687
5.87346, -804.058, -166.119
6.89096, 627.854, 126.724
6.98262, 256.812, 525.241
3.06535, -24.9541, 754.373
5.93789, -234.013, -254.889
3.21651, -838.205, -764.735
3.6901, 414.077, -44.6154
5.64383, 946.464, -218.105
4.312, 816.711, 363.66
4.64437, 588.431, 717.576
4.91936, -9.97555, -839.686
6.20379, -3.75044, -108.547
3.23098, -390.01, 868.049
7.36238, -832.633, -771.887
7.3158, -513.745, -192.444
3.14741, -601.006, 664.769
5.3784, -318.928, -606.769
4.66439, 170.331, -123.224
5.50066, -238.926, -256.284
5.85098, -698.166, -131.25
4.5137, 396.56, 987.459
6.46691, 640.214, 694.402
4.89889, -975.963, -250.597
5.72449, 297.549, 276.473
4.28836, -246.477, 599.417
5.96794, -330.329, -220.707
5.83428, -416.971, -704.114
3.22071, -379.23, 711.729
7.10415, -981.524, 221.768
4.22228, 31.8655, -235.817
6.66824, -415.153, -469.796
2.74349, 270.861, -747.158
3.27936, -250.165, -63.7337
2.55765, 331.2, 508.645
3.94327, 120.861, 588.667
5.07295, -346.274, -173
3.65948, 682.512, 437.617
2.75022, -243.613, -70.7406
5.33091, -595.746, -845.794
6.69774, -152.352, 674.135
4.28763, -649.742, -430.788
4.3452, 164.775, 870.889
7.22226, 256.314, -73.3008
4.72425, -910.358, -180.302
6.82086, 494.043, 185.802
5.82654, -788.8, -735.989
5.79297, 165.123, 665.238
7.10736, -959.725, 961.608
5.11536, 951.29, -619.874
5.45229, 439.134, -442.012
5.79944, 667.954, 664.655
4.24765, 283.748, 461.277
4.11714, 344.096, 49.0864
7.08984, -106.527, 738.455
3.08619, 903.853, -445.846
7.31268, 674.291, -170.279
5.17978, 49.8683, -330.362
5.81447, 853.596, 634.252
5.48362, 899.614, -502.261
6.93363, -506.233, -745.298
6.67999, -666.39, -607.145
6.69339, 246.807, 203.149
6.85642, -213.352, 339.655
2.5002, -769.81, 341.257
4.77274, 258.861, 350.175
4.25696, -932.598, 152.619
5.80713, -257.809, 708.534
6.22234, -877.279, 152.844
3.3821, -125.519, -455.191
7.4621, 794.517, -812.2
5.95466, -931.748, 170.534
6.97862, 143.323, -12.8105
3.51579, 370.446, -133.464
7.2356, -457.728, -36.2673
4.88476, 882.592, -505.2
6.78578, 920.552, -747.505
6.41237, -978.619, -554.928
5.70687, 908.108, -909.077
3.14521, -723.841, 148.637
5.77944, 4.40168, 650.117
3.09199, 53.2396, 9.09185
3.88793, 334.772, 803.407
6.65548, -222.733, -227.239
6.14153, -751.582, -513.197
6.74348, -598.056, 295.702
3.43989, -779.43, -938.769
6.09602, 557.75, -279.563
4.25586, 159.195, 332.307
3.34555, -415.99, -689.526
4.52383, 335.997, -546.475
4.20924, 159.307, 770.048
6.67141, 390.169, -125.747
3.9111, 697.926, 584.226
5.16766, -663.182, -471.991
6.25085, 992.241, -852.335
4.62554, -691.443, -761.467
4.66964, -568.081, 547.838
3.03022, 857.36, -931.655
6.4639, -40.0208, -465.754
3.91232, -573.992, -482.829
7.14264, -584.144, -236.133
5.37926, 248.842, 511.1
3.4895, 818.933, -290.389
5.99081, 573.449, -750.891
3.07265, 495.056, -957.84
4.22945, 304.963, 786.321
4.15646, -588.56, -235.152
6.42735, 828.22, -960.944
6.65775, 459.392, -212.664
4.21712, -739.419, 754.711
4.2603, -273.58, 891.051
6.38197, 150.446, -824.997
6.58658, -12.3005, 687.822
4.26157, -130.76, 282.766
7.09559, -426.349, -301.209
3.2877, 492.694, 254.393
5.56029, -484.635, 565.975
5.54222, -379.162, 711.627
3.16647, -251.573, -744.667
3.51409, -744.693, -478.462
4.79457, -856.3, 501.312
3.48759, -525.187, 931.803
6.77118, -847.454, 381.325
6.54562, -759.663, -691.678
2.80131, -905.749, 885.009
6.50584, -719.216, 651.63
5.49597, -195.484, -542.787
7.43182, -890.122, 306.01
2.65919, -160.84, 642.443
6.8356, 942.929, -763.903
3.69109, 667.679, 348.517
3.6127, 173.431, 430.319
4.73907, -984.171, -551.484
2.61231, 863.831, -179.96
6.79755, -260.213, 13.9944
4.15902, 213.332, 589.557
5.72195, 305.462, 251.857
7.43521, -944.133, -483.414
5.30162, 284.562, -583.364
4.74553, -757.776, -246.292
5.213, 166.225, -724.654
2.90797, 773.074, -32.8424
3.99606, -817.04, -270.887
6.63964, 820.984, 676.777
6.48936, 625.021, 935.513
5.71048, -103.518, 679.857
4.84105, 630.28, 385.673
7.15326, -198.89, -608.755
5.08798, -245.636, -74.5787
7.42924, 797.534, -537.786
5.94567, -79.806, -721.78
6.19966, -180.54, -450.745
3.46323, -392.746, -933.174
6.08881, -453.25, 623.353
6.11146, 569.956, -180.201
6.49298, 266.812, 153.633
4.23216, 255.172, -995.278
5.1481, -15.9678, -61.3118
3.19001, 716.005, -359.878
6.73218, -224.576, -210.024
6.32766, -83.2146, -883.431
7.5, 923.29, -419.514
4.24891, 482.788, 990.591
5.50367, -600.37, 589.775
3.50808, -495.914, 83.5849
6.2385, 29.2432, 153.571
6.49225, 974.531, 216.374
3.03505, -705.622, 109.123
5.35813, -507.073, 47.1712
2.84683, 360.101, -336.332
4.16036, 745.154, 689.705
5.80945, 486.05, -707.478
5.27726, 170.433, -190.464
7.12415, 228.892, -11.6804
2.69832, -484.999, 225.844
2.62083, -310.763, 239.364
4.61923, 216.113, -656.099
4.36987, 460.943, 135.463
2.93303, -232.674, -245.557
3.05403, -157.54, 171.418
5.31992, 367.089, -347.092
7.37269, 60.0627, 741.362
3.05066, -45.1316, -889.427
5.99352, 99.0653, 979.437
2.79674, -50.5798, -741.099
4.69755, 835.149, -107.364
5.24651, 990.896, 715.488
3.45129, 690.652, -749.552
7.36597, 314.901, 326.385
3.19593, -679.166, -60.4511
5.48978, 937.486, -432.018
7.12812, -872.154, 703.966
3.91116, -80.6707, 884.808
6.8307, -142.278, -83.435
6.29598, -226.214, -599.491
6.10793, 360.536, 616.288
3.34241, -375.712, 369.565
3.32882, 833.605, 372.876
3.39076, -647.407, -988.182
5.87226, 334.826, -601.184
4.83484, -353.657, 39.6673
6.85219, -809.995, -358.031
5.76023, -696.135, -117.692
5.80464, 760.839, 879.064
2.58037, -664.533, -604.197
4.30596, -778.038, -668.933
3.72747, 923.178, 117.043
6.93086, -935.835, -948.739
5.23701, 823.716, 774.719
6.57209, -26.7704, -648.068
5.24453, 176.818, 865.559
4.16156, 506.093, -55.1982
4.40213, 23.369, -654.497
2.52389, 930.391, 653.684
6.95226, -90.3226, -397.401
6.16955, -496.246, 685.194
6.04239, -153.658, 660.326
5.1278, 56.8716, -186.171
6.41065, -190.486, -813.826
3.42484, -386.844, -470.468
5.72673, 243.978, 519.631
3.42178, -687.913, -341.382
3.31214, 62.3859, -93.1702
2.65594, -181.975, 849.69
7.42716, 130.574, -665.848
4.04559, -331.07, -715.8
4.11075, -675.013, -288.669
5.51155, 283.832, -235.985
2.89107, -329.283, -921.477
3.93936, -20.4811, 90.6164
5.79307, -127.212, -490.228
7.36348, -990.74, -349.258
7.27758, -363.114, -794.867
7.42745, -671.337, -292.56
7.30478, -912.142, -761.054
3.0073, -558.29, 566.458
3.71505, -123.733, -493.806
6.91151, 99.5101, -432.322
5.28805, 340.309, 699.06
6.7669, 802.074, 516.258
7.49145, -536.862, 526.035
3.99751, -256.259, -481.612
6.33157, 974.301, 485.429
4.81901, 285.15, -144.265
6.8168, -636.322, -791.682
6.99018, 859.619, 3.5809
7.377, 257.652, -415.781
2.77405, 657.923, 84.6674
6.32605, 944.43, -616.937
5.09219, -932.4, 739.07
3.46574, 921.943, -234.077
6.98252, 197.277, -543.688
6.38492, -833.626, 97.2526
2.75968, 415.241, 540.626
7.47331, -852.179, 764.284
5.93659, -4.86439, -458.38
5.94854, 887.213, 496.69
6.57666, -657.062, 817.159
7.05426, -37.0364, -438.518
3.34218, -201.386, 402.598
5.24183, -580.5, 803.363
6.53351, -487.326, -252.468
4.17803, 326.419, -538.92
5.53435, -105.725, 32.6251
6.59602, -949.696, 333.976
7.3485, 81.5763, -246.608
6.29349, 583.336, 493.469
3.72113, -179.578, -92.3632
5.80589, -572.061, 402.695
4.21574, -448.92, -187.333
7.27146, 375.366, -395.684
2.60828, 802.872, 555.25
4.54979, -891.414, 945.413
2.55789, 585.45, -670.753
3.04964, 835.81, 196.038
5.28259, -845.438, 93.4434
4.45466, -20.4514, -238.795
7.20539, 117.667, -182.75
2.55572, 179.337, 393.097
6.22897, -221.765, -436.68
3.84293, 110.857, 124.836
4.27153, -668.58, -758.541
3.45835, -460.435, 618.426
5.14832, 295.393, -168.803
4.39478, -56.8545, -856.358
3.16407, -12.0474, -803.303
4.26563, -127.033, -563.42
4.2497, 783.487, 984.135
7.41084, 606.762, -125.812
5.25961, 151.347, -375.158
4.99918, 14.0091, -714.968
3.58531, -834.467, 455.326
4.37311, -235.089, -649.396
6.78251, -665.883, -470.605
6.45578, 793.259, -514.21
3.9204, -494.211, 928.488
5.07645, 437.109, 101.658
6.79238, -291.438, -23.2193
7.07844, -939.635, -172.725
7.48941, 135.642, 914.364
6.53177, 173.582, -193.26
5.22718, -898.076, -184.602
7.3461, 150.535, -734.809
5.31931, -584.906, 362.619
4.03031, -417.422, 658.77
5.41853, 964.016, 950.68
2.91197, 52.1617, -330.169
5.47382, 353.192, 619.248
3.31968, -598.153, -591.582
6.46527, -609.122, -437.319
2.95373, 579.644, 738.04
6.3072, -504.902, -679.604
6.83996, -223.394, 30.8757
6.40105, 190.54, -334.316
6.61399, 908.518, 967.282
6.70974, 372.279, 552.639
4.48328, 526.545, 256.7
6.508, -160.732, 167.791
6.56811, 379.982, -43.8081
5.43493, -409.424, 100.717
4.64621, 794.948, -49.1558
2.5002, -62.3346, -477.867
5.31153, -814.506, 317.161
6.22632, 336.958, 352.62
3.89846, 966.694, 290.058
2.93406, -984.603, 564.659
3.5733, 853.416, -880.058
3.93296, -490.391, 564.593
4.86595, -405.27, 474.284
6.95893, 844.628, 819.805
5.91955, 514.229, -504.552
3.54376, -49.0856, -67.8375
6.67533, 793.187, 11.3402
7.09218, 931.922, 918.602
4.48244, -475.502, -700.063
6.37858, 541.416, 527.996
5.68161, -160.042, -90.0232
6.64746, 483.1, 289.816
3.40204, 556.052, -463.502
7.45927, 579.598, -763.359
6.70558, -152.981, -845.229
4.65177, 887.317, 265.169
4.38589, 596.425, 888.223
2.70802, 653.803, -505.105
6.80715, -801.024, -533.386
6.62116, 915.955, -899.267
6.25052, 13.2642, 731.228
3.55801, -165.303, 990.749
4.31029, -781.567, -191.915
4.43545, -590.454, -800.156
7.32918, 796.755, 636.53
6.5872, -167.053, 632.72
4.5755, -81.789, 448.782
5.83759, 204.675, 182.336
2.52101, 476.356, 976.36
6.98048, -737.644, 247.699
3.68416, -343.624, 354.866
3.79415, 356.462, -93.9821
5.4939, 407.635, -710.43
6.89823, -836.721, 371.003
6.16299, -563.26, -589.556
6.0773, 910.864, 570.179
3.57724, -607.308, 481.164
6.30413, 678.919, -957.058
3.85351, -161.482, -558.196
2.75246, 665.132, 337.22
4.78866, 270.331, 245.805
2.58759, 447.801, -777.378
3.01129, 71.9757, -171.418
2.639, -131.385, 285.986
5.65921, -341.582, -516.321
6.34425, 86.0905, -249.142
2.74132, 525.801, -839.218
6.6924, -56.509, -630.582
6.76899, -262.84, -317.814
6.57649, -446.83, 574.708
6.85188, 794.416, 404.666
5.27222, -631.791, -169.049
6.12646, -293.992, 57.3562
3.20424, -525.45, 927.294
6.6115, 596.476, -527.833
5.51185, 731.994, -196.801
4.93856, 507.737, -919.036
6.14942, -287.449, 949.368
4.05164, 757.432, -668.594
3.93925, -699.475, 352.987
5.45857, -950.808, 808.165
5.34055, 653.917, 882.402
5.41059, -933.43, -575.465
2.84132, -688.942, 283.15
4.34304, 148.727, -389.972
6.28475, -930.875, -576.096
6.35297, -449.559, -866.933
4.27217, -393.89, -253.182
5.98913, 241.532, 930.736
5.08005, -669.662, -297.742
5.94494, 389.931, 132.985
6.18066, -81.9925, 616.151
2.56231, -342.804, -673.922
7.16549, 614.255, -122.937
5.37826, 132.835, 125.913
3.05587, 462.042, 973.861
4.87388, -105.566, 31.6408
3.24247, 181.126, 101.637
4.22594, 51.0053, 448.297
7.04476, -932.04, 183.71
4.54571, 14.584, 518.091
5.96642, -680.151, -75.0531
3.35865, 380.229, -942.448
6.21715, 890.454, -508.444
4.16319, -424.898, 642.975
4.62157, 665.478, 311.937
2.79523, -137.53, -112.867
5.09005, 285.961, -233.347
5.94425, 473.492, -580.655
5.01149, -250.124, 14.5267
6.56617, -169.44, -750.327
3.07974, 82.4744, -937.333
5.24841, 270.877, 464.937
5.06046, 409.468, 21.0816
6.02649, 957.474, 441.257
5.65083, -238.415, 885.561
4.0207, -26.2871, -638.274
6.74719, 399.785, 370.241
3.39619, 604.029, -21.5344
2.61737, -529.298, -100.176
4.19467, 736.444, 52.4469
3.43818, 353.07, -88.7085
6.60467, -287.66, 185.243
6.72507, -895.24, -159.741
6.78031, 847.803, -719.886
7.37454, -954.259, 641.426
2.99587, 468.333, -447.96
2.56182, 564.609, 655.758
2.58614, 221.375, 582.436
2.64527, 250.853, 95.8158
4.1031, 151.772, -389.616
6.17815, 626.797, 301.988
3.14876, 355.435, 477.031
2.5161, -368.422, 506.309
6.91905, 139.414, -790.235
3.70482, 230.541, -572.798
4.38481, -817.841, 765.095
4.44879, 613.214, 184.765
2.81534, 596.242, 294.47
7.30792, 183.663, 955.013
3.75349, 726.072, -339.062
6.85376, -677.586, -65.8162
2.85991, -917.254, 425.154
2.70653, -621.28, 574.164
3.46378, 360.46, -523.042
3.86708, -309.889, 302.899
7.4007, -952.023, -365.251
3.60607, 322.767, -532.772
6.43119, -875.186, 855.133
4.42306, 299.747, -421.498
3.78593, 479.008, -636.46
3.91087, -943.752, 63.8965
7.33834, 867.424, -35.9016
4.22841, 765.86, 170.825
3.45922, -981.742, 737.168
5.05037, -548.032, -376.138
5.21857, -556.952, 633.348
5.72333, -641.787, -615.012
3.89738, -11.3772, 791.443
3.41887, -296.714, -718.163
2.71579, -839.602, 373.399
3.98408, -500.94, -262.841
4.25548, -231.397, 140.232
7.09372, -422.137, 721.008
5.81225, 506.96, -362.901
5.08041, 866.02, 584.572
4.03763, 614.436, 586.661
3.0007, -351.866, 154.653
3.47502, 379.455, -880.383
4.11407, 31.1934, -130.765
5.56182, 961.816, 86.8731
5.13511, 959.944, -982.73
3.45653, 259.268, 283.816
4.7178, -638.474, -422.237
4.48693, -707.943, 852.856
6.28051, -606.228, 744.75
6.6213, 736.259, 602.596
5.51573, 142.149, -345.243
3.04573, 608.874, -827.272
4.11797, 486.255, -165.32
5.03403, 8.97639, 318.095
4.76521, -648.303, 800.839
4.77315, -180.204, -456.09
4.91125, 919.443, 912.654
5.07896, 368.977, -651.022
4.50207, 202.888, 823.196
4.22945, 965.942, 483.706
6.64533, 931.928, -241.223
3.02204, -731.261, -796.622
6.40057, 584.534, 566.625
3.19919, -297.361, -239.121
2.62171, -795.351, -519.637
6.0664, 406.41, -752.657
7.15538, 149.329, -824.932
7.47667, 184.192, 174.314
3.86264, -875.412, 152.9
3.6923, -474.604, -257.061
3.87328, 960.995, 619.431
5.70836, -907.464, -730.458
5.17637, 310.102, 154.232
6.8967, 833.109, -296.181
6.75968, -670.375, -835.038
2.98004, 905.599, -38.5222
4.66818, -746.816, 205.096
3.17045, -204.265, -756.189
5.86802, -167.946, 309.056
5.34964, -53.9165, -475.496
3.66474, -621.742, 566.451
5.50306, 266.061, -688.273
2.6551, -801.573, -27.5399
7.08512, 567.841, -311.128
3.82958, 861.167, -174.513
6.50016, -183.784, -509.985
5.46389, 167.849, -718.192
5.0822, 349.234, 626.375
5.2567, 321.672, 641.662
3.47225, 504.204, -234.204
5.36152, 124.206, -742.182
3.81992, 212.413, 401.951
4.41648, -765.715, 539.261
2.73626, -756.277, -897.505
4.22823, 588.326, -672.527
3.61594, 670.414, -431.751
3.81264, 17.8163, -734.559
3.05141, -429.297, -403.277
7.40088, -705.093, 18.8303
5.93794, 797.208, 633.465
5.82158, -547.599, -380.57
5.99501, -601.151, -672.324
2.68746, -836.592, -773.276
3.6706, -629.622, -745.866
3.95397, 720.872, 693.585
3.50543, -35.6908, -256.002
2.7177, 370.745, 335.968
2.56571, -525.632, 519.121
6.07297, -526.328, 765.381
6.88348, -869.041, -627.735
5.35088, -886.114, 269.647
6.92743, 865.045, 866.991
5.20042, -356.94, -279.495
3.31357, 929.422, -646.264
3.30492, 961.158, 441.035
7.19182, 316.852, 286.705
3.45628, 552.93, -850.5
3.15761, 0.607665, -99.1922
4.41122, -311.45, -6.37883
6.12674, 258.342, -262.957
2.50651, 546.369, 867.64
4.60222, 25.7081, 736.768
5.18984, 305.14, -214.312
4.86596, -238.338, 246.736
6.33003, 540.151, 875.071
2.9396, 555.666, -464.302
7.04284, 135.455, 323.172
3.20818, -871.017, -397.375
2.54782, 432.499, -50.6423
2.82267, 240.648, 525.193
4.96742, 381.43, 222.275
5.40914, 528.911, 975.952
4.03373, -946.937, 544.48
4.57091, 905.153, -70.8088
4.33401, -575.753, -687.285
3.42687, 181.747, 667.489
2.76788, 645.031, 174.953
4.47222, 539.908, -65.2179
3.98388, -347.564, -132.383
5.05388, -395.906, 819.871
3.75392, -701.634, 229.733
5.01589, 961.544, 886.119
2.51168, -9.40477, 788.132
7.01807, 993.724, -447.775
2.79181, -906.711, -946.324
5.17506, -685.158, 805.683
3.95754, -376.556, 874.15
7.3023, -807.814, -272.343
4.73406, 320.709, -109.068
5.08479, 892.548, 168.134
5.93861, -253.222, 27.3579
2.72187, -160.536, 75.0284
7.2946, -797.121, 606.124
5.70852, 367.884, 157.274
2.80215, 627.717, -779.149
3.33964, 49.954, 267.845
5.76491, 487.615, -247.202
6.19864, -769.076, 335.977
3.57011, 856.687, 203.405
4.31441, 156.244, -870.769
6.56981, -647.821, 933.342
5.32057, 807.772, -470.446
7.45886, -41.0004, -893.819
6.5669, -763.501, 395.836
3.49157, -991.739, -22.7468
2.50003, -153.552, -845.43
4.62608, 942.53, -780.743
4.07406, 841.258, 199.748
5.56218, 606.455, -932.128
3.83351, -196.688, -543.13
4.39881, -594.748, -61.8841
5.43397, 959.87, 300.36
5.95636, -141.224, -512.107
7.26736, -457.708, -570.758
4.89785, -293.017, -952.33
3.60319, 377.646, -727.703
5.33741, -722.845, -448.683
6.09873, 429.803, 363.34
4.4953, -495.102, 555.305
3.48326, -693.692, 988.76
6.66971, -673.899, -759.227
5.59561, -446.96, -874.296
7.26866, -291.998, 175.614
3.23222, -14.2904, -276.168
5.38953, 39.2432, -458.923
7.26796, -392.856, 718.732
3.62331, 721.887, -983.268
7.25137, -494.331, 800.346
3.07874, 790.4, -513.425
2.58372, 30.0347, -259.015
3.90465, -357.695, -167.687
7.15042, 640.162, 171.551
3.04796, 749.445, 872.51
6.77266, 28.8523, 826.736
5.68532, -725.273, -731.217
5.63853, 406.028, -707.923
3.80589, 723.671, 744.195
5.13936, -950.921, 217.563
7.16608, -274.86, 905.897
3.98055, 921.981, 103.618
4.78006, 156.777, 452.688
6.35659, -656.157, -615.21
4.17193, 103.679, 119.284
6.31775, -39.6475, -939.275
6.65892, -30.2208, 942.059
2.64618, -724.975, 567.814
4.31315, 714.408, -267.131
4.16221, 285.934, 461.208
3.17675, -517.627, -300.731
3.00839, -305.943, 623.292
5.11327, -609.136, 813.077
3.52046, 30.6499, -532.893
5.00728, -868.561, -627.991
5.1371, 0.388577, 961.33
4.13422, -267.195, -292.801
4.75888, 226.553, -443.372
6.85263, -7.19784, 980.718
4.72884, 643.862, 864.815
6.03726, -458.438, -916.558
6.83171, 912.562, -698.849
6.5822, 867.432, 218.938
2.67504, 892.596, 838.342
3.8644, -652.33, -237.211
5.21858, -422.223, -430.611
3.19942, -984.682, -544.13
5.57408, -776.641, -936.292
3.29182, -686.412, -604.93
4.41129, 99.492, 220.804
5.94997, -94.5016, 189.183
3.21128, -390.344, 462.052
5.65284, -784.71, 792.326
3.15973, 197.61, 935.84
7.13583, -741.884, 254.337
5.53465, -938.336, 784.408
5.50388, -922.102, 373.214
3.33635, 589.534, -530.54
3.301, -864.679, -400.314
5.91628, 621.839, -29.1156
5.1456, -711.919, -13.1133
3.65264, -134.436, 806.81
6.55373, -502.339, -57.6915
5.76477, -419.829, -559.826
4.08597, -558.078, -587
2.53953, -261.917, -814.466
3.49176, 731.575, 735.229
3.78831, -7.70659, 381.57
3.03825, 887.974, 38.5716
3.49545, 130.948, -432.789
6.75079, 803.754, -771.341
6.63912, -981.603, 208.487
6.76813, -960.496, -554.237
5.71027, 286.949, 778.751
3.6787, 721.031, -983.115
6.80638, -502.69, -807.915
5.4745, 36.3843, -103.728
2.52745, 506.196, -31.8692
6.84925, -664.842, -474.445
7.37729, 648.562, 105.48
5.59653, 378.076, 14.2897
3.85574, -938.366, 382.092
7.46973, -160.386, -632.271
4.60751, -721.757, -528.51
4.20537, -794.05, -614.785
4.80717, 367.759, -136.031
4.44822, 263.56, -380.24
4.613, -48.9347, 515.093
2.84879, 131.331, 288.538
5.5153, -58.5697, -129.643
7.36114, -49.7455, 229.899
5.07406, -696.96, -534.099
7.45461, 953.391, -137.477
5.84906, 631.375, -141.704
4.01716, -605.393, 70.0165
3.47371, 873.275, 568.804
4.0109, -710.841, -935.103
4.93946, -335.341, 460.774
4.72438, 533.035, 986.918
5.7844, 320.492, -939.094
3.74227, -777.14, -666.495
4.72007, 54.676, 555.236
5.75894, -692.088, 51.4543
6.67472, -714.574, 189.901
6.03698, 194.547, 813.934
4.93928, -869.66, -605.009
6.72039, 399.261, -237.888
7.00296, -503.741, -186.268
6.33082, -651.845, -524.895
5.29453, 629.64, 849.925
2.70603, -13.6357, 82.7762
5.46749, 563.555, 66.0259
2.68674, -677.517, 823.15
4.53488, 25.1388, 436.948
2.84243, -974.367, -881.058
7.38558, -775.518, -882.404
2.5956, -515.935, -234.761
6.60363, -156.143, -266.917
5.2195, -383.447, 872.195
5.72828, 790.488, -332.743
3.62934, -260.703, 52.0124
2.733, 830.316, -696.862
3.63154, 213.035, -554.75
4.58371, -633.609, 134.899
6.40126, 265.456, -630.862
3.72852, -922.707, 382.867
4.81411, 655.775, 91.7091
6.14756, 928.288, 290.692
5.35237, -330.74, 814.78
5.45997, 932.179, 916.544
4.98425, -940.699, 280.5
3.951, 488.804, 111.534
4.71107, -6.26651, -228.365
2.53669, 853.472, -396.429
7.41683, 494.626, -357.98
2.52822, -807.734, -150.066
4.8676, -107.926, 737.32
5.86497, -310.918, -122.331
