6.27803, -736.91, -999.885
3.5948, 65.5644, -83.5113
5.89648, 357.765, -905.865
5.09708, -233.024, 869.465
2.76731, -930.884, 661.858
2.53849, 340.842, 58.0605
4.58743, -866.186, -233.151
7.15218, 177.961, 373.573
2.95982, 53.819, 692.328
6.00595, -167.923, 307.971
3.81226, 524.447, 820.595
4.14117, 472.156, -905.014
7.45519, 512.772, 265.218
7.41275, -506.028, -269.506
5.75759, 506.671, 445.291
6.92354, 263.256, -854.567
6.33247, -127.116, -454.564
3.87453, -524.328, -44.6086
4.93259, -667.147, -281.884
2.80282, 818.453, 795.231
5.08146, 9.02711, 809.229
4.96988, 973.205, -361.949
7.23882, -818.475, -467.727
4.42071, -0.463235, -852.496
5.14874, 827.58, -445.878
2.75042, 881.906, -71.0231
6.63909, 540.414, 523.181
5.94228, -968.152, -749.22
6.18112, 259.084, 736.472
6.94286, 998.756, 450.813
4.25508, -387.276, -533.629
6.72991, 182.23, 26.5395
3.84659, 682.588, -175.524
4.83959, 74.9833, -170.469
3.2686, -643.416, -425.483
2.66527, 604.911, 143.29
7.2768, -3.08485, 68.9573
6.95369, 109.183, 496.543
3.29884, 684.007, 249.663
3.15214, 429.409, -574.466
2.515, -450.844, -817.989
6.0491, -946.47, -171.555
3.40448, -520.082, 875.707
5.76029, 773.955, -364.871
4.42907, 362.732, -699.314
3.23766, -2.92007, -225.096
5.45054, 691.015, 174.34
3.24076, 112.404, 910.789
3.2091, -182.451, 966.547
4.94257, -495.703, 129.76
3.13015, 922.632, -69.7611
5.64635, -361.45, -600.431
5.60817, 302.479, -746.514
4.88216, -504.246, 606.089
2.64188, -593.339, -221.625
3.21011, -146.905, 803.298
3.15594, -179.397, 894.9
3.31099, -815.705, 771.125
3.76529, -269.305, -857.791
4.77654, 566.405, -729.852
6.54472, -95.3835, -300.934
3.57624, 303.278, 863.27
3.75063, 817.58, 360.916
5.02978, -57.4873, 721.7
6.27922, 635.117, 200.591
5.66369, 902.731, -75.411
5.9449, 649.228, -121.437
7.27207, 974.22, 404.482
5.18713, -421.391, 702.646
4.57014, -792.401, 30.0793
4.70019, 753.098, 153.466
6.07821, 738.49, 459.48
6.20858, 413.003, 601.383
5.12494, 772.039, -961.777
6.06711, -869.548, -73.3696
5.91025, 335.34, -22.1055
6.82941, 833.243, -600.858
3.19597, 87.8531, 779.959
3.57766, 978.602, -99.3316
5.0733, -368.474, -108.009
4.83766, -120.532, 762.847
3.55759, -269.646, 613.273
5.65244, -691.87, 996.989
2.5044, -998.491, 232.454
4.09589, 454.638, 546.665
5.90281, 364.955, -164.417
6.0446, 672.802, -589.438
2.90869, -810.864, 657.373
3.56926, 259.181, 528.053
4.44412, -837.821, -572.879
4.44927, 895.17, 904.287
3.92018, 384.31, -461.56
4.6123, 567.68, 553.693
2.55658, -610.976, -436.123
3.72027, 966.112, -616.422
4.49072, -727.013, 639.541
6.64177, -646.263, 202.008
3.78584, 975.815, -684.575
3.59705, -796.824, -532.781
6.47385, 391.981, 269.423
5.8476, 505.827, 392.471
5.49108, -887.182, 267.149
5.99917, -362.463, -545.927
5.13062, 525.167, -765.063
4.14833, 176.12, 107.709
3.30844, -713.923, 405.926
6.56633, 720.413, -29.331
4.08004, 477.989, 113.707
4.05369, 57.0546, -729.37
4.65424, 36.1547, 176.132
4.46509, -259.176, -482.143
4.43916, -48.2261, -106.402
4.34871, -843.38, -441.443
5.88118, 343.559, -492.176
6.10384, 457.144, 27.8774
7.20082, -78.4577, 889.565
5.08573, -79.1377, -356.892
5.5282, -196.294, 322.716
5.85049, -699.126, 973.077
5.11404, 83.3776, -312.301
3.87105, -969.913, 658.321
7.08924, 92.3129, 285.942
3.73367, 940.079, -466.708
4.77876, 387.988, 687.876
3.30374, -955.663, 636.449
4.68319, 415.611, 413.821
7.45767, 503.329, 164.906
6.26931, -440.945, 391.35
4.97846, -991.392, -657.604
7.01651, -673.596, -840.127
4.68213, 493.343, 565.912
5.09239, 169.553, -987.231
4.44866, 88.0485, -866.217
5.63431, -228.377, -568.341
5.19331, 418.577, 318.107
4.35955, 631.872, -439.403
2.54674, -379.309, 371.952
6.3794, 41.9047, -792.337
2.85317, -889.4, -558.669
3.98511, 447.485, -679.455
4.78581, -43.2503, -899.545
3.25156, -106.754, 39.9236
5.97819, 667.375, -428.161
4.15587, 362.928, 155.917
5.21197, 973.709, -884.977
2.64678, 712.481, -996.518
5.38086, -20.7014, -244.765
5.18133, 358.768, 477.858
7.36678, -755.029, -928.75
5.57063, -297.37, -623.379
5.26431, -748.083, 215.179
6.69051, -285.968, 908.005
3.75764, -482.047, 948.309
6.98957, 626.953, -150.938
5.97428, 521.107, -510.709
5.82752, -472.765, -96.2828
3.06838, -580.855, -766.908
3.37987, -987.726, 93.966
2.91253, -136.182, 198.654
6.68103, -249.335, 374.769
2.64818, 946.532, -752.934
6.34719, -11.34, -839.488
4.29829, -499.744, 868.016
6.24626, -0.0369107, 538.166
6.28385, 363.313, 343.764
3.60834, -538.836, -927.185
5.58305, 305.241, 125.245
3.66846, -550.38, -256.991
6.22052, -668.167, 305.978
5.80997, -904.788, -680.539
4.9209, 898.421, -750.037
2.58972, 828.05, 242.028
4.98291, 443.782, 187.241
5.09587, -116.635, -892.505
4.71395, -869.441, 543.553
4.14528, -64.464, 954.259
3.52671, 486.518, -108.123
7.19863, -254.883, -657.15
2.85168, -490.637, 929.609
3.30042, 52.6565, -752.209
6.70788, -790.001, 34.569
4.13614, -152.352, -263.04
6.85942, 153.636, 427.098
5.99896, 673.16, 516.481
5.52801, 870.456, -221.85
4.77536, 79.0181, -275.691
2.91543, -519.147, -196.249
3.94883, -55.234, -156.705
6.51009, -567.294, -789.999
6.81821, 338.127, 55.3848
3.81831, 423.094, -512.471
4.79881, -837.948, -234.388
4.95672, 590.94, -534.059
5.82344, -467.753, -993.458
7.31738, -626.359, -149.693
7.23022, 591.555, -731.969
2.81902, 212.542, -657.641
5.04829, -414.731, -305.244
6.13222, 668.67, 651.77
5.65882, 604.1, -341.092
3.26658, -917.121, -909.304
5.09652, -876.276, 534.335
3.52281, -558.921, 858.231
6.03231, 399.394, -821.99
6.05786, -476.405, -10.8229
3.66304, -598.332, -243.114
6.80594, -61.3414, -128.144
2.67122, -110.931, 954.394
6.26587, -936.694, 47.6233
4.14789, 645.709, 183.023
4.65309, 73.0219, -535.8
7.33455, 974.522, -192.854
4.05803, 734.99, 700.953
5.69762, 995.053, -703.174
5.95386, 863.897, -63.8095
5.36403, 82.999, 630.772
6.60667, 890.524, -681.609
4.21807, -917.572, -689.025
5.09387, -806.973, -779.869
6.78438, 122.957, -955.108
6.18587, 348.994, 33.9329
3.45992, -954.211, 396.764
2.83145, -308.254, 341.951
3.60828, 843.512, -719.426
3.33656, 171.999, -239.675
6.31172, 382.244, -947.102
5.44905, -845.312, 427.327
4.65223, 859.396, 851.036
7.09618, 662.47, 11.9438
5.09668, 447.627, 203.073
7.38058, -677.193, -18.4261
5.15714, -453.488, 148.686
2.98716, 334.1, 397.03
5.83983, 221.412, 97.4968
5.44444, 143.118, -9.99331
5.01137, -697.894, -116.998
2.75808, -936.6, 462.667
2.6753, -358.436, 43.7271
4.41484, -785.632, -509.781
5.55555, 194.265, 103.656
5.06574, 544.459, 871.375
5.98498, 300.3, -26.633
4.89891, -26.2788, -184.936
3.88323, 68.3968, 420.919
6.01685, -439.78, 211.042
3.67701, 876.474, 60.9218
6.41501, 194.815, -173.067
6.60589, 362.935, 840.431
3.21842, -539.383, 54.7967
5.75757, -497.038, 799.17
3.87677, 871.828, -990.284
7.26215, -441.958, 717.503
4.58238, -754.051, 13.6479
3.03869, -127.01, 404.909
4.70633, -800.229, 532.333
6.28811, -406.294, -310.545
2.77803, -338.485, -322.921
3.51241, -29.3984, 146.333
6.82305, 948.559, -771.437
6.52456, -265.215, -16.2302
2.78861, -680.81, -675.54
4.40304, -63.8059, -701.493
4.56124, -151.625, 767.364
2.80071, -383.308, 302.587
7.09746, 795.391, 629.101
3.35398, 540.052, 802.466
6.51634, -936.686, 145.929
3.88599, 723.247, 44.4576
4.44586, 173.704, 738.973
7.19936, 51.3725, 623.787
6.24573, 159.746, -160.005
3.44774, -323.855, 761.533
6.89581, 437.803, 486.229
6.8953, 420.178, -854.186
3.30515, -820.081, -280.859
5.87346, -807.086, -166.406
6.89096, 626.126, 125.251
6.98262, 270.235, 538.52
3.06535, -27.0215, 756.781
5.93789, -234.709, -245.129
3.21651, -846.235, -756.624
3.6901, 417.119, -44.716
5.64383, 951.67, -218.063
4.312, 817.578, 360.948
4.64437, 588.556, 718.409
4.91936, -1.36956, -852.553
6.20379, -0.710507, -98.6609
3.23098, -399.616, 865.714
7.36238, -838.523, -779.58
7.3158, -523.022, -183.841
3.14741, -603.789, 666.909
5.3784, -321.714, -607.373
4.66439, 171.331, -119.53
5.50066, -235.508, -263.45
5.85098, -702.35, -140.902
4.5137, 396.141, 990.741
6.46691, 639.075, 698.483
4.89889, -980.698, -251.485
5.72449, 293.065, 278.085
4.28836, -245.291, 598.093
5.96794, -331.367, -220.994
5.83428, -416.95, -710.104
3.22071, -370.833, 709.03
7.10415, -988.644, 204.754
4.22228, 33.042, -236.082
6.66824, -417.95, -471.698
2.74349, 269.266, -751.145
3.27936, -246.383, -83.641
2.55765, 331.933, 511.656
3.94327, 121.811, 589.742
5.07295, -358.581, -168.931
3.65948, 684.059, 438.298
2.75022, -252.829, -69.903
5.33091, -595.113, -852.183
6.69774, -154.87, 663.211
4.28763, -637.703, -414.197
4.3452, 178.565, 868.26
7.22226, 255.672, -73.8722
4.72425, -899.206, -188.302
6.82086, 496.573, 191.759
5.82654, -790.804, -737.918
5.79297, 162.609, 666.727
7.10736, -962.124, 964.021
5.11536, 935.576, -610.779
5.45229, 439.58, -442.401
5.79944, 669.356, 674.037
4.24765, 286.521, 460.872
4.11714, 328.49, 69.4939
7.08984, -115.153, 738.392
3.08619, 903.508, -446.653
7.31268, 672.826, -168.067
5.17978, 52.0363, -334.075
5.81447, 859.67, 636.179
5.48362, 882.996, -513.365
6.93363, -506.056, -747.886
6.67999, -673.978, -607.641
6.69339, 246.49, 204.781
6.85642, -216.829, 343.233
2.5002, -769.13, 337.15
4.77274, 257.531, 352.096
4.25696, -936.018, 147.424
5.80713, -258.316, 710.135
6.22234, -879.618, 152.862
3.3821, -114.87, -441.168
7.4621, 794.49, -816.324
5.95466, -933.967, 187.855
6.97862, 138.747, -25.3835
3.51579, 377.109, -131.008
7.2356, -455.158, -36.557
4.88476, 906.239, -511.233
6.78578, 922.841, -745.847
6.41237, -985.843, -565.027
5.70687, 919.946, -899.332
3.14521, -725.777, 146.832
5.77944, 3.72026, 649.268
3.09199, 52.9144, 10.0996
3.88793, 337.754, 806.064
6.65548, -217.116, -226.602
6.14153, -753.084, -513.983
6.74348, -597.576, 296.142
3.43989, -788.743, -954.652
6.09602, 559.288, -278.09
4.25586, 161.894, 332.724
3.34555, -415.821, -685.745
4.52383, 342.593, -552.511
4.20924, 158.735, 772.968
6.67141, 399.123, -125.519
3.9111, 698.132, 583.969
5.16766, -661.101, -471.134
6.25085, 997.377, -853.608
4.62554, -671.099, -755.883
4.66964, -572.78, 546.427
3.03022, 858.621, -933.806
6.4639, -35.9664, -467.394
3.91232, -572.2, -484.913
7.14264, -583.666, -238.681
5.37926, 233.343, 527.887
3.4895, 815.739, -287.381
5.99081, 582.039, -771.332
3.07265, 495.922, -963.396
4.22945, 309.187, 789.866
4.15646, -570.222, -235.277
6.42735, 828.727, -964.367
6.65775, 459.956, -213.09
4.21712, -740.757, 755.578
4.2603, -275.583, 884.232
6.38197, 143.86, -838.51
6.58658, -13.3897, 688.393
4.26157, -129.053, 284.066
7.09559, -436.763, -301.666
3.2877, 489.212, 252.337
5.56029, -495.91, 553.264
5.54222, -370.86, 709.094
3.16647, -252.656, -748.092
3.51409, -747.88, -476.312
4.79457, -858.067, 501.052
3.48759, -530.555, 926.505
6.77118, -837.422, 368.047
6.54562, -759.646, -694.82
2.80131, -908.902, 888.325
6.50584, -717.655, 659.334
5.49597, -201.098, -544.986
7.43182, -892.503, 310.336
2.65919, -172.513, 625.073
6.8356, 948.182, -784.316
3.69109, 668.726, 342.277
3.6127, 179.326, 433.814
4.73907, -996.57, -543.904
2.61231, 865.661, -179.848
6.79755, -247.172, 26.8507
4.15902, 218.777, 587.821
5.72195, 307.706, 248.073
7.43521, -947.93, -481.79
5.30162, 284.648, -584.481
4.74553, -758.602, -246.136
5.213, 171.66, -723.826
2.90797, 773.195, -32.7977
3.99606, -798.559, -274.727
6.63964, 825.916, 683.221
6.48936, 626.533, 940.507
5.71048, -102.576, 679.597
4.84105, 631.496, 387.813
7.15326, -196.923, -612.663
5.08798, -243.34, -65.7354
7.42924, 798.52, -544.376
5.94567, -82.9822, -725.937
6.19966, -181.428, -442.091
3.46323, -392.146, -937.412
6.08881, -450.298, 626.335
6.11146, 570.142, -182.702
6.49298, 265.893, 154.11
4.23216, 255.582, -999.374
5.1481, -15.5916, -56.3764
3.19001, 715.849, -362.849
6.73218, -226.144, -201.849
6.32766, -86.1897, -887.652
7.5, 923.825, -415.084
4.24891, 483.228, 998.054
5.50367, -601.967, 593.11
3.50808, -496.601, 85.6124
6.2385, 27.5459, 151.282
6.49225, 979.185, 216.046
3.03505, -706.639, 109.547
5.35813, -507.392, 47.5612
2.84683, 357.458, -331.345
4.16036, 752.408, 689.281
5.80945, 488.111, -709.168
5.27726, 171.2, -195.348
7.12415, 229.001, -11.7658
2.69832, -487.193, 227.816
2.62083, -312.981, 241.392
4.61923, 221.13, -657.201
4.36987, 460.747, 136.851
2.93303, -247.116, -268.507
3.05403, -162.133, 167.944
5.31992, 370.276, -349.441
7.37269, 63.6551, 743.699
3.05066, -49.2645, -879.599
5.99352, 99.0304, 984.269
2.79674, -50.0403, -745.447
4.69755, 835.939, -109.742
5.24651, 994.291, 716.995
3.45129, 692.615, -751.398
7.36597, 312.587, 328.65
3.19593, -681.141, -84.4466
5.48978, 945.784, -433.317
7.12812, -874.19, 704.408
3.91116, -66.9026, 898.556
6.8307, -138.412, -79.5659
6.29598, -230.396, -602.681
6.10793, 345.713, 628.297
3.34241, -372.216, 366.873
3.32882, 841.733, 376.032
3.39076, -647.388, -992.288
5.87226, 336.517, -603.846
4.83484, -353.249, 35.1404
6.85219, -812.664, -358.345
5.76023, -704.023, -110.134
5.80464, 764.639, 883.879
2.58037, -659.367, -592.321
4.30596, -781.169, -667.474
3.72747, 927.597, 122.185
6.93086, -939.847, -952.215
5.23701, 826.398, 772.733
6.57209, -25.9193, -654.745
5.24453, 166.336, 873.087
4.16156, 506.662, -56.4722
4.40213, 25.8816, -655.072
2.52389, 934.009, 656.283
6.95226, -90.8586, -397.224
6.16955, -499.234, 687.031
6.04239, -154.048, 678.817
5.1278, 52.6677, -188.221
6.41065, -192.587, -816.877
3.42484, -384.325, -470.424
5.72673, 241.494, 513.184
3.42178, -691.471, -345.302
3.31214, 66.1905, -88.851
2.65594, -181.887, 851.506
7.42716, 130.131, -665.435
4.04559, -332.829, -719.416
4.11075, -673.825, -291.667
5.51155, 283.126, -240.309
2.89107, -329.785, -924.577
3.93936, -17.7766, 88.06
5.79307, -122.422, -493.509
7.36348, -996.565, -348.85
7.27758, -363.245, -798.199
7.42745, -669.378, -301.056
7.30478, -916.157, -767.009
3.0073, -559.201, 570.493
3.71505, -123.457, -492.444
6.91151, 98.4746, -434.769
5.28805, 340.924, 703.223
6.7669, 803.958, 515.677
7.49145, -532.173, 519.508
3.99751, -250.207, -477.597
6.33157, 983.523, 490.951
4.81901, 283.362, -142.805
6.8168, -636.239, -795.002
6.99018, 861.908, 6.65936
7.377, 258.271, -417.634
2.77405, 661.292, 87.7203
6.32605, 950.508, -620.665
5.09219, -935.269, 739.743
3.46574, 939.087, -248.908
6.98252, 193.951, -542.869
6.38492, -830.494, 98.9311
2.75968, 416.769, 542.152
7.47331, -856.648, 767.077
5.93659, -0.529698, -460.134
5.94854, 889.257, 496.867
6.57666, -657.535, 823.438
7.05426, -36.2592, -434.414
3.34218, -201.384, 406.299
5.24183, -579.881, 804.958
6.53351, -473.921, -254.386
4.17803, 317.915, -528.449
5.53435, -94.4331, 44.1398
6.59602, -956.347, 334.204
7.3485, 84.6014, -245.948
6.29349, 586.514, 492.583
3.72113, -186.385, -93.523
5.80589, -572.356, 404.526
4.21574, -447.244, -185.927
7.27146, 376.776, -397.05
2.60828, 804.576, 556.344
4.54979, -892.477, 948.425
2.55789, 590.062, -671.713
3.04964, 842.901, 203.9
5.28259, -853.791, 90.0857
4.45466, -36.9403, -233.308
7.20539, 118.207, -182.656
2.55572, 179.273, 397.981
6.22897, -225.173, -434.513
3.84293, 108.671, 131.277
4.27153, -677.072, -765.233
3.45835, -468.416, 616.632
5.14832, 296.293, -171.063
4.39478, -60.0502, -854.325
3.16407, -13.4652, -802.303
4.26563, -123.483, -567.437
4.2497, 784.284, 987.549
7.41084, 604.377, -121.342
5.25961, 153.167, -397.211
4.99918, 13.1043, -713.532
3.58531, -834.8, 459.212
4.37311, -229.645, -654.057
6.78251, -669.671, -472.209
6.45578, 786.814, -509.189
3.9204, -498.111, 928.414
5.07645, 437.782, 99.6633
6.79238, -296.177, -26.9665
7.07844, -958.752, -175.487
7.48941, 137.241, 918.947
6.53177, 174.363, -198.072
5.22718, -912.948, -183.56
7.3461, 149.412, -739.719
5.31931, -585.57, 362.67
4.03031, -414.309, 661.326
5.41853, 969.741, 955.875
2.91197, 43.8092, -334.191
5.47382, 362.988, 616.216
3.31968, -599.177, -591.694
6.46527, -605.595, -438.224
2.95373, 578.421, 743.556
6.3072, -505.93, -679.978
6.83996, -216.535, 34.084
6.40105, 193.354, -334.605
6.61399, 908.703, 973.348
6.70974, 372.851, 554.052
4.48328, 536.62, 256.005
6.508, -160.582, 169.705
6.56811, 381.516, -44.4702
5.43493, -410.396, 101.817
4.64621, 797.238, -51.321
2.5002, -71.8054, -480.131
5.31153, -816.286, 316.148
6.22632, 335.275, 357.989
3.89846, 963.984, 304.713
2.93406, -989.546, 565.523
3.5733, 853.536, -881.578
3.93296, -492.616, 562.362
4.86595, -408.234, 476.291
6.95893, 846.095, 819.945
5.91955, 504.904, -498.744
3.54376, -52.102, -63.8585
6.67533, 795.499, 12.7547
7.09218, 946.018, 917.414
4.48244, -474.242, -702.548
6.37858, 541.26, 542.728
5.68161, -162.613, -91.0267
6.64746, 483.987, 294.115
3.40204, 560.38, -455.821
7.45927, 575.555, -760.152
6.70558, -150.16, -845.466
4.65177, 889.579, 267.05
4.38589, 597.104, 891.859
2.70802, 657.344, -506.393
6.80715, -811.849, -542.695
6.62116, 909.377, -912.821
6.25052, 23.7492, 737.897
3.55801, -165.088, 996.494
4.31029, -782.178, -192.574
4.43545, -592.122, -806.142
7.32918, 798.629, 646.903
6.5872, -166.381, 634.046
4.5755, -82.9308, 449.906
5.83759, 206.691, 185.359
2.52101, 478.165, 974.88
6.98048, -740.283, 251.908
3.68416, -343.345, 355.649
3.79415, 361.413, -97.0476
5.4939, 408.463, -709.25
6.89823, -852.345, 381.831
6.16299, -566.49, -594.005
6.0773, 916.331, 571.226
3.57724, -609.502, 480.958
6.30413, 678.33, -959.047
3.85351, -159.636, -562.67
2.75246, 671.564, 353.402
4.78866, 267.435, 245.629
2.58759, 450.421, -780.893
3.01129, 75.6549, -172.45
2.639, -128.867, 282.986
5.65921, -340.223, -515.065
6.34425, 88.0165, -247.814
2.74132, 525.447, -842.065
6.6924, -59.2927, -630.806
6.76899, -263.292, -323.003
6.57649, -442.944, 573.448
6.85188, 795.758, 406.628
5.27222, -635.967, -174.291
6.12646, -297.992, 61.7821
3.20424, -529.279, 943.763
6.6115, 603.047, -524.701
5.51185, 735.709, -197.948
4.93856, 510.217, -922.615
6.14942, -289.458, 957.064
4.05164, 757.751, -669.89
3.93925, -699.261, 355.129
5.45857, -955.577, 813.322
5.34055, 658.581, 889.075
5.41059, -938.51, -577.451
2.84132, -689.868, 283.289
4.34304, 148.893, -384.843
6.28475, -930.607, -579.719
6.35297, -449.024, -870.293
4.27217, -394.251, -251.613
5.98913, 244.511, 934.438
5.08005, -690.869, -306.71
5.94494, 392.785, 130.956
6.18066, -82.3124, 615.348
2.56231, -344.292, -676.36
7.16549, 609.929, -119.226
5.37826, 134.103, 126.961
3.05587, 456.989, 975.538
4.87388, -110.966, 21.7766
3.24247, 170.481, 90.1301
4.22594, 50.9155, 451.193
7.04476, -934.038, 175.869
4.54571, 15.9156, 515.189
5.96642, -675.085, -73.6242
3.35865, 385.425, -930.764
6.21715, 894.026, -498.747
4.16319, -422.629, 640.229
4.62157, 669.986, 311.115
2.79523, -137.142, -117.148
5.09005, 288.14, -234.166
5.94425, 475.619, -582.201
5.01149, -265.687, 26.4879
6.56617, -168.831, -752.513
3.07974, 81.135, -941.666
5.24841, 264.165, 465.765
5.06046, 413.565, 21.5545
6.02649, 951.369, 441.888
5.65083, -235.653, 892.833
4.0207, -22.5772, -631.383
6.74719, 400.456, 373.616
3.39619, 601.067, -19.5139
2.61737, -531.93, -100.345
4.19467, 743.481, 55.3303
3.43818, 349.273, -82.6461
6.60467, -285.7, 193.352
6.72507, -896.229, -153.896
6.78031, 847.349, -722.108
7.37454, -955.516, 639.332
2.99587, 471.836, -448.817
2.56182, 564.354, 658.051
2.58614, 210.973, 594.472
2.64527, 253.598, 94.4063
4.1031, 153.837, -376.413
6.17815, 628.544, 303.221
3.14876, 372.886, 474.142
2.5161, -367.657, 508.419
6.91905, 138.809, -791.772
3.70482, 232.225, -576.348
4.38481, -822.61, 756.521
4.44879, 607.677, 187.296
2.81534, 595.661, 295.722
7.30792, 183.784, 961.751
3.75349, 727.499, -337.463
6.85376, -682.218, -54.6744
2.85991, -920.442, 429.45
2.70653, -628.122, 580.228
3.46378, 365.205, -524.261
3.86708, -311.183, 302.832
7.4007, -954.498, -365.963
3.60607, 324.384, -543.205
6.43119, -876.482, 857.757
4.42306, 302.431, -422.992
3.78593, 481.276, -637.659
3.91087, -951.288, 67.0161
7.33834, 869.648, -32.6071
4.22841, 770.882, 174.084
3.45922, -986.796, 738.537
5.05037, -548.307, -377.429
5.21857, -559.127, 635.846
5.72333, -634, -616.189
3.89738, -10.1408, 787.308
3.41887, -296.466, -721.793
2.71579, -835.506, 386.195
3.98408, -511.61, -278.407
4.25548, -231.701, 141.335
7.09372, -421.43, 733.173
5.81225, 494.591, -358.65
5.08041, 867.818, 587.614
4.03763, 618.105, 589.969
3.0007, -354.144, 155.961
3.47502, 380.618, -881.609
4.11407, 31.7424, -133.235
5.56182, 967.716, 86.4572
5.13511, 962.531, -986.019
3.45653, 254.818, 286.397
4.7178, -656.389, -429.615
4.48693, -711.671, 857.492
6.28051, -608.134, 744.888
6.6213, 737.565, 602.65
5.51573, 141.864, -343.685
3.04573, 611.437, -831.445
4.11797, 488.192, -165.494
5.03403, 7.64109, 319.368
4.76521, -648.417, 797.069
4.77315, -182.155, -463.889
4.91125, 917.825, 908.777
5.07896, 370.065, -651.6
4.50207, 193.369, 813.247
4.22945, 960.948, 486.233
6.64533, 925.913, -239.38
3.02204, -734.445, -800.824
6.40057, 588.41, 570.911
3.19919, -297.886, -239.787
2.62171, -806.082, -513.38
6.0664, 407.689, -757.899
7.15538, 159.013, -822.376
7.47667, 179.353, 175.274
3.86264, -871.481, 152.854
3.6923, -486.289, -248.455
3.87328, 965.676, 620.844
5.70836, -910.617, -731.747
5.17637, 311.283, 157.515
6.8967, 839.116, -297.776
6.75968, -657.013, -844.76
2.98004, 913.011, -33.2355
4.66818, -753.745, 195.485
3.17045, -206.7, -759.048
5.86802, -156.955, 322.171
5.34964, -53.193, -484.171
3.66474, -625.771, 560.998
5.50306, 267.259, -691.19
2.6551, -805.599, -28.8222
7.08512, 569.895, -313.367
3.82958, 862.774, -174.117
6.50016, -185.803, -509.099
5.46389, 173.274, -716.853
5.0822, 360.907, 622.937
5.2567, 317.802, 646.448
3.47225, 509.424, -233.103
5.36152, 119.329, -744.407
3.81992, 215.073, 403.508
4.41648, -765.062, 540.189
2.73626, -753.594, -897.644
4.22823, 589.104, -671.131
3.61594, 683.562, -439.674
3.81264, 16.3024, -739.838
3.05141, -430.909, -401.555
7.40088, -706.644, 21.3328
5.93794, 812.442, 644.751
5.82158, -547.853, -381.744
5.99501, -602.558, -673.892
2.68746, -837.267, -779.144
3.6706, -628.481, -745.68
3.95397, 715.469, 694.38
3.50543, -42.5211, -262.639
2.7177, 379.187, 330.56
2.56571, -544.287, 527.118
6.07297, -528.757, 765.715
6.88348, -872.602, -631.907
5.35088, -891.294, 279.988
6.92743, 866.567, 873.744
5.20042, -356.17, -280.599
3.31357, 930.619, -648.799
3.30492, 971.447, 439.89
7.19182, 321.154, 287.975
3.45628, 555.401, -854.654
3.15761, -6.98859, -114.18
4.41122, -318.216, -4.45548
6.12674, 257.436, -267.295
2.50651, 544.224, 871.187
4.60222, 11.3301, 732.171
5.18984, 310.376, -213.943
4.86596, -239.174, 247.838
6.33003, 540.122, 877.39
2.9396, 555.186, -472.415
7.04284, 132.312, 324.49
3.20818, -880.829, -394.572
2.54782, 439.165, -52.6543
2.82267, 246.139, 505.011
4.96742, 382.207, 222.661
5.40914, 535.292, 991.892
4.03373, -950.397, 545.179
4.57091, 922.955, -68.8189
4.33401, -573.623, -690.405
3.42687, 187.645, 670.16
2.76788, 635.059, 159.222
4.47222, 542.687, -65.6473
3.98388, -348.317, -131.764
5.05388, -396.607, 821.625
3.75392, -698.601, 230.795
5.01589, 967.817, 884.247
2.51168, -19.3212, 801.993
7.01807, 999.642, -448.549
2.79181, -905.644, -949.949
5.17506, -691.035, 804.521
3.95754, -387.603, 878.291
7.3023, -816.414, -267.105
4.73406, 319.056, -109.335
5.08479, 896.813, 167.378
5.93861, -256.188, 9.31757
2.72187, -160.699, 76.9468
7.2946, -799.099, 607.531
5.70852, 369.539, 160.226
2.80215, 632.339, -782.551
3.33964, 47.4858, 268.451
5.76491, 487.668, -251.106
6.19864, -769.392, 339.034
3.57011, 862.951, 198.743
4.31441, 158.214, -877.596
6.56981, -648.373, 936.069
5.32057, 807.881, -470.705
7.45886, -39.2831, -902.702
6.5669, -763.805, 398.899
3.49157, -995.855, -23.2546
2.50003, -165.439, -858.632
4.62608, 945.909, -787.715
4.07406, 831.977, 192.45
5.56218, 607.246, -935.231
3.83351, -192.697, -544.752
4.39881, -595.35, -60.6284
5.43397, 972.035, 291.724
5.95636, -141.698, -517.906
7.26736, -460.536, -572.729
4.89785, -292.743, -956.565
3.60319, 374.742, -732.796
5.33741, -726.293, -445.861
6.09873, 435.575, 364.962
4.4953, -481.242, 568.985
3.48326, -691.003, 995.919
6.66971, -687.277, -763.268
5.59561, -446.799, -876.556
7.26866, -296.186, 170.691
3.23222, -14.4378, -282.626
5.38953, 41.732, -460.841
7.26796, -391.601, 725.863
3.62331, 720.153, -976.037
7.25137, -487.567, 814.321
3.07874, 803.491, -519
2.58372, 29.3478, -264.786
3.90465, -345.191, -174.499
7.15042, 652.334, 166.114
3.04796, 744.83, 871.827
6.77266, 31.529, 832.877
5.68532, -727.497, -733.154
5.63853, 409.617, -711.055
3.80589, 732.96, 740.602
5.13936, -951.251, 221.798
7.16608, -265.767, 917.532
3.98055, 924.541, 99.9501
4.78006, 155.195, 459.229
6.35659, -657.054, -625.562
4.17193, 97.0645, 114.202
6.31775, -39.4782, -948.02
6.65892, -29.9531, 944.09
2.64618, -725.342, 568.75
4.31315, 716.2, -268.043
4.16221, 294.087, 460.341
3.17675, -520.373, -307.751
3.00839, -307.276, 623.995
5.11327, -610.668, 817.051
3.52046, 30.6657, -535.676
5.00728, -869.498, -632.957
5.1371, 4.80534, 962.312
4.13422, -270.676, -293.214
4.75888, 225.865, -446.646
6.85263, -7.5663, 989.434
4.72884, 647.164, 865.731
6.03726, -459.292, -922.277
6.83171, 917.316, -699.525
6.5822, 872.912, 222.87
2.67504, 898.278, 837.223
3.8644, -655.528, -235.802
5.21858, -423.252, -431.029
3.19942, -995.995, -538.422
5.57408, -781.814, -936.648
3.29182, -697.654, -606.191
4.41129, 98.6507, 221.449
5.94997, -94.2286, 189.785
3.21128, -388.248, 459.939
5.65284, -785.359, 796.217
3.15973, 200.771, 936.86
7.13583, -743.229, 256.511
5.53465, -940.273, 785.312
5.50388, -922.329, 369.362
3.33635, 613.513, -534.013
3.301, -863.371, -401.773
5.91628, 625.648, -30.4044
5.1456, -717.221, -14.5352
3.65264, -130.627, 814.643
6.55373, -502.484, -58.5653
5.76477, -420.975, -561.661
4.08597, -548.731, -582.703
2.53953, -263.141, -817.243
3.49176, 723.721, 749.972
3.78831, -9.28178, 382.443
3.03825, 894.228, 38.8398
3.49545, 133.671, -437.344
6.75079, 803.754, -772.583
6.63912, -986.163, 220.824
6.76813, -960.726, -550.609
5.71027, 284.813, 780.607
3.6787, 731.68, -992.148
6.80638, -502.606, -811.53
5.4745, 37.2419, -101.425
2.52745, 508.145, -28.5861
6.84925, -667.392, -477.659
7.37729, 651.513, 107.113
5.59653, 380.289, 13.0166
3.85574, -947.208, 379.218
7.46973, -158.247, -636.804
4.60751, -724.656, -531.317
4.20537, -795.494, -615.96
4.80717, 360.654, -138.464
4.44822, 265.087, -378.547
4.613, -51.3719, 515.723
2.84879, 132.374, 286.59
5.5153, -68.2761, -133.936
7.36114, -49.686, 231.77
5.07406, -696.734, -537.144
7.45461, 957.559, -137.855
5.84906, 632.926, -149.161
4.01716, -606.068, 71.1048
3.47371, 876.682, 564.647
4.0109, -709.046, -939.335
4.93946, -334.52, 461.792
4.72438, 529.569, 976.409
5.7844, 319.195, -943.671
3.74227, -781.165, -667.445
4.72007, 55.0824, 556.417
5.75894, -691.724, 55.5761
6.67472, -713.256, 188.006
6.03698, 204.319, 824.986
4.93928, -872.795, -600.935
6.72039, 400.331, -240.074
7.00296, -496.041, -181.927
6.33082, -650.32, -527.861
5.29453, 628.22, 847.812
2.70603, -27.2311, 97.5078
5.46749, 564.87, 65.1418
2.68674, -683.359, 830.91
4.53488, 21.4736, 437.078
2.84243, -977.912, -882.871
7.38558, -779.897, -882.647
2.5956, -518.37, -232.706
6.60363, -162.555, -276.667
5.2195, -370.934, 880.812
5.72828, 793.092, -332.438
3.62934, -260.757, 60.7585
2.733, 827.038, -693.644
3.63154, 215.669, -556.748
4.58371, -633.555, 135.49
6.40126, 266.452, -632.78
3.72852, -922.61, 392.375
4.81411, 662.686, 79.0954
6.14756, 929.496, 291.701
5.35237, -330.22, 816.98
5.45997, 927.507, 929.944
4.98425, -946.291, 281.475
3.951, 497.952, 107.667
4.71107, -3.42165, -225.211
2.53669, 855.733, -395.632
7.41683, 506.303, -363.363
2.52822, -811.792, -142.847
4.8676, -94.6376, 736.216
5.86497, -309.986, -121.764
