6.27803, -736.651, -998.111
3.5948, 64.9586, -90.1618
5.89648, 358.416, -905.052
5.09708, -233.585, 871.013
2.76731, -931.44, 660.523
2.53849, 337.373, 55.7987
4.58743, -863.84, -232.864
7.15218, 178.109, 374.11
2.95982, 53.1166, 692.217
6.00595, -166.123, 310.812
3.81226, 525.376, 819.733
4.14117, 472.011, -903.987
7.45519, 511.905, 264.134
7.41275, -508.611, -273.768
5.75759, 505.934, 444.755
6.92354, 263.02, -853.473
6.33247, -125.897, -454.127
3.87453, -522.034, -45.9394
4.93259, -670.643, -293.046
2.80282, 819.114, 793.703
5.08146, 8.67049, 807.82
4.96988, 971.778, -362.232
7.23882, -817.403, -468.011
4.42071, -3.0606, -846.874
5.14874, 826.583, -446.648
2.75042, 880.79, -69.4037
6.63909, 540.563, 526.366
5.94228, -966.128, -748.341
6.18112, 259.032, 736.061
6.94286, 995.842, 450.606
4.25508, -385.782, -533.969
6.72991, 182.292, 26.397
3.84659, 671.511, -167.436
4.83959, 74.1061, -170.873
3.2686, -644.377, -423.373
2.66527, 606.757, 142.93
7.2768, -3.92144, 70.0263
6.95369, 109.448, 495.792
3.29884, 682.714, 249.015
3.15214, 429.212, -573.92
2.515, -451.217, -817.442
6.0491, -953.542, -174.91
3.40448, -518.275, 874.091
5.76029, 773.481, -363.959
4.42907, 363.463, -699.027
3.23766, -1.42687, -225.563
5.45054, 688.531, 173.746
3.24076, 114.5, 910.303
3.2091, -182.164, 965.415
4.94257, -494.905, 129.072
3.13015, 917.514, -72.217
5.64635, -360.542, -599.452
5.60817, 301.967, -745.414
4.88216, -502.988, 605.036
2.64188, -590.044, -226.845
3.21011, -145.025, 802.477
3.15594, -179.828, 893.586
3.31099, -816.883, 767.659
3.76529, -268.983, -856.317
4.77654, 568.341, -731.161
6.54472, -95.0974, -300.613
3.57624, 303.018, 861.867
3.75063, 817.49, 360.071
5.02978, -57.6996, 721.348
6.27922, 635.021, 196.939
5.66369, 902.925, -73.556
5.9449, 646.154, -123.257
7.27207, 972.929, 405.729
5.18713, -421.889, 704.775
4.57014, -788.03, 35.4568
4.70019, 752.506, 154.064
6.07821, 737.809, 459.212
6.20858, 411.767, 600.343
5.12494, 771.616, -961.089
6.06711, -868.388, -73.6397
5.91025, 335.001, -21.9621
6.82941, 832.795, -600.27
3.19597, 87.0663, 778.548
3.57766, 976.374, -99.8134
5.0733, -367.362, -109.021
4.83766, -120.15, 759.868
3.55759, -268.949, 612.785
5.65244, -692.635, 994.945
2.5044, -992.489, 227.439
4.09589, 454.07, 545.958
5.90281, 364.367, -161.91
6.0446, 672.132, -588.759
2.90869, -810.169, 656.608
3.56926, 260.575, 529.429
4.44412, -836.794, -572.388
4.44927, 896.657, 903.755
3.92018, 383.805, -461.383
4.6123, 566.786, 552.97
2.55658, -603.796, -439.029
3.72027, 958.83, -617.728
4.49072, -725.536, 641.298
6.64177, -646.681, 201.796
3.78584, 974.789, -685.296
3.59705, -798.889, -532.623
6.47385, 391.367, 269.207
5.8476, 504.86, 392.214
5.49108, -889.046, 274.953
5.99917, -362.808, -544.889
5.13062, 525.645, -763.936
4.14833, 178.873, 105.493
3.30844, -714.16, 404.976
6.56633, 719.712, -28.9976
4.08004, 477.984, 114.341
4.05369, 56.2828, -730.034
4.65424, 35.9086, 174.162
4.46509, -250.613, -478.108
4.43916, -48.5882, -108.818
4.34871, -841.699, -441.991
5.88118, 343.397, -492.564
6.10384, 455.835, 27.9603
7.20082, -74.7142, 891.491
5.08573, -79.2461, -357.127
5.5282, -195.569, 322.808
5.85049, -697.524, 974.552
5.11404, 82.6045, -311.152
3.87105, -966.434, 655.342
7.08924, 93.0294, 285.673
3.73367, 938.379, -465.524
4.77876, 386.923, 686.534
3.30374, -954.977, 638.891
4.68319, 414.859, 412.403
7.45767, 501.677, 166.109
6.26931, -440.369, 391.21
4.97846, -989.596, -656.928
7.01651, -668.186, -839.698
4.68213, 493.072, 564.602
5.09239, 169.167, -985.682
4.44866, 88.103, -864.702
5.63431, -226.862, -568.232
5.19331, 417.462, 318.109
4.35955, 632.034, -439.066
2.54674, -371.117, 366.204
6.3794, 41.6252, -791.115
2.85317, -888.64, -559.38
3.98511, 446.702, -679.509
4.78581, -38.7453, -900.895
3.25156, -99.5137, 40.3113
5.97819, 667.69, -429.056
4.15587, 371.07, 160.608
5.21197, 972.694, -883.672
2.64678, 714.39, -993.371
5.38086, -20.9055, -242.21
5.18133, 361.274, 476.629
7.36678, -755.837, -927.424
5.57063, -297.529, -622.117
5.26431, -747.207, 214.253
6.69051, -282.44, 907.136
3.75764, -483.521, 944.709
6.98957, 632.306, -146.972
5.97428, 518.59, -508.42
5.82752, -472.87, -96.0111
3.06838, -580.475, -767.879
3.37987, -985.653, 94.2591
2.91253, -136.17, 197.501
6.68103, -248.529, 373.69
2.64818, 943.637, -756.688
6.34719, -6.75291, -844.967
4.29829, -500.775, 867.241
6.24626, 0.925856, 537.017
6.28385, 363.023, 342.955
3.60834, -538.47, -925.757
5.58305, 305.178, 126.013
3.66846, -550.091, -255.618
6.22052, -668.575, 305.168
5.80997, -906.659, -682.019
4.9209, 900.453, -748.746
2.58972, 828.052, 240.88
4.98291, 444.664, 190.619
5.09587, -114.822, -890.601
4.71395, -873.94, 535.01
4.14528, -63.4931, 952.447
3.52671, 485.979, -107.81
7.19863, -253.43, -655.483
2.85168, -499.596, 927.568
3.30042, 52.3143, -750.475
6.70788, -790.66, 30.5207
4.13614, -155.229, -266.602
6.85942, 155.2, 427.207
5.99896, 672.523, 516.287
5.52801, 869.968, -221.31
4.77536, 79.184, -273.002
2.91543, -520.71, -185.497
3.94883, -55.1428, -154.04
6.51009, -568.514, -788.873
6.81821, 338.012, 56.857
3.81831, 422.475, -511.964
4.79881, -837.233, -234.925
4.95672, 597.296, -529.556
5.82344, -467.581, -991.941
7.31738, -626.518, -151.114
7.23022, 588.685, -732.889
2.81902, 223.16, -656.607
5.04829, -407.459, -309.539
6.13222, 668.531, 653.669
5.65882, 602.878, -340.38
3.26658, -916.444, -909.049
5.09652, -870.002, 540.325
3.52281, -558.06, 857.007
6.03231, 399.616, -821.556
6.05786, -475.717, -12.3744
3.66304, -590.383, -239.87
6.80594, -66.1364, -133.523
2.67122, -110.382, 952.908
6.26587, -936.213, 49.1012
4.14789, 644.478, 179.849
4.65309, 72.3959, -535.009
7.33455, 972.214, -193.159
4.05803, 734.279, 698.962
5.69762, 992.435, -702.35
5.95386, 865.178, -63.0621
5.36403, 81.7056, 630.009
6.60667, 890.972, -682.365
4.21807, -911.619, -685.67
5.09387, -807.929, -778.215
6.78438, 122.773, -953.634
6.18587, 347.94, 36.1469
3.45992, -950.686, 393.788
2.83145, -308.207, 341.395
3.60828, 848.467, -722.066
3.33656, 171.404, -237.939
6.31172, 382.125, -942.799
5.44905, -844.598, 426.195
4.65223, 859.435, 851.652
7.09618, 661.72, 12.0239
5.09668, 446.642, 198.757
7.38058, -677.766, -19.4961
5.15714, -453.302, 148.069
2.98716, 334.129, 395.46
5.83983, 220.26, 97.9309
5.44444, 141.82, -15.8724
5.01137, -703.037, -110.123
2.75808, -935.039, 461.577
2.6753, -351.606, 33.7756
4.41484, -785.606, -510.992
5.55555, 192.707, 103.605
5.06574, 540.393, 876.621
5.98498, 301.126, -26.5447
4.89891, -25.8713, -185.144
3.88323, 68.3782, 421.25
6.01685, -439.555, 210.409
3.67701, 875.869, 59.878
6.41501, 192.248, -174.112
6.60589, 362.094, 839.105
3.21842, -537.976, 54.2663
5.75757, -494.506, 802.142
3.87677, 871.042, -988.757
7.26215, -438.428, 716.989
4.58238, -753.18, 13.7944
3.03869, -126.88, 404.304
4.70633, -799.519, 532.045
6.28811, -414.97, -304.884
2.77803, -338.531, -321.833
3.51241, -28.8655, 145.754
6.82305, 946.273, -781.984
6.52456, -265.315, -14.6277
2.78861, -680.255, -674.604
4.40304, -63.9749, -701.437
4.56124, -149.67, 766.537
2.80071, -382.647, 302.553
7.09746, 797.708, 635.281
3.35398, 539.305, 803.033
6.51634, -935.159, 148.321
3.88599, 723.374, 44.9925
4.44586, 173.35, 738.702
7.19936, 51.9694, 623.711
6.24573, 160.156, -161.518
3.44774, -324.3, 760.895
6.89581, 437.165, 485.803
6.8953, 419.288, -852.818
3.30515, -814.992, -270.805
5.87346, -806.072, -166.368
6.89096, 626.707, 125.743
6.98262, 266.569, 534.491
3.06535, -26.3476, 755.978
5.93789, -233.973, -247.18
3.21651, -843.951, -758.675
3.6901, 416.093, -44.6751
5.64383, 950.003, -218.023
4.312, 817.119, 362.695
4.64437, 588.532, 718.105
4.91936, -6.73731, -847.314
6.20379, -1.29778, -101.316
3.23098, -396.921, 866.286
7.36238, -837.423, -777.549
7.3158, -519.598, -188.971
3.14741, -602.871, 666.204
5.3784, -320.84, -607.155
4.66439, 171.001, -120.732
5.50066, -239.186, -261.644
5.85098, -701.032, -138.069
4.5137, 396.279, 989.655
6.46691, 639.441, 697.15
4.89889, -979.136, -251.193
5.72449, 294.446, 277.542
4.28836, -245.653, 598.517
5.96794, -331.026, -220.896
5.83428, -416.966, -708.242
3.22071, -373.219, 709.527
7.10415, -985.314, 210.926
4.22228, 32.6582, -235.952
6.66824, -417.044, -471.07
2.74349, 269.771, -749.83
3.27936, -246.627, -77.6894
2.55765, 331.694, 510.662
3.94327, 121.5, 589.387
5.07295, -354.108, -170.282
3.65948, 683.547, 438.071
2.75022, -242.248, -66.8422
5.33091, -595.322, -850.081
6.69774, -154.234, 667.699
4.28763, -640.294, -420.204
4.3452, 170.965, 870.163
7.22226, 255.882, -73.6845
4.72425, -903.75, -185.477
6.82086, 495.709, 189.982
5.82654, -790.126, -737.277
5.79297, 163.349, 666.222
7.10736, -961.332, 963.223
5.11536, 938.417, -613.473
5.45229, 439.421, -442.27
5.79944, 668.882, 671.612
4.24765, 292.908, 460.407
4.11714, 332.764, 63.8451
7.08984, -113.102, 738.689
3.08619, 903.57, -446.413
7.31268, 675.916, -170.817
5.17978, 46.5011, -332.931
5.81447, 857.68, 635.539
5.48362, 886.211, -509.658
6.93363, -506.115, -747.032
6.67999, -671.944, -607.593
6.69339, 246.592, 204.249
6.85642, -215.729, 342.077
2.5002, -768.92, 335.403
4.77274, 257.965, 351.465
4.25696, -934.448, 149.766
5.80713, -258.15, 709.607
6.22234, -873.022, 152.835
3.3821, -117.228, -444.247
7.4621, 794.491, -814.97
5.95466, -933.37, 176.522
6.97862, 140.311, -20.7511
3.51579, 375.538, -131.35
7.2356, -455.964, -36.4971
4.88476, 900.128, -507.734
6.78578, 922.204, -746.302
6.41237, -983.3, -562.148
5.70687, 916.445, -902.154
3.14521, -725.134, 147.415
5.77944, 3.9482, 649.539
3.09199, 53.0197, 9.76818
3.88793, 336.766, 805.185
6.65548, -218.983, -226.892
6.14153, -752.593, -513.723
6.74348, -597.733, 295.998
3.43989, -786.244, -950.21
6.09602, 558.77, -278.552
4.25586, 161.055, 332.628
3.34555, -415.857, -686.787
4.52383, 340.553, -550.716
4.20924, 158.924, 772.014
6.67141, 396.28, -125.539
3.9111, 698.057, 584.05
5.16766, -673.136, -477.344
6.25085, 995.684, -853.175
4.62554, -682.253, -763.031
4.66964, -571.249, 546.848
3.03022, 858.212, -933.092
6.4639, -37.169, -466.817
3.91232, -572.782, -484.225
7.14264, -581.117, -237.333
5.37926, 237.664, 523.082
3.4895, 816.59, -288.293
5.99081, 576.256, -760.189
3.07265, 495.636, -961.568
4.22945, 307.888, 788.739
4.15646, -578.87, -237.431
6.42735, 828.554, -963.236
6.65775, 459.761, -212.944
4.21712, -740.312, 755.293
4.2603, -274.969, 886.041
6.38197, 145.381, -835.086
6.58658, -13.0381, 688.207
4.26157, -129.932, 285.515
7.09559, -434.045, -301.367
3.2877, 490.205, 252.935
5.56029, -490.457, 562.52
5.54222, -373.399, 709.993
3.16647, -252.299, -746.96
3.51409, -746.83, -477.008
4.79457, -857.474, 501.111
3.48759, -528.863, 927.031
6.77118, -839.15, 371.528
6.54562, -759.625, -693.819
2.80131, -907.863, 887.234
6.50584, -717.948, 657.244
5.49597, -193.434, -544.097
7.43182, -891.717, 308.961
2.65919, -164.435, 636.842
6.8356, 946.151, -776.78
3.69109, 669.02, 346.607
3.6127, 177.624, 432.674
4.73907, -992.621, -540.963
2.61231, 861.373, -172.502
6.79755, -251.156, 23.7727
4.15902, 214.243, 590.704
5.72195, 306.983, 249.241
7.43521, -946.675, -482.319
5.30162, 284.615, -584.113
4.74553, -758.322, -246.191
5.213, 171.874, -716.248
2.90797, 773.129, -32.8053
3.99606, -802.495, -273.058
6.63964, 824.305, 681.125
6.48936, 626.036, 938.863
5.71048, -102.875, 679.686
4.84105, 631.095, 387.111
7.15326, -197.531, -611.399
5.08798, -248.823, -70.066
7.42924, 798.24, -542.323
5.94567, -81.9631, -724.59
6.19966, -181.153, -444.409
3.46323, -392.342, -936.012
6.08881, -451.021, 625.509
6.11146, 570.069, -181.885
6.49298, 266.19, 153.955
4.23216, 255.446, -998.02
5.1481, -15.7087, -57.9896
3.19001, 715.878, -361.903
6.73218, -225.62, -204.334
6.32766, -85.2396, -886.252
7.5, 923.57, -416.449
4.24891, 483.129, 995.676
5.50367, -601.419, 592.041
3.50808, -496.371, 84.9495
6.2385, 28.0633, 151.929
6.49225, 977.649, 216.154
3.03505, -706.303, 109.405
5.35813, -507.271, 47.4237
2.84683, 358.199, -332.778
4.16036, 750.24, 689.345
5.80945, 487.433, -708.609
5.27726, 174.051, -196.61
7.12415, 228.966, -11.7391
2.69832, -486.471, 227.166
2.62083, -312.245, 240.725
4.61923, 214.895, -657.072
4.36987, 460.783, 136.408
2.93303, -238.612, -262.557
3.05403, -161.821, 167.72
5.31992, 369.292, -348.777
7.37269, 62.4809, 742.931
3.05066, -48.2789, -881.269
5.99352, 99.04, 982.674
2.79674, -50.2041, -744.031
4.69755, 835.674, -108.96
5.24651, 993.169, 716.496
3.45129, 691.966, -750.788
7.36597, 313.338, 327.905
3.19593, -677.041, -74.9474
5.48978, 943.17, -432.971
7.12812, -873.518, 704.259
3.91116, -73.1817, 892.768
6.8307, -139.566, -80.7926
6.29598, -229.062, -601.628
6.10793, 351.13, 624.848
3.34241, -377.026, 370.383
3.32882, 839.185, 375.06
3.39076, -647.388, -990.931
5.87226, 335.964, -602.969
4.83484, -355.304, 39.8315
6.85219, -811.781, -358.24
5.76023, -696.994, -117.103
5.80464, 763.499, 882.353
2.58037, -660.56, -595.228
4.30596, -780.495, -668.93
3.72747, 926.14, 120.661
6.93086, -938.538, -951.072
5.23701, 825.519, 773.297
6.57209, -26.1942, -652.813
5.24453, 172.324, 869.744
4.16156, 506.469, -56.0716
4.40213, 25.0585, -654.884
2.52389, 932.813, 655.426
6.95226, -90.6848, -397.285
6.16955, -498.251, 686.431
6.04239, -153.698, 671.777
5.1278, 53.9356, -187.623
6.41065, -191.899, -815.866
3.42484, -385.115, -470.447
5.72673, 244.459, 511.047
3.42178, -690.313, -344.017
3.31214, 64.3339, -84.008
2.65594, -181.916, 850.898
7.42716, 130.275, -665.561
4.04559, -332.253, -718.223
4.11075, -668.211, -298.586
5.51155, 288.051, -233.141
2.89107, -329.621, -923.551
3.93936, -18.4969, 88.481
5.79307, -122.655, -493.732
7.36348, -994.651, -348.98
7.27758, -363.202, -797.097
7.42745, -671.448, -290.901
7.30478, -914.832, -765.069
3.0073, -558.879, 569.224
3.71505, -125.566, -490.79
6.91151, 98.7995, -433.97
5.28805, 340.713, 701.853
6.7669, 803.334, 515.864
7.49145, -534.267, 522.029
3.99751, -257.481, -481.59
6.33157, 980.787, 489.232
4.81901, 283.938, -143.253
6.8168, -636.25, -793.908
6.99018, 861.148, 5.65155
7.377, 258.064, -417.029
2.77405, 661.378, 79.3354
6.32605, 949.149, -618.816
5.09219, -934.318, 739.519
3.46574, 933.845, -244.354
6.98252, 194.99, -543.091
6.38492, -831.293, 98.4443
2.75968, 416.268, 541.647
7.47331, -855.211, 766.148
5.93659, -1.91719, -459.56
5.94854, 888.582, 496.808
6.57666, -657.367, 821.45
7.05426, -36.5069, -435.69
3.34218, -201.384, 405.083
5.24183, -580.065, 804.428
6.53351, -479.663, -252.699
4.17803, 319.721, -530.836
5.53435, -99.5927, 41.0235
6.59602, -954.156, 334.119
7.3485, 86.9909, -247.938
6.29349, 585.467, 492.86
3.72113, -184.262, -93.1507
5.80589, -572.256, 403.927
4.21574, -447.794, -186.383
7.27146, 376.311, -396.6
2.60828, 804.009, 555.989
4.54979, -892.125, 947.429
2.55789, 591.22, -673.025
3.04964, 842.068, 201.713
5.28259, -851.308, 91.1068
4.45466, -33.0649, -234.706
7.20539, 118.018, -182.681
2.55572, 179.291, 396.516
6.22897, -224.06, -435.21
3.84293, 109.581, 129.35
4.27153, -681.315, -759.645
3.45835, -466.196, 616.942
5.14832, 296.008, -170.349
4.39478, -58.9995, -854.958
3.16407, -13.0017, -802.617
4.26563, -124.641, -566.12
4.2497, 784.02, 986.421
7.41084, 611.605, -120.195
5.25961, 151.261, -388.798
4.99918, 13.3763, -713.933
3.58531, -834.697, 457.944
4.37311, -231.216, -652.475
6.78251, -662.529, -473.852
6.45578, 788.438, -510.089
3.9204, -491.573, 929.118
5.07645, 437.551, 100.315
6.79238, -294.624, -25.7917
7.07844, -948.195, -173.117
7.48941, 136.789, 917.453
6.53177, 171.507, -194.381
5.22718, -907.287, -184.222
7.3461, 149.668, -738.188
5.31931, -585.352, 362.647
4.03031, -415.298, 660.56
5.41853, 967.875, 954.174
2.91197, 55.1172, -332.755
5.47382, 356.461, 624.064
3.31968, -598.847, -591.682
6.46527, -610.16, -436.566
2.95373, 578.8, 741.783
6.3072, -505.599, -679.847
6.83996, -218.734, 33.0669
6.40105, 192.431, -334.502
6.61399, 908.636, 971.358
6.70974, 372.661, 553.583
4.48328, 533.509, 256.181
6.508, -160.076, 169.707
6.56811, 381.003, -44.2483
5.43493, -410.073, 101.453
4.64621, 796.492, -50.6176
2.5002, -69.2816, -479.538
5.31153, -815.699, 316.484
6.22632, 335.803, 356.246
3.89846, 964.694, 299.897
2.93406, -987.914, 565.239
3.5733, 853.49, -881.074
3.93296, -493.764, 555.059
4.86595, -407.303, 475.665
6.95893, 845.602, 819.905
5.91955, 506.811, -499.862
3.54376, -51.1252, -65.1647
6.67533, 794.734, 12.2941
7.09218, 942.466, 917.531
4.48244, -474.645, -701.732
6.37858, 541.663, 539.209
5.68161, -161.851, -90.7207
6.64746, 483.674, 292.72
3.40204, 559.216, -457.612
7.45927, 579.231, -765.052
6.70558, -150.685, -845.079
4.65177, 888.834, 266.425
4.38589, 596.87, 890.661
2.70802, 656.176, -505.972
6.80715, -808.928, -540.651
6.62116, 911.201, -908.687
6.25052, 18.129, 734.647
3.55801, -165.155, 994.603
4.31029, -781.965, -192.367
4.43545, -591.629, -804.221
7.32918, 804.597, 641.696
6.5872, -168.327, 631.121
4.5755, -82.554, 449.534
5.83759, 206.126, 184.408
2.52101, 477.609, 975.275
6.98048, -743.002, 256.16
3.68416, -343.418, 355.383
3.79415, 360.015, -96.3651
5.4939, 407.982, -709.276
6.89823, -847.416, 379.718
6.16299, -565.827, -592.747
6.0773, 914.539, 570.873
3.57724, -608.777, 481.024
6.30413, 678.519, -958.385
3.85351, -160.221, -561.204
2.75246, 668.594, 345.046
4.78866, 268.363, 245.658
2.58759, 449.558, -779.735
3.01129, 75.3413, -174.491
2.639, -129.144, 280.903
5.65921, -340.647, -515.462
6.34425, 83.513, -246.005
2.74132, 525.551, -841.121
6.6924, -58.4227, -630.703
6.76899, -263.142, -321.326
6.57649, -444.217, 573.859
6.85188, 795.306, 405.99
5.27222, -634.654, -172.794
6.12646, -296.692, 60.3459
3.20424, -528.056, 939.652
6.6115, 601.753, -529.361
5.51185, 734.477, -197.569
4.93856, 509.403, -921.431
6.14942, -288.803, 954.549
4.05164, 757.646, -669.461
3.93925, -699.328, 354.422
5.45857, -954.019, 811.656
5.34055, 657.097, 886.942
5.41059, -928.678, -579.14
2.84132, -689.58, 283.226
4.34304, 153.077, -381.057
6.28475, -937.644, -576.53
6.35297, -446.814, -875.918
4.27217, -394.125, -252.117
5.98913, 243.532, 933.213
5.08005, -685.61, -304.411
5.94494, 391.871, 131.602
6.18066, -82.2032, 615.608
2.56231, -343.803, -675.554
7.16549, 604.374, -122.907
5.37826, 133.767, 126.631
3.05587, 458.529, 974.939
4.87388, -109.68, 24.1859
3.24247, 172.794, 93.1977
4.22594, 50.9584, 450.256
7.04476, -933.283, 183.492
4.54571, 15.5401, 516.054
5.96642, -678.35, -76.1211
3.35865, 383.697, -933.307
6.21715, 893.517, -503.176
4.16319, -423.442, 641.065
4.62157, 668.498, 311.373
2.79523, -137.227, -115.798
5.09005, 282.306, -240.154
5.94425, 474.918, -581.691
5.01149, -259.749, 23.2711
6.56617, -169.025, -751.787
3.07974, 81.5717, -940.231
5.24841, 266.044, 465.592
5.06046, 412.23, 21.3967
6.02649, 952.843, 441.721
5.65083, -236.6, 890.69
4.0207, -23.7419, -633.249
6.74719, 400.215, 372.512
3.39619, 601.939, -20.141
2.61737, -531.066, -100.296
4.19467, 741.297, 54.4436
3.43818, 350.269, -84.2411
6.60467, -286.18, 191.048
6.72507, -895.838, -155.699
6.78031, 844.815, -719.511
7.37454, -954.857, 639.537
2.99587, 470.7, -448.543
2.56182, 564.438, 657.293
2.58614, 218.796, 586.789
2.64527, 252.695, 94.8715
4.1031, 150.327, -388.043
6.17815, 627.966, 302.809
3.14876, 367.378, 474.996
2.5161, -367.906, 507.729
6.91905, 139.011, -791.214
3.70482, 231.692, -575.186
4.38481, -821.772, 758.602
4.44879, 609.308, 186.514
2.81534, 595.832, 295.297
7.30792, 183.723, 959.555
3.75349, 727.037, -337.962
6.85376, -680.935, -57.315
2.85991, -919.389, 428.043
2.70653, -625.889, 578.561
3.46378, 363.688, -523.858
3.86708, -310.754, 302.85
7.4007, -953.669, -365.733
3.60607, 324.797, -540.789
6.43119, -876.052, 856.889
4.42306, 301.556, -422.504
3.78593, 480.526, -637.262
3.91087, -948.937, 66.1843
7.33834, 868.864, -33.607
4.22841, 769.279, 173.055
3.45922, -985.131, 738.081
5.05037, -547.786, -381.233
5.21857, -558.41, 635.024
5.72333, -636.193, -615.821
3.89738, -10.188, 787.763
3.41887, -296.539, -720.595
2.71579, -840.214, 380.491
3.98408, -504.084, -266.569
4.25548, -231.598, 140.967
7.09372, -421.313, 729.676
5.81225, 504.196, -362.288
5.08041, 867.182, 586.688
4.03763, 616.895, 588.881
3.0007, -353.391, 155.526
3.47502, 380.249, -881.182
4.11407, 31.5735, -132.473
5.56182, 965.774, 86.5888
5.13511, 961.676, -984.933
3.45653, 256.266, 285.554
4.7178, -651.328, -428.976
4.48693, -710.442, 855.964
6.28051, -607.504, 744.837
6.6213, 737.138, 602.632
5.51573, 141.956, -344.187
3.04573, 610.59, -830.068
4.11797, 487.552, -165.432
5.03403, 8.08124, 318.946
4.76521, -648.28, 798.184
4.77315, -181.496, -462.016
4.91125, 917.863, 909.826
5.07896, 369.7, -651.402
4.50207, 196.349, 816.189
4.22945, 962.119, 485.346
6.64533, 927.622, -239.88
3.02204, -733.399, -799.442
6.40057, 587.163, 569.521
3.19919, -297.719, -239.571
2.62171, -802.647, -515.203
6.0664, 407.272, -756.198
7.15538, 156.398, -822.341
7.47667, 180.872, 174.928
3.86264, -882.107, 152.877
3.6923, -479.716, -253.047
3.87328, 964.131, 620.376
5.70836, -909.575, -731.288
5.17637, 310.908, 156.467
6.8967, 837.238, -297.287
6.75968, -661.433, -841.499
2.98004, 910.615, -34.8839
4.66818, -751.618, 198.059
3.17045, -205.913, -758.104
5.86802, -159.835, 318.356
5.34964, -53.366, -481.369
3.66474, -624.471, 562.505
5.50306, 266.864, -690.229
2.6551, -804.274, -28.4027
7.08512, 569.222, -312.643
3.82958, 864.746, -179.275
6.50016, -185.141, -509.371
5.46389, 169.787, -724.625
5.0822, 359.975, 616.068
5.2567, 319.074, 644.868
3.47225, 507.778, -233.419
5.36152, 120.88, -743.702
3.81992, 214.218, 403.003
4.41648, -765.265, 539.886
2.73626, -754.423, -897.587
4.22823, 587.227, -670.6
3.61594, 680.34, -437.717
3.81264, 16.8052, -738.169
3.05141, -430.382, -402.101
7.40088, -706.127, 20.5207
5.93794, 800.599, 643.378
5.82158, -548.143, -377.685
5.99501, -602.109, -673.361
2.68746, -834.594, -776.533
3.6706, -628.849, -745.724
3.95397, 716.965, 694.093
3.50543, -40.3872, -260.586
2.7177, 376.821, 332.074
2.56571, -536.516, 523.389
6.07297, -527.951, 765.604
6.88348, -870.067, -631.089
5.35088, -888.541, 273.756
6.92743, 866.141, 871.691
5.20042, -356.419, -280.239
3.31357, 930.183, -648.027
3.30492, 968.899, 440.186
7.19182, 319.803, 287.611
3.45628, 554.595, -853.286
3.15761, -5.329, -110.399
4.41122, -316.062, -5.07162
6.12674, 257.72, -265.88
2.50651, 540.731, 875.625
4.60222, 18.9982, 735.099
5.18984, 308.696, -214.007
4.86596, -238.9, 247.472
6.33003, 545.093, 869.386
2.9396, 555.045, -470.587
7.04284, 133.324, 324.04
3.20818, -877.927, -395.343
2.54782, 437.029, -52.0068
2.82267, 240.551, 518.222
4.96742, 381.95, 222.531
5.40914, 533.443, 987.227
4.03373, -949.252, 544.947
4.57091, 918.975, -67.7216
4.33401, -574.3, -689.389
3.42687, 185.85, 669.297
2.76788, 637.986, 161.147
4.47222, 541.78, -65.5122
3.98388, -348.063, -131.975
5.05388, -396.386, 821.041
3.75392, -699.561, 230.449
5.01589, 965.774, 884.855
2.51168, -16.7504, 798.724
7.01807, 997.691, -448.294
2.79181, -905.958, -948.753
5.17506, -689.181, 804.841
3.95754, -385.209, 876.034
7.3023, -814.846, -271.192
4.73406, 319.573, -109.251
5.08479, 895.409, 167.62
5.93861, -256.233, 13.2932
2.72187, -160.65, 76.3121
7.2946, -798.445, 607.065
5.70852, 363.53, 155.729
2.80215, 630.824, -781.436
3.33964, 48.2984, 268.25
5.76491, 487.616, -249.852
6.19864, -769.457, 339.271
3.57011, 860.957, 200.268
4.31441, 157.556, -875.355
6.56981, -648.19, 935.163
5.32057, 807.824, -470.635
7.45886, -43.2068, -897.199
6.5669, -763.701, 397.891
3.49157, -994.494, -23.0869
2.50003, -162.598, -855.118
4.62608, 945.826, -774.517
4.07406, 833.724, 194.427
5.56218, 606.985, -934.205
3.83351, -202.383, -544.446
4.39881, -595.147, -61.0421
5.43397, 968.193, 294.563
5.95636, -141.578, -516.057
7.26736, -459.61, -572.08
4.89785, -292.832, -955.166
3.60319, 375.66, -731.141
5.33741, -725.16, -446.785
6.09873, 433.712, 364.421
4.4953, -486.318, 565.184
3.48326, -689.785, 991.589
6.66971, -675.288, -760.401
5.59561, -449.558, -868.149
7.26866, -294.956, 171.978
3.23222, -14.3848, -280.548
5.38953, 40.9115, -460.204
7.26796, -392.156, 723.648
3.62331, 720.394, -977.269
7.25137, -489.439, 810.334
3.07874, 800.111, -518.474
2.58372, 29.5772, -262.936
3.90465, -349.853, -172.27
7.15042, 648.768, 167.579
3.04796, 746.129, 871.929
6.77266, 30.6625, 830.871
5.68532, -726.767, -732.512
5.63853, 408.669, -710.346
3.80589, 729.231, 742.187
5.13936, -951.025, 220.421
7.16608, -267.708, 914.421
3.98055, 923.677, 101.008
4.78006, 155.684, 457.167
6.35659, -656.7, -622.426
4.17193, 98.9673, 115.669
6.31775, -39.5263, -945.146
6.65892, -30.0428, 943.398
2.64618, -725.22, 568.441
4.31315, 715.608, -267.741
4.16221, 284.372, 461.087
3.17675, -519.487, -305.473
3.00839, -306.835, 623.763
5.11327, -610.17, 815.738
3.52046, 30.6574, -534.757
5.00728, -871.058, -630.714
5.1371, 3.3996, 961.893
4.13422, -269.506, -293.015
4.75888, 226.083, -445.571
6.85263, -7.46131, 986.646
4.72884, 646.083, 865.416
6.03726, -459.011, -920.4
6.83171, 915.793, -699.331
6.5822, 871.173, 221.654
2.67504, 896.43, 837.569
3.8644, -654.462, -236.276
5.21858, -422.914, -430.893
3.19942, -992.998, -547.391
5.57408, -779.889, -936.158
3.29182, -694.139, -605.735
4.41129, 98.9271, 221.235
5.94997, -94.3152, 189.588
3.21128, -388.873, 460.578
5.65284, -785.144, 794.93
3.15973, 199.778, 936.467
7.13583, -739.288, 250.317
5.53465, -939.617, 784.98
5.50388, -922.134, 370.316
3.33635, 603.848, -528.33
3.301, -863.475, -401.447
5.91628, 624.447, -30.0028
5.1456, -715.491, -14.0755
3.65264, -131.663, 812.266
6.55373, -502.36, -58.3327
5.76477, -420.594, -561.051
4.08597, -551.196, -583.792
2.53953, -262.735, -816.322
3.49176, 727.029, 744.692
3.78831, -8.76213, 382.155
3.03825, 892.175, 38.7281
3.49545, 132.801, -435.833
6.75079, 803.754, -772.163
6.63912, -985.356, 215.47
6.76813, -960.42, -551.81
5.71027, 285.449, 779.958
3.6787, 729.209, -989.673
6.80638, -502.634, -810.335
5.4745, 36.9581, -102.162
2.52745, 507.492, -29.627
6.84925, -663.855, -469.984
7.37729, 650.454, 106.699
5.59653, 379.534, 13.4342
3.85574, -944.27, 379.813
7.46973, -158.945, -635.313
4.60751, -723.725, -530.38
4.20537, -795.015, -615.576
4.80717, 362.488, -137.924
4.44822, 264.583, -379.083
4.613, -50.5713, 515.514
2.84879, 132.03, 287.219
5.5153, -58.8277, -127.361
7.36114, -49.7049, 231.153
5.07406, -696.784, -536.154
7.45461, 956.185, -137.733
5.84906, 624.8, -149.171
4.01716, -605.844, 70.7459
3.47371, 875.605, 565.912
4.0109, -709.629, -937.935
4.93946, -334.789, 461.454
4.72438, 530.434, 979.193
5.7844, 319.614, -942.162
3.74227, -779.462, -665.937
4.72007, 54.9529, 556.029
5.75894, -691.839, 54.2378
6.67472, -713.662, 188.593
6.03698, 201.212, 821.581
4.93928, -871.757, -602.121
6.72039, 399.975, -239.351
7.00296, -498.121, -183.205
6.33082, -650.822, -526.895
5.29453, 628.639, 848.439
2.70603, -23.185, 93.4987
5.46749, 564.431, 65.433
2.68674, -681.496, 828.485
4.53488, 22.656, 437.029
2.84243, -976.742, -882.27
7.38558, -778.472, -882.52
2.5956, -517.602, -233.338
6.60363, -160.877, -273.906
5.2195, -373.81, 878.77
5.72828, 792.239, -332.527
3.62934, -260.754, 57.9598
2.733, 828.061, -694.637
3.63154, 214.887, -556.164
4.58371, -633.571, 135.293
6.40126, 266.122, -632.144
3.72852, -922.456, 389.632
4.81411, 659.867, 87.2157
6.14756, 929.057, 291.367
5.35237, -330.387, 816.253
5.45997, 928.102, 926.142
4.98425, -944.462, 281.149
3.951, 495.183, 108.837
4.71107, -5.80362, -226.513
2.53669, 854.984, -395.893
7.41683, 498.119, -359.835
2.52822, -810.492, -145.069
4.8676, -97.6351, 735.954
5.86497, -310.279, -121.944
