6.27803, -736.697, -998.422
3.5948, 65.2163, -90.2385
5.89648, 358.302, -905.193
5.09708, -233.48, 870.725
2.76731, -931.335, 660.761
2.53849, 336.183, 54.3112
4.58743, -864.255, -232.912
7.15218, 178.083, 374.011
2.95982, 53.2408, 692.235
6.00595, -166.514, 310.224
3.81226, 525.21, 819.888
4.14117, 472.036, -904.167
7.45519, 512.055, 264.327
7.41275, -508.473, -273.535
5.75759, 506.063, 444.849
6.92354, 263.062, -853.664
6.33247, -126.131, -454.228
3.87453, -522.445, -45.7012
4.93259, -669.863, -290.467
2.80282, 818.998, 793.98
5.08146, 8.73587, 808.07
4.96988, 972.028, -362.182
7.23882, -817.59, -467.962
4.42071, -2.6455, -848.13
5.14874, 826.759, -446.511
2.75042, 881.006, -69.7002
6.63909, 540.527, 525.735
5.94228, -966.484, -748.495
6.18112, 259.041, 736.133
6.94286, 996.357, 450.642
4.25508, -386.051, -533.907
6.72991, 182.28, 26.4219
3.84659, 673.38, -168.787
4.83959, 74.5232, -171.568
3.2686, -644.341, -423.841
2.66527, 606.428, 142.994
7.2768, -3.77101, 69.8345
6.95369, 109.402, 495.924
3.29884, 682.941, 249.129
3.15214, 429.247, -574.016
2.515, -451.152, -817.538
6.0491, -952.407, -174.382
3.40448, -518.603, 874.379
5.76029, 773.563, -364.12
4.42907, 363.332, -699.076
3.23766, -1.4312, -225.437
5.45054, 688.969, 173.85
3.24076, 114.121, 910.385
3.2091, -182.215, 965.613
4.94257, -495.045, 129.192
3.13015, 918.535, -71.6508
5.64635, -360.701, -599.624
5.60817, 302.058, -745.607
4.88216, -503.208, 605.223
2.64188, -590.699, -225.812
3.21011, -145.367, 802.611
3.15594, -179.752, 893.817
3.31099, -816.633, 768.335
3.76529, -269.039, -856.575
4.77654, 567.977, -730.924
6.54472, -95.1472, -300.669
3.57624, 303.064, 862.113
3.75063, 817.58, 359.701
5.02978, -57.6627, 721.41
6.27922, 635.037, 197.596
5.66369, 902.845, -73.8904
5.9449, 646.708, -122.926
7.27207, 973.156, 405.506
5.18713, -421.79, 704.372
4.57014, -787.924, 36.1445
4.70019, 752.607, 153.957
6.07821, 737.928, 459.259
6.20858, 411.984, 600.526
5.12494, 771.69, -961.21
6.06711, -868.591, -73.5924
5.91025, 335.062, -21.9869
6.82941, 832.874, -600.373
3.19597, 87.205, 778.796
3.57766, 976.765, -99.7281
5.0733, -367.558, -108.842
4.83766, -120.227, 760.403
3.55759, -269.073, 612.872
5.65244, -692.207, 994.949
2.5044, -993.576, 228.414
4.09589, 454.169, 546.082
5.90281, 364.466, -162.36
6.0446, 672.249, -588.878
2.90869, -810.291, 656.742
3.56926, 260.176, 529.06
4.44412, -836.974, -572.473
4.44927, 896.388, 903.841
3.92018, 383.893, -461.414
4.6123, 566.942, 553.101
2.55658, -603.208, -439.241
3.72027, 960.26, -617.492
4.49072, -725.807, 640.964
6.64177, -646.608, 201.833
3.78584, 974.965, -685.165
3.59705, -798.478, -532.612
6.47385, 391.475, 269.245
5.8476, 505.03, 392.259
5.49108, -888.604, 273.138
5.99917, -362.744, -545.073
5.13062, 525.559, -764.134
4.14833, 178.357, 105.909
3.30844, -714.118, 405.143
6.56633, 719.835, -29.0561
4.08004, 477.975, 114.233
4.05369, 56.4209, -729.912
4.65424, 35.9552, 174.516
4.46509, -251.466, -478.487
4.43916, -48.5179, -108.381
4.34871, -841.995, -441.894
5.88118, 343.425, -492.494
6.10384, 456.065, 27.9457
7.20082, -75.6435, 890.933
5.08573, -79.2271, -357.085
5.5282, -195.697, 322.79
5.85049, -697.813, 974.265
5.11404, 82.7407, -311.353
3.87105, -967.068, 655.894
7.08924, 92.9033, 285.72
3.73367, 938.678, -465.734
4.77876, 387.11, 686.77
3.30374, -954.983, 640.524
4.68319, 414.991, 412.653
7.45767, 501.97, 165.888
6.26931, -440.469, 391.235
4.97846, -989.911, -657.046
7.01651, -669.369, -839.712
4.68213, 493.119, 564.831
5.09239, 169.234, -985.953
4.44866, 88.0934, -864.968
5.63431, -227.128, -568.25
5.19331, 417.658, 318.108
4.35955, 632.005, -439.125
2.54674, -371.821, 366.681
6.3794, 41.6743, -791.329
2.85317, -888.772, -559.256
3.98511, 446.84, -679.499
4.78581, -38.0394, -901.829
3.25156, -101.403, 39.832
5.97819, 667.616, -428.887
4.15587, 370.838, 160.573
5.21197, 972.871, -883.901
2.64678, 714.027, -993.945
5.38086, -20.8484, -242.681
5.18133, 360.695, 476.882
7.36678, -755.689, -927.654
5.57063, -297.498, -622.34
5.26431, -747.357, 214.436
6.69051, -283.101, 907.278
3.75764, -483.249, 945.356
6.98957, 632.625, -147.298
5.97428, 519.07, -508.849
5.82752, -472.851, -96.0593
3.06838, -580.545, -767.7
3.37987, -986.016, 94.2077
2.91253, -136.171, 197.704
6.68103, -248.671, 373.879
2.64818, 944.14, -756.015
6.34719, -7.96034, -843.47
4.29829, -500.585, 867.372
6.24626, 0.754209, 537.222
6.28385, 363.068, 343.102
3.60834, -538.535, -926.008
5.58305, 305.189, 125.875
3.66846, -550.138, -255.856
6.22052, -668.503, 305.311
5.80997, -906.175, -681.643
4.9209, 900.081, -748.969
2.58972, 828.05, 241.082
4.98291, 444.475, 189.889
5.09587, -115.143, -890.934
4.71395, -873.408, 536.191
4.14528, -63.6652, 952.764
3.52671, 486.073, -107.865
7.19863, -253.693, -655.777
2.85168, -499.269, 927.74
3.30042, 52.3738, -750.788
6.70788, -791.139, 30.1202
4.13614, -154.63, -265.858
6.85942, 154.92, 427.184
5.99896, 672.635, 516.321
5.52801, 870.053, -221.406
4.77536, 79.1526, -273.49
2.91543, -520.357, -187.768
3.94883, -55.1537, -154.528
6.51009, -568.295, -789.072
6.81821, 338.775, 57.2027
3.81831, 422.584, -512.053
4.79881, -837.356, -234.832
4.95672, 595.625, -530.492
5.82344, -467.611, -992.207
7.31738, -626.488, -150.856
7.23022, 589.204, -732.717
2.81902, 222.537, -656.731
5.04829, -407.843, -309.395
6.13222, 668.556, 653.311
5.65882, 603.093, -340.506
3.26658, -916.563, -909.093
5.09652, -870.864, 539.57
3.52281, -558.211, 857.222
6.03231, 399.577, -821.63
6.05786, -475.84, -12.0983
3.66304, -591.988, -240.524
6.80594, -66.1244, -133.237
2.67122, -110.479, 953.169
6.26587, -936.293, 48.8354
4.14789, 644.677, 180.477
4.65309, 72.506, -535.147
7.33455, 972.619, -193.104
4.05803, 734.406, 699.318
5.69762, 992.897, -702.497
5.95386, 864.942, -63.1942
5.36403, 81.9365, 630.143
6.60667, 890.89, -682.229
4.21807, -912.877, -686.417
5.09387, -807.752, -778.507
6.78438, 122.805, -953.893
6.18587, 348.135, 35.7446
3.45992, -951.321, 394.332
2.83145, -308.215, 341.492
3.60828, 849.321, -722.809
3.33656, 171.508, -238.245
6.31172, 382.136, -943.626
5.44905, -844.723, 426.394
4.65223, 859.422, 851.531
7.09618, 661.852, 12.0103
5.09668, 446.846, 199.65
7.38058, -677.665, -19.3101
5.15714, -453.334, 148.177
2.98716, 334.124, 395.736
5.83983, 220.465, 97.8551
5.44444, 142.159, -14.4786
5.01137, -702.963, -110.466
2.75808, -935.313, 461.768
2.6753, -352.374, 34.7849
4.41484, -785.597, -510.775
5.55555, 193.022, 103.614
5.06574, 539.802, 876.872
5.98498, 300.979, -26.5608
4.89891, -25.9442, -185.106
3.88323, 68.3825, 421.191
6.01685, -439.594, 210.52
3.67701, 875.974, 60.063
6.41501, 192.71, -173.922
6.60589, 362.241, 839.337
3.21842, -538.225, 54.3595
5.75757, -495.031, 801.489
3.87677, 871.18, -989.025
7.26215, -439.079, 717.078
4.58238, -753.333, 13.7685
3.03869, -126.903, 404.41
4.70633, -799.644, 532.095
6.28811, -414.143, -305.396
2.77803, -338.523, -322.024
3.51241, -28.9593, 145.855
6.82305, 946.659, -780.517
6.52456, -265.295, -14.9108
2.78861, -680.352, -674.768
4.40304, -63.9435, -701.444
4.56124, -150.015, 766.684
2.80071, -382.763, 302.559
7.09746, 797.094, 633.926
3.35398, 539.439, 802.928
6.51634, -935.136, 148.543
3.88599, 723.343, 44.8949
4.44586, 173.412, 738.749
7.19936, 51.8618, 623.724
6.24573, 160.079, -161.246
3.44774, -324.222, 761.006
6.89581, 437.277, 485.878
6.8953, 419.445, -853.059
3.30515, -816.166, -273.234
5.87346, -806.249, -166.378
6.89096, 626.606, 125.658
6.98262, 267.312, 535.279
3.06535, -26.4664, 756.117
5.93789, -234.067, -246.775
3.21651, -844.368, -758.287
3.6901, 416.271, -44.6818
5.64383, 950.299, -218.027
4.312, 817.129, 362.835
4.64437, 588.537, 718.156
4.91936, -5.236, -848.678
6.20379, -1.16887, -100.793
3.23098, -397.419, 866.174
7.36238, -837.259, -777.79
7.3158, -520.257, -187.924
3.14741, -603.032, 666.327
5.3784, -320.997, -607.192
4.66439, 171.059, -120.52
5.50066, -238.268, -261.678
5.85098, -701.263, -138.583
4.5137, 396.255, 989.845
6.46691, 639.377, 697.385
4.89889, -979.41, -251.244
5.72449, 294.198, 277.637
4.28836, -245.587, 598.442
5.96794, -331.086, -220.913
5.83428, -416.963, -708.575
3.22071, -372.788, 709.429
7.10415, -985.911, 209.463
4.22228, 32.7258, -235.972
6.66824, -417.204, -471.18
2.74349, 269.681, -750.061
3.27936, -246.583, -78.9431
2.55765, 331.736, 510.836
3.94327, 121.554, 589.449
5.07295, -355.127, -169.937
3.65948, 683.636, 438.111
2.75022, -243.224, -67.0628
5.33091, -595.286, -850.45
6.69774, -154.39, 666.53
4.28763, -639.636, -418.969
4.3452, 172.812, 869.588
7.22226, 255.845, -73.7175
4.72425, -902.562, -186.116
6.82086, 495.859, 190.305
5.82654, -790.244, -737.39
5.79297, 163.214, 666.31
7.10736, -961.471, 963.363
5.11536, 937.828, -612.962
5.45229, 439.448, -442.292
5.79944, 668.965, 672.062
4.24765, 292.96, 460.412
4.11714, 331.878, 65.0203
7.08984, -113.486, 738.637
3.08619, 903.555, -446.457
7.31268, 675.414, -170.373
5.17978, 46.6772, -333.139
5.81447, 858.029, 635.651
5.48362, 885.502, -510.403
6.93363, -506.104, -747.182
6.67999, -672.321, -607.602
6.69339, 246.574, 204.342
6.85642, -215.925, 342.281
2.5002, -769.148, 337.083
4.77274, 257.889, 351.576
4.25696, -935.166, 148.36
5.80713, -258.18, 709.699
6.22234, -873.246, 152.843
3.3821, -116.773, -443.656
7.4621, 794.49, -815.208
5.95466, -933.5, 178.098
6.97862, 139.95, -21.8467
3.51579, 375.835, -131.275
7.2356, -455.82, -36.5098
4.88476, 901.403, -508.45
6.78578, 922.323, -746.214
6.41237, -983.742, -562.676
5.70687, 917.173, -901.518
3.14521, -725.246, 147.312
5.77944, 3.90841, 649.491
3.09199, 53.0011, 9.8264
3.88793, 336.939, 805.339
6.65548, -218.656, -226.844
6.14153, -752.68, -513.769
6.74348, -597.706, 296.023
3.43989, -786.702, -951.021
6.09602, 558.86, -278.469
4.25586, 161.206, 332.647
3.34555, -415.85, -686.593
4.52383, 340.919, -551.042
4.20924, 158.891, 772.182
6.67141, 396.786, -125.532
3.9111, 698.07, 584.036
5.16766, -672.908, -477.163
6.25085, 995.981, -853.25
4.62554, -679.682, -762.153
4.66964, -571.518, 546.771
3.03022, 858.284, -933.217
6.4639, -36.9501, -466.917
3.91232, -572.679, -484.345
7.14264, -581.833, -237.603
5.37926, 236.811, 524.057
3.4895, 816.43, -288.129
5.99081, 577.166, -762.05
3.07265, 495.686, -961.889
4.22945, 308.121, 788.94
4.15646, -576.663, -236.999
6.42735, 828.584, -963.434
6.65775, 459.795, -212.97
4.21712, -740.39, 755.343
4.2603, -275.078, 885.701
6.38197, 145.091, -835.719
6.58658, -13.1003, 688.24
4.26157, -129.754, 285.162
7.09559, -434.541, -301.411
3.2877, 490.022, 252.825
5.56029, -491.447, 561.477
5.54222, -372.938, 709.832
3.16647, -252.361, -747.158
3.51409, -747.014, -476.885
4.79457, -857.578, 501.098
3.48759, -529.165, 926.905
6.77118, -838.77, 370.78
6.54562, -759.628, -693.997
2.80131, -908.045, 887.426
6.50584, -717.888, 657.628
5.49597, -193.832, -544.24
7.43182, -891.856, 309.202
2.65919, -165.413, 635.386
6.8356, 945.716, -779.289
3.69109, 668.842, 345.278
3.6127, 177.936, 432.875
4.73907, -993.202, -540.385
2.61231, 861.493, -172.541
6.79755, -250.287, 24.3961
4.15902, 214.794, 590.396
5.72195, 307.111, 249.031
7.43521, -946.895, -482.225
5.30162, 284.62, -584.178
4.74553, -758.37, -246.182
5.213, 172.123, -716.248
2.90797, 773.138, -32.8035
3.99606, -801.668, -273.368
6.63964, 824.589, 681.494
6.48936, 626.123, 939.151
5.71048, -102.821, 679.67
4.84105, 631.166, 387.234
7.15326, -197.422, -611.623
5.08798, -248.338, -69.3427
7.42924, 798.292, -542.691
5.94567, -82.1437, -724.828
6.19966, -181.202, -443.982
3.46323, -392.307, -936.257
6.08881, -450.882, 625.661
6.11146, 570.08, -182.029
6.49298, 266.137, 153.982
4.23216, 255.47, -998.257
5.1481, -15.6877, -57.7057
3.19001, 715.871, -362.071
6.73218, -225.712, -203.885
6.32766, -85.4086, -886.497
7.5, 923.61, -416.204
4.24891, 483.149, 996.098
5.50367, -601.514, 592.231
3.50808, -496.411, 85.0662
6.2385, 27.9702, 151.809
6.49225, 977.919, 216.135
3.03505, -706.362, 109.43
5.35813, -507.291, 47.4472
2.84683, 358.062, -332.515
4.16036, 750.633, 689.329
5.80945, 487.552, -708.707
5.27726, 174.949, -197.598
7.12415, 228.972, -11.7438
2.69832, -486.598, 227.28
2.62083, -312.374, 240.843
4.61923, 215.232, -657.13
4.36987, 460.774, 136.486
2.93303, -240.687, -264.247
3.05403, -160.716, 169.075
5.31992, 369.468, -348.9
7.37269, 62.6866, 743.066
3.05066, -48.4681, -880.925
5.99352, 99.0382, 982.953
2.79674, -50.1744, -744.28
4.69755, 835.72, -109.098
5.24651, 993.365, 716.584
3.45129, 692.08, -750.895
7.36597, 313.205, 328.036
3.19593, -677.881, -77.351
5.48978, 943.636, -433.036
7.12812, -873.636, 704.285
3.91116, -71.5786, 894.188
6.8307, -139.356, -80.5743
6.29598, -229.299, -601.813
6.10793, 349.862, 625.559
3.34241, -376.741, 370.173
3.32882, 839.64, 375.235
3.39076, -647.388, -991.169
5.87226, 336.062, -603.123
4.83484, -355.182, 39.416
6.85219, -811.936, -358.258
5.76023, -697.502, -116.614
5.80464, 763.705, 882.624
2.58037, -660.333, -594.68
4.30596, -780.805, -669.195
3.72747, 926.395, 120.938
6.93086, -938.769, -951.273
5.23701, 825.674, 773.193
6.57209, -26.1456, -653.165
5.24453, 170.847, 870.53
4.16156, 506.502, -56.1431
4.40213, 25.2033, -654.917
2.52389, 933.022, 655.577
6.95226, -90.7155, -397.275
6.16955, -498.424, 686.536
6.04239, -153.711, 673.432
5.1278, 53.706, -187.733
6.41065, -192.02, -816.043
3.42484, -384.974, -470.444
5.72673, 244.259, 510.881
3.42178, -690.517, -344.242
3.31214, 64.4995, -83.5053
2.65594, -181.91, 851.004
7.42716, 130.25, -665.539
4.04559, -332.355, -718.432
4.11075, -668.306, -298.56
5.51155, 287.941, -233.47
2.89107, -329.65, -923.731
3.93936, -18.2989, 88.329
5.79307, -123.009, -493.279
7.36348, -994.987, -348.957
7.27758, -363.209, -797.291
7.42745, -671.651, -292.399
7.30478, -915.064, -765.411
3.0073, -558.934, 569.45
3.71505, -124.575, -491.721
6.91151, 98.7415, -434.111
5.28805, 340.75, 702.094
6.7669, 803.443, 515.83
7.49145, -533.691, 521.46
3.99751, -256.931, -481.257
6.33157, 981.28, 489.539
4.81901, 283.836, -143.172
6.8168, -636.246, -794.099
6.99018, 861.281, 5.82888
7.377, 258.1, -417.136
2.77405, 661.519, 79.6099
6.32605, 949.371, -619.172
5.09219, -934.485, 739.558
3.46574, 934.935, -245.281
6.98252, 194.804, -543.049
6.38492, -831.141, 98.5331
2.75968, 416.356, 541.735
7.47331, -855.466, 766.31
5.93659, -1.67093, -459.661
5.94854, 888.701, 496.818
6.57666, -657.395, 821.804
7.05426, -36.463, -435.461
3.34218, -201.384, 405.297
5.24183, -580.031, 804.521
6.53351, -478.28, -253.118
4.17803, 319.375, -530.369
5.53435, -98.3025, 41.8298
6.59602, -954.541, 334.133
7.3485, 87.7434, -248.217
6.29349, 585.651, 492.81
3.72113, -184.642, -93.2166
5.80589, -572.273, 404.032
4.21574, -447.697, -186.302
7.27146, 376.393, -396.679
2.60828, 804.108, 556.052
4.54979, -892.187, 947.604
2.55789, 590.869, -672.702
3.04964, 842.252, 202.126
5.28259, -851.757, 90.9232
4.45466, -33.7905, -234.438
7.20539, 118.051, -182.677
2.55572, 179.288, 396.782
6.22897, -224.256, -435.087
3.84293, 109.429, 129.698
4.27153, -682.328, -759.639
3.45835, -466.605, 616.874
5.14832, 296.059, -170.476
4.39478, -59.1842, -854.844
3.16407, -13.084, -802.562
4.26563, -124.437, -566.351
4.2497, 784.066, 986.618
7.41084, 611.649, -119.867
5.25961, 151.654, -390.8
4.99918, 13.3269, -713.858
3.58531, -834.716, 458.168
4.37311, -230.929, -652.75
6.78251, -662.305, -474.892
6.45578, 788.134, -509.911
3.9204, -491.822, 929.115
5.07645, 437.591, 100.2
6.79238, -294.898, -26.0018
7.07844, -949.956, -173.483
7.48941, 136.873, 917.716
6.53177, 170.873, -194.065
5.22718, -908.637, -183.984
7.3461, 149.617, -738.461
5.31931, -585.391, 362.651
4.03031, -415.122, 660.699
5.41853, 968.204, 954.474
2.91197, 54.5462, -332.996
5.47382, 357.594, 623.857
3.31968, -598.906, -591.686
6.46527, -610.082, -436.571
2.95373, 578.732, 742.097
6.3072, -505.658, -679.869
6.83996, -218.345, 33.2477
6.40105, 192.593, -334.52
6.61399, 908.648, 971.708
6.70974, 372.695, 553.665
4.48328, 534.067, 256.147
6.508, -160.709, 169.089
6.56811, 381.092, -44.2869
5.43493, -410.13, 101.516
4.64621, 796.623, -50.7417
2.5002, -69.7552, -479.648
5.31153, -815.802, 316.425
6.22632, 335.708, 356.554
3.89846, 964.44, 300.94
2.93406, -988.2, 565.289
3.5733, 853.497, -881.162
3.93296, -493.784, 555.264
4.86595, -407.469, 475.777
6.95893, 845.688, 819.912
5.91955, 506.438, -499.638
3.54376, -51.2977, -64.9351
6.67533, 794.868, 12.3753
7.09218, 943.124, 917.498
4.48244, -474.573, -701.876
6.37858, 541.6, 539.897
5.68161, -161.99, -90.7759
6.64746, 483.728, 292.966
3.40204, 559.427, -457.276
7.45927, 578.671, -764.282
6.70558, -150.581, -845.137
4.65177, 888.965, 266.535
4.38589, 596.91, 890.871
2.70802, 656.381, -506.046
6.80715, -809.473, -541.043
6.62116, 910.783, -909.534
6.25052, 19.4882, 735.379
3.55801, -165.143, 994.935
4.31029, -782.001, -192.404
4.43545, -591.719, -804.561
7.32918, 803.572, 642.625
6.5872, -168.163, 631.389
4.5755, -82.6201, 449.599
5.83759, 206.231, 184.578
2.52101, 477.71, 975.199
6.98048, -743.343, 256.679
3.68416, -343.405, 355.429
3.79415, 360.27, -96.4981
5.4939, 408.696, -710.252
6.89823, -848.443, 380.144
6.16299, -565.959, -592.976
6.0773, 914.854, 570.935
3.57724, -608.904, 481.013
6.30413, 678.485, -958.501
3.85351, -160.117, -561.462
2.75246, 669.285, 347.276
4.78866, 268.198, 245.651
2.58759, 449.709, -779.938
3.01129, 74.9851, -172.893
2.639, -129.131, 281.425
5.65921, -340.571, -515.391
6.34425, 82.9495, -245.584
2.74132, 525.532, -841.286
6.6924, -58.5785, -630.719
6.76899, -263.168, -321.622
6.57649, -443.994, 573.787
6.85188, 795.385, 406.103
5.27222, -634.887, -173.069
6.12646, -296.922, 60.5992
3.20424, -528.273, 940.41
6.6115, 601.955, -528.345
5.51185, 734.692, -197.636
4.93856, 509.546, -921.638
6.14942, -288.919, 954.992
4.05164, 757.664, -669.536
3.93925, -699.317, 354.546
5.45857, -954.293, 811.95
5.34055, 657.361, 887.32
5.41059, -929.101, -579.205
2.84132, -689.632, 283.236
4.34304, 152.96, -381.023
6.28475, -937.526, -576.78
6.35297, -446.76, -876.165
4.27217, -394.147, -252.027
5.98913, 243.704, 933.428
5.08005, -686.584, -304.87
5.94494, 392.033, 131.487
6.18066, -82.2221, 615.562
2.56231, -343.889, -675.695
7.16549, 603.974, -122.794
5.37826, 133.831, 126.69
3.05587, 458.251, 975.041
4.87388, -109.929, 23.7428
3.24247, 172.354, 92.6228
4.22594, 50.9517, 450.422
7.04476, -933.397, 182.51
4.54571, 15.6098, 515.897
5.96642, -677.722, -75.3306
3.35865, 384.019, -932.73
6.21715, 893.575, -502.236
4.16319, -423.303, 640.915
4.62157, 668.758, 311.328
2.79523, -137.21, -116.039
5.09005, 282.512, -240.111
5.94425, 475.041, -581.781
5.01149, -260.999, 23.9286
6.56617, -168.99, -751.914
3.07974, 81.4947, -940.482
5.24841, 265.698, 465.628
5.06046, 412.466, 21.4242
6.02649, 952.564, 441.752
5.65083, -236.434, 891.079
4.0207, -23.5339, -632.903
6.74719, 400.256, 372.707
3.39619, 601.78, -20.0286
2.61737, -531.218, -100.306
4.19467, 741.687, 54.6027
3.43818, 350.083, -83.9437
6.60467, -286.088, 191.47
6.72507, -895.903, -155.374
6.78031, 844.342, -719.327
7.37454, -955.013, 638.561
2.99587, 470.9, -448.592
2.56182, 564.423, 657.426
2.58614, 217.816, 587.819
2.64527, 252.854, 94.7899
4.1031, 150.213, -386.067
6.17815, 628.067, 302.881
3.14876, 368.573, 474.784
2.5161, -367.862, 507.85
6.91905, 138.976, -791.308
3.70482, 231.787, -575.39
4.38481, -821.947, 758.186
4.44879, 609.01, 186.654
2.81534, 595.801, 295.371
7.30792, 183.732, 959.942
3.75349, 727.118, -337.873
6.85376, -681.154, -56.8146
2.85991, -919.573, 428.29
2.70653, -626.284, 578.868
3.46378, 363.957, -523.929
3.86708, -310.829, 302.846
7.4007, -953.813, -365.774
3.60607, 324.746, -541.258
6.43119, -876.127, 857.041
4.42306, 301.71, -422.59
3.78593, 480.658, -637.331
3.91087, -949.356, 66.3409
7.33834, 868.998, -33.426
4.22841, 769.563, 173.238
3.45922, -985.423, 738.161
5.05037, -547.687, -382.355
5.21857, -558.536, 635.168
5.72333, -635.788, -615.885
3.89738, -10.1708, 787.659
3.41887, -296.525, -720.805
2.71579, -839.166, 381.691
3.98408, -504.833, -267.696
4.25548, -231.616, 141.031
7.09372, -421.321, 730.312
5.81225, 502.798, -361.768
5.08041, 867.291, 586.855
4.03763, 617.107, 589.072
3.0007, -353.523, 155.602
3.47502, 380.315, -881.256
4.11407, 31.604, -132.61
5.56182, 966.115, 86.5653
5.13511, 961.826, -985.124
3.45653, 256.01, 285.702
4.7178, -652.313, -429.182
4.48693, -710.658, 856.232
6.28051, -607.615, 744.847
6.6213, 737.213, 602.634
5.51573, 141.941, -344.1
3.04573, 610.738, -830.309
4.11797, 487.665, -165.443
5.03403, 8.00401, 319.02
4.76521, -648.298, 797.981
4.77315, -181.612, -462.372
4.91125, 917.835, 909.629
5.07896, 369.764, -651.436
4.50207, 195.684, 815.513
4.22945, 961.893, 485.501
6.64533, 927.229, -239.731
3.02204, -733.583, -799.684
6.40057, 587.384, 569.767
3.19919, -297.749, -239.609
2.62171, -803.259, -514.864
6.0664, 407.345, -756.498
7.15538, 156.877, -822.321
7.47667, 180.601, 174.987
3.86264, -881.743, 152.866
3.6923, -481.515, -252.022
3.87328, 964.402, 620.458
5.70836, -909.758, -731.366
5.17637, 310.975, 156.653
6.8967, 837.573, -297.375
6.75968, -660.415, -842.136
2.98004, 911.039, -34.5889
4.66818, -751.999, 197.583
3.17045, -206.052, -758.27
5.86802, -159.249, 319.117
5.34964, -53.334, -481.866
3.66474, -624.7, 562.227
5.50306, 266.933, -690.397
2.6551, -804.506, -28.4766
7.08512, 569.34, -312.771
3.82958, 864.831, -179.223
6.50016, -185.257, -509.321
5.46389, 170.138, -724.521
5.0822, 360.532, 615.885
5.2567, 318.852, 645.144
3.47225, 508.071, -233.361
5.36152, 120.604, -743.827
3.81992, 214.369, 403.092
4.41648, -765.228, 539.94
2.73626, -754.274, -897.596
4.22823, 587.646, -670.749
3.61594, 680.938, -438.08
3.81264, 16.7169, -738.467
3.05141, -430.475, -402.004
7.40088, -706.217, 20.664
5.93794, 802.895, 643.921
5.82158, -548.257, -376.845
5.99501, -602.189, -673.453
2.68746, -836.04, -777.338
3.6706, -628.785, -745.715
3.95397, 716.687, 694.141
3.50543, -40.7688, -260.955
2.7177, 377.256, 331.795
2.56571, -538.487, 524.416
6.07297, -528.092, 765.624
6.88348, -869.272, -631.653
5.35088, -889.14, 275.306
6.92743, 866.22, 872.061
5.20042, -356.375, -280.302
3.31357, 930.257, -648.166
3.30492, 969.374, 440.131
7.19182, 320.045, 287.678
3.45628, 554.737, -853.526
3.15761, -5.67335, -111.172
4.41122, -316.445, -4.96208
6.12674, 257.669, -266.129
2.50651, 541.651, 876.135
4.60222, 17.1469, 734.364
5.18984, 308.993, -213.992
4.86596, -238.948, 247.536
6.33003, 545.142, 869.342
2.9396, 555.062, -470.933
7.04284, 133.145, 324.118
3.20818, -878.451, -395.201
2.54782, 437.408, -52.1215
2.82267, 241.011, 516.708
4.96742, 381.995, 222.554
5.40914, 533.812, 988.163
4.03373, -949.452, 544.988
4.57091, 919.65, -68.001
4.33401, -574.18, -689.568
3.42687, 186.174, 669.449
2.76788, 637.401, 160.736
4.47222, 541.94, -65.5363
3.98388, -348.107, -131.938
5.05388, -396.425, 821.143
3.75392, -699.389, 230.51
5.01589, 966.134, 884.748
2.51168, -17.2246, 799.328
7.01807, 998.033, -448.338
2.79181, -905.9, -948.963
5.17506, -689.512, 804.78
3.95754, -385.679, 876.416
7.3023, -815.068, -270.165
4.73406, 319.481, -109.266
5.08479, 895.656, 167.577
5.93861, -256.243, 12.4195
2.72187, -160.659, 76.4232
7.2946, -798.56, 607.147
5.70852, 363.711, 155.946
2.80215, 631.09, -781.633
3.33964, 48.1558, 268.285
5.76491, 487.623, -250.074
6.19864, -769.368, 338.675
3.57011, 861.313, 199.998
4.31441, 157.671, -875.749
6.56981, -648.222, 935.322
5.32057, 807.833, -470.648
7.45886, -43.4698, -897.437
6.5669, -763.719, 398.068
3.49157, -994.732, -23.1163
2.50003, -163.127, -855.759
4.62608, 947.04, -774.538
4.07406, 833.376, 194.051
5.56218, 607.031, -934.385
3.83351, -202.043, -544.519
4.39881, -595.182, -60.9695
5.43397, 968.962, 293.923
5.95636, -141.602, -516.386
7.26736, -459.773, -572.194
4.89785, -292.816, -955.411
3.60319, 375.496, -731.433
5.33741, -725.359, -446.622
6.09873, 434.041, 364.515
4.4953, -485.194, 566.069
3.48326, -690.462, 992.971
6.66971, -676.693, -761.273
5.59561, -449.575, -868.223
7.26866, -295.179, 171.736
3.23222, -14.3938, -280.916
5.38953, 41.0554, -460.315
7.26796, -392.065, 724.045
3.62331, 720.341, -977.022
7.25137, -489.047, 811.138
3.07874, 800.738, -518.591
2.58372, 29.5371, -263.264
3.90465, -348.731, -172.803
7.15042, 649.437, 167.297
3.04796, 745.89, 871.905
6.77266, 30.8157, 831.224
5.68532, -726.895, -732.625
5.63853, 408.225, -709.513
3.80589, 730.12, 741.648
5.13936, -951.055, 220.664
7.16608, -267.332, 914.99
3.98055, 923.828, 100.814
4.78006, 155.596, 457.535
6.35659, -656.76, -622.992
4.17193, 98.6203, 115.401
6.31775, -39.5174, -945.651
6.65892, -30.0273, 943.518
2.64618, -725.241, 568.495
4.31315, 715.712, -267.794
4.16221, 284.9, 461.027
3.17675, -519.643, -305.873
3.00839, -306.913, 623.804
5.11327, -610.258, 815.968
3.52046, 30.6586, -534.918
5.00728, -872.489, -630.54
5.1371, 3.64942, 961.961
4.13422, -269.709, -293.046
4.75888, 226.044, -445.76
6.85263, -7.48068, 987.14
4.72884, 646.273, 865.47
6.03726, -459.06, -920.73
6.83171, 916.063, -699.367
6.5822, 871.482, 221.872
2.67504, 896.756, 837.507
3.8644, -654.649, -236.195
5.21858, -422.973, -430.917
3.19942, -993.733, -547.392
5.57408, -780.223, -936.232
3.29182, -694.767, -605.813
4.41129, 98.8785, 221.272
5.94997, -94.2998, 189.623
3.21128, -388.759, 460.463
5.65284, -785.182, 795.155
3.15973, 199.956, 936.533
7.13583, -739.18, 250.169
5.53465, -939.731, 785.036
5.50388, -922.162, 370.133
3.33635, 606.419, -529.502
3.301, -863.442, -401.511
5.91628, 624.661, -30.0746
5.1456, -715.795, -14.1568
3.65264, -131.471, 812.693
6.55373, -502.378, -58.3768
5.76477, -420.661, -561.158
4.08597, -550.739, -583.588
2.53953, -262.806, -816.484
3.49176, 726.192, 745.904
3.78831, -8.85328, 382.205
3.03825, 892.536, 38.7463
3.49545, 132.956, -436.097
6.75079, 803.754, -772.236
6.63912, -985.477, 216.781
6.76813, -960.461, -551.598
5.71027, 285.333, 780.07
3.6787, 729.672, -990.121
6.80638, -502.629, -810.545
5.4745, 37.0079, -102.031
2.52745, 507.606, -29.4417
6.84925, -664.52, -469.33
7.37729, 650.638, 106.775
5.59653, 379.665, 13.3608
3.85574, -944.789, 379.693
7.46973, -158.822, -635.575
4.60751, -723.89, -530.543
4.20537, -795.099, -615.643
4.80717, 362.147, -138.025
4.44822, 264.671, -378.987
4.613, -50.712, 515.551
2.84879, 132.09, 287.107
5.5153, -59.4722, -127.699
7.36114, -49.7015, 231.261
5.07406, -696.773, -536.328
7.45461, 956.426, -137.754
5.84906, 624.727, -149.638
4.01716, -605.883, 70.8088
3.47371, 875.797, 565.684
4.0109, -709.526, -938.18
4.93946, -334.742, 461.513
4.72438, 530.232, 978.571
5.7844, 319.539, -942.426
3.74227, -779.542, -665.597
4.72007, 54.976, 556.097
5.75894, -691.818, 54.4741
6.67472, -713.589, 188.487
6.03698, 201.863, 822.297
4.93928, -871.939, -601.904
6.72039, 400.038, -239.478
7.00296, -497.728, -182.973
6.33082, -650.734, -527.065
5.29453, 628.562, 848.325
2.70603, -24.0086, 94.3271
5.46749, 564.508, 65.3819
2.68674, -681.828, 828.919
4.53488, 22.4469, 437.037
2.84243, -976.947, -882.376
7.38558, -778.723, -882.538
2.5956, -517.737, -233.224
6.60363, -161.23, -274.465
5.2195, -373.251, 879.147
5.72828, 792.389, -332.51
3.62934, -260.755, 58.4568
2.733, 827.878, -694.458
3.63154, 215.03, -556.271
4.58371, -633.569, 135.328
6.40126, 266.18, -632.255
3.72852, -922.473, 390.133
4.81411, 660.276, 86.4686
6.14756, 929.131, 291.426
5.35237, -330.357, 816.38
5.45997, 927.975, 926.841
4.98425, -944.784, 281.206
3.951, 495.682, 108.626
4.71107, -5.54209, -226.303
2.53669, 855.115, -395.848
7.41683, 499.329, -360.361
2.52822, -810.722, -144.67
4.8676, -97.0616, 735.985
5.86497, -310.226, -121.912
