6.27803, -736.714, -998.545
3.5948, 65.3113, -90.2125
5.89648, 358.257, -905.249
5.09708, -233.44, 870.614
2.76731, -931.294, 660.855
2.53849, 335.805, 53.8484
4.58743, -864.418, -232.931
7.15218, 178.072, 373.973
2.95982, 53.2895, 692.243
6.00595, -166.656, 310.007
3.81226, 525.145, 819.948
4.14117, 472.046, -904.237
7.45519, 512.114, 264.403
7.41275, -508.374, -273.373
5.75759, 506.114, 444.886
6.92354, 263.078, -853.74
6.33247, -126.22, -454.264
3.87453, -522.606, -45.608
4.93259, -669.568, -289.474
2.80282, 818.952, 794.087
5.08146, 8.76127, 808.168
4.96988, 972.127, -362.163
7.23882, -817.664, -467.942
4.42071, -2.6936, -848.596
5.14874, 826.828, -446.457
2.75042, 881.089, -69.8154
6.63909, 540.514, 525.498
5.94228, -966.624, -748.556
6.18112, 259.045, 736.161
6.94286, 996.559, 450.656
4.25508, -386.155, -533.883
6.72991, 182.276, 26.4317
3.84659, 674.249, -169.421
4.83959, 74.7219, -171.944
3.2686, -644.294, -424.007
2.66527, 606.299, 143.02
7.2768, -3.71222, 69.7594
6.95369, 109.383, 495.975
3.29884, 683.03, 249.174
3.15214, 429.26, -574.053
2.515, -451.126, -817.575
6.0491, -951.852, -174.138
3.40448, -518.731, 874.492
5.76029, 773.596, -364.183
4.42907, 363.281, -699.095
3.23766, -1.65337, -225.434
5.45054, 689.141, 173.891
3.24076, 113.974, 910.417
3.2091, -182.235, 965.691
4.94257, -495.1, 129.24
3.13015, 919.004, -71.1923
5.64635, -360.764, -599.691
5.60817, 302.093, -745.682
4.88216, -503.295, 605.297
2.64188, -590.945, -225.422
3.21011, -145.5, 802.666
3.15594, -179.722, 893.907
3.31099, -816.54, 768.592
3.76529, -269.061, -856.677
4.77654, 567.837, -730.832
6.54472, -95.1668, -300.691
3.57624, 303.081, 862.21
3.75063, 817.592, 359.723
5.02978, -57.6482, 721.434
6.27922, 635.044, 197.852
5.66369, 902.82, -74.0211
5.9449, 646.924, -122.798
7.27207, 973.245, 405.419
5.18713, -421.752, 704.217
4.57014, -787.936, 36.3152
4.70019, 752.647, 153.915
6.07821, 737.975, 459.278
6.20858, 412.069, 600.597
5.12494, 771.72, -961.257
6.06711, -868.671, -73.5738
5.91025, 335.086, -21.9967
6.82941, 832.904, -600.414
3.19597, 87.2595, 778.893
3.57766, 976.919, -99.6946
5.0733, -367.635, -108.771
4.83766, -120.256, 760.612
3.55759, -269.122, 612.905
5.65244, -691.964, 994.863
2.5044, -994, 228.785
4.09589, 454.209, 546.131
5.90281, 364.506, -162.536
6.0446, 672.296, -588.924
2.90869, -810.339, 656.795
3.56926, 260.046, 528.938
4.44412, -837.045, -572.506
4.44927, 896.283, 903.875
3.92018, 383.928, -461.426
4.6123, 567.004, 553.152
2.55658, -603.064, -439.29
3.72027, 960.8, -617.399
4.49072, -725.912, 640.836
6.64177, -646.579, 201.848
3.78584, 975.035, -685.114
3.59705, -798.323, -532.614
6.47385, 391.517, 269.26
5.8476, 505.096, 392.277
5.49108, -888.426, 272.422
5.99917, -362.719, -545.146
5.13062, 525.526, -764.212
4.14833, 178.158, 106.07
3.30844, -714.101, 405.209
6.56633, 719.883, -29.0791
4.08004, 477.973, 114.19
4.05369, 56.475, -729.865
4.65424, 35.9731, 174.654
4.46509, -251.895, -478.683
4.43916, -48.4912, -108.212
4.34871, -842.111, -441.855
5.88118, 343.436, -492.467
6.10384, 456.155, 27.94
7.20082, -75.9647, 890.75
5.08573, -79.2197, -357.069
5.5282, -195.748, 322.783
5.85049, -697.926, 974.155
5.11404, 82.7942, -311.432
3.87105, -967.315, 656.107
7.08924, 92.8537, 285.739
3.73367, 938.795, -465.817
4.77876, 387.184, 686.863
3.30374, -954.984, 641.157
4.68319, 415.043, 412.751
7.45767, 502.085, 165.803
6.26931, -440.509, 391.245
4.97846, -990.035, -657.093
7.01651, -669.792, -839.729
4.68213, 493.138, 564.922
5.09239, 169.261, -986.06
4.44866, 88.0896, -865.072
5.63431, -227.233, -568.257
5.19331, 417.735, 318.107
4.35955, 631.993, -439.148
2.54674, -372.173, 366.922
6.3794, 41.6936, -791.414
2.85317, -888.824, -559.207
3.98511, 446.894, -679.495
4.78581, -37.8547, -902.121
3.25156, -102.064, 39.7166
5.97819, 667.589, -428.822
4.15587, 370.685, 160.519
5.21197, 972.941, -883.992
2.64678, 713.888, -994.169
5.38086, -20.8291, -242.864
5.18133, 360.493, 476.975
7.36678, -755.631, -927.745
5.57063, -297.486, -622.427
5.26431, -747.417, 214.505
6.69051, -283.355, 907.335
3.75764, -483.143, 945.608
6.98957, 632.684, -147.444
5.97428, 519.254, -509.014
5.82752, -472.844, -96.0783
3.06838, -580.572, -767.63
3.37987, -986.159, 94.1874
2.91253, -136.172, 197.784
6.68103, -248.727, 373.954
2.64818, 944.339, -755.754
6.34719, -8.35504, -842.991
4.29829, -500.511, 867.425
6.24626, 0.686959, 537.303
6.28385, 363.086, 343.159
3.60834, -538.56, -926.106
5.58305, 305.193, 125.821
3.66846, -550.157, -255.95
6.22052, -668.474, 305.367
5.80997, -906.013, -681.517
4.9209, 899.936, -749.057
2.58972, 828.05, 241.162
4.98291, 444.406, 189.624
5.09587, -115.269, -891.066
4.71395, -873.088, 536.805
4.14528, -63.7328, 952.889
3.52671, 486.11, -107.886
7.19863, -253.796, -655.893
2.85168, -499.076, 927.821
3.30042, 52.3973, -750.909
6.70788, -791.291, 30.0306
4.13614, -154.409, -265.584
6.85942, 154.811, 427.176
5.99896, 672.679, 516.334
5.52801, 870.087, -221.443
4.77536, 79.1405, -273.68
2.91543, -520.181, -188.765
3.94883, -55.1588, -154.718
6.51009, -568.209, -789.151
6.81821, 339.03, 57.3107
3.81831, 422.626, -512.088
4.79881, -837.404, -234.795
4.95672, 595.083, -530.841
5.82344, -467.623, -992.312
7.31738, -626.476, -150.756
7.23022, 589.406, -732.651
2.81902, 222.205, -656.784
5.04829, -408.088, -309.28
6.13222, 668.565, 653.173
5.65882, 603.177, -340.555
3.26658, -916.609, -909.11
5.09652, -871.307, 539.134
3.52281, -558.271, 857.306
6.03231, 399.561, -821.66
6.05786, -475.888, -11.9901
3.66304, -592.587, -240.768
6.80594, -66.064, -133.08
2.67122, -110.517, 953.271
6.26587, -936.325, 48.7316
4.14789, 644.758, 180.714
4.65309, 72.5493, -535.202
7.33455, 972.779, -193.083
4.05803, 734.456, 699.457
5.69762, 993.079, -702.555
5.95386, 864.851, -63.2462
5.36403, 82.027, 630.196
6.60667, 890.859, -682.177
4.21807, -913.332, -686.681
5.09387, -807.684, -778.622
6.78438, 122.818, -953.994
6.18587, 348.211, 35.588
3.45992, -951.569, 394.543
2.83145, -308.219, 341.531
3.60828, 849.539, -723.018
3.33656, 171.549, -238.365
6.31172, 382.141, -943.94
5.44905, -844.772, 426.472
4.65223, 859.417, 851.485
7.09618, 661.904, 12.0049
5.09668, 446.922, 199.979
7.38058, -677.625, -19.2367
5.15714, -453.347, 148.22
2.98716, 334.121, 395.845
5.83983, 220.545, 97.8252
5.44444, 142.27, -14.0027
5.01137, -702.878, -110.665
2.75808, -935.42, 461.844
2.6753, -352.759, 35.3179
4.41484, -785.595, -510.69
5.55555, 193.14, 103.618
5.06574, 539.654, 876.888
5.98498, 300.922, -26.567
4.89891, -25.9727, -185.091
3.88323, 68.3841, 421.168
6.01685, -439.61, 210.564
3.67701, 876.016, 60.1356
6.41501, 192.89, -173.848
6.60589, 362.3, 839.429
3.21842, -538.323, 54.3962
5.75757, -495.225, 801.254
3.87677, 871.234, -989.131
7.26215, -439.331, 717.113
4.58238, -753.393, 13.7583
3.03869, -126.912, 404.452
4.70633, -799.693, 532.115
6.28811, -413.746, -305.644
2.77803, -338.52, -322.099
3.51241, -28.9962, 145.895
6.82305, 946.804, -779.752
6.52456, -265.287, -15.0221
2.78861, -680.391, -674.833
4.40304, -63.9313, -701.447
4.56124, -150.151, 766.741
2.80071, -382.809, 302.561
7.09746, 796.888, 633.437
3.35398, 539.492, 802.887
6.51634, -935.117, 148.652
3.88599, 723.332, 44.8569
4.44586, 173.437, 738.767
7.19936, 51.8198, 623.729
6.24573, 160.05, -161.139
3.44774, -324.191, 761.05
6.89581, 437.321, 485.907
6.8953, 419.506, -853.154
3.30515, -816.6, -274.152
5.87346, -806.319, -166.382
6.89096, 626.565, 125.624
6.98262, 267.588, 535.577
3.06535, -26.5131, 756.173
5.93789, -234.109, -246.621
3.21651, -844.53, -758.137
3.6901, 416.342, -44.6845
5.64383, 950.415, -218.028
4.312, 817.155, 362.745
4.64437, 588.539, 718.177
4.91936, -4.55932, -849.099
6.20379, -1.12218, -100.596
3.23098, -397.612, 866.131
7.36238, -837.154, -777.869
7.3158, -520.528, -187.471
3.14741, -603.095, 666.376
5.3784, -321.058, -607.206
4.66439, 171.082, -120.436
5.50066, -237.937, -261.744
5.85098, -701.354, -138.783
4.5137, 396.245, 989.92
6.46691, 639.351, 697.477
4.89889, -979.518, -251.264
5.72449, 294.101, 277.674
4.28836, -245.562, 598.412
5.96794, -331.109, -220.919
5.83428, -416.962, -708.706
3.22071, -372.629, 709.416
7.10415, -986.146, 208.958
4.22228, 32.7524, -235.98
6.66824, -417.267, -471.223
2.74349, 269.646, -750.152
3.27936, -246.57, -79.405
2.55765, 331.753, 510.904
3.94327, 121.576, 589.474
5.07295, -355.48, -169.824
3.65948, 683.672, 438.126
2.75022, -243.756, -67.2235
5.33091, -595.271, -850.595
6.69774, -154.443, 666.143
4.28763, -639.415, -418.513
4.3452, 173.535, 869.369
7.22226, 255.831, -73.7305
4.72425, -902.179, -186.338
6.82086, 495.918, 190.43
5.82654, -790.291, -737.434
5.79297, 163.162, 666.344
7.10736, -961.525, 963.418
5.11536, 937.61, -612.766
5.45229, 439.459, -442.301
5.79944, 668.998, 672.236
4.24765, 292.922, 460.419
4.11714, 331.551, 65.451
7.08984, -113.634, 738.617
3.08619, 903.55, -446.474
7.31268, 675.146, -170.143
5.17978, 46.7928, -333.22
5.81447, 858.167, 635.695
5.48362, 885.246, -510.682
6.93363, -506.1, -747.241
6.67999, -672.466, -607.605
6.69339, 246.567, 204.379
6.85642, -216.002, 342.362
2.5002, -769.262, 337.924
4.77274, 257.858, 351.619
4.25696, -935.465, 147.776
5.80713, -258.191, 709.736
6.22234, -873.385, 152.846
3.3821, -116.599, -443.43
7.4621, 794.49, -815.302
5.95466, -933.549, 178.862
6.97862, 139.825, -22.2212
3.51579, 375.949, -131.247
7.2356, -455.763, -36.5145
4.88476, 901.869, -508.716
6.78578, 922.369, -746.181
6.41237, -983.917, -562.881
5.70687, 917.441, -901.291
3.14521, -725.291, 147.272
5.77944, 3.89272, 649.472
3.09199, 52.9937, 9.84932
3.88793, 337.007, 805.399
6.65548, -218.527, -226.825
6.14153, -752.714, -513.787
6.74348, -597.695, 296.033
3.43989, -786.88, -951.335
6.09602, 558.895, -278.437
4.25586, 161.264, 332.655
3.34555, -415.847, -686.518
4.52383, 341.063, -551.169
4.20924, 158.878, 772.248
6.67141, 396.985, -125.53
3.9111, 698.075, 584.03
5.16766, -672.729, -477.045
6.25085, 996.098, -853.28
4.62554, -678.563, -761.628
4.66964, -571.624, 546.741
3.03022, 858.313, -933.267
6.4639, -36.8649, -466.956
3.91232, -572.639, -484.393
7.14264, -582.071, -237.707
5.37926, 236.494, 524.412
3.4895, 816.368, -288.065
5.99081, 577.585, -762.879
3.07265, 495.706, -962.015
4.22945, 308.213, 789.018
4.15646, -575.903, -236.832
6.42735, 828.595, -963.512
6.65775, 459.808, -212.98
4.21712, -740.42, 755.362
4.2603, -275.121, 885.57
6.38197, 144.98, -835.964
6.58658, -13.1248, 688.253
4.26157, -129.659, 284.871
7.09559, -434.733, -301.43
3.2877, 489.951, 252.782
5.56029, -491.825, 561.018
5.54222, -372.753, 709.755
3.16647, -252.386, -747.237
3.51409, -747.086, -476.837
4.79457, -857.619, 501.093
3.48759, -529.283, 926.861
6.77118, -838.633, 370.508
6.54562, -759.629, -694.067
2.80131, -908.117, 887.501
6.50584, -717.866, 657.777
5.49597, -194.044, -544.298
7.43182, -891.91, 309.298
2.65919, -165.936, 634.612
6.8356, 945.561, -780.279
3.69109, 668.781, 344.805
3.6127, 178.057, 432.954
4.73907, -993.433, -540.209
2.61231, 861.568, -172.61
6.79755, -249.974, 24.6281
4.15902, 215.12, 590.181
5.72195, 307.161, 248.949
7.43521, -946.982, -482.189
5.30162, 284.623, -584.203
4.74553, -758.39, -246.178
5.213, 172.206, -716.312
2.90797, 773.142, -32.8029
3.99606, -801.363, -273.487
6.63964, 824.7, 681.64
6.48936, 626.157, 939.265
5.71048, -102.8, 679.664
4.84105, 631.193, 387.283
7.15326, -197.379, -611.711
5.08798, -248.064, -69.0384
7.42924, 798.312, -542.835
5.94567, -82.2146, -724.921
6.19966, -181.221, -443.816
3.46323, -392.294, -936.354
6.08881, -450.829, 625.72
6.11146, 570.085, -182.086
6.49298, 266.116, 153.993
4.23216, 255.479, -998.351
5.1481, -15.6794, -57.5941
3.19001, 715.869, -362.137
6.73218, -225.748, -203.71
6.32766, -85.4749, -886.594
7.5, 923.627, -416.108
4.24891, 483.156, 996.263
5.50367, -601.551, 592.305
3.50808, -496.427, 85.1121
6.2385, 27.9338, 151.763
6.49225, 978.025, 216.127
3.03505, -706.385, 109.44
5.35813, -507.299, 47.4565
2.84683, 358.009, -332.413
4.16036, 750.786, 689.323
5.80945, 487.599, -708.746
5.27726, 175.222, -197.915
7.12415, 228.975, -11.7457
2.69832, -486.647, 227.325
2.62083, -312.425, 240.889
4.61923, 215.418, -657.15
4.36987, 460.771, 136.517
2.93303, -241.439, -264.798
3.05403, -160.231, 169.666
5.31992, 369.537, -348.947
7.37269, 62.7676, 743.119
3.05066, -48.5403, -880.796
5.99352, 99.0374, 983.064
2.79674, -50.1628, -744.379
4.69755, 835.738, -109.152
5.24651, 993.443, 716.618
3.45129, 692.125, -750.937
7.36597, 313.153, 328.088
3.19593, -678.244, -78.277
5.48978, 943.819, -433.062
7.12812, -873.683, 704.295
3.91116, -71.0298, 894.679
6.8307, -139.275, -80.4887
6.29598, -229.392, -601.885
6.10793, 349.427, 625.823
3.34241, -376.572, 370.05
3.32882, 839.818, 375.303
3.39076, -647.388, -991.263
5.87226, 336.1, -603.184
4.83484, -355.088, 39.1774
6.85219, -811.997, -358.266
5.76023, -697.751, -116.369
5.80464, 763.785, 882.73
2.58037, -660.246, -594.469
4.30596, -780.869, -669.133
3.72747, 926.496, 121.046
6.93086, -938.859, -951.352
5.23701, 825.734, 773.152
6.57209, -26.1265, -653.302
5.24453, 170.27, 870.833
4.16156, 506.515, -56.1711
4.40213, 25.2602, -654.93
2.52389, 933.105, 655.636
6.95226, -90.7276, -397.271
6.16955, -498.491, 686.578
6.04239, -153.727, 674.003
5.1278, 53.6165, -187.775
6.41065, -192.068, -816.113
3.42484, -384.918, -470.442
5.72673, 244.148, 510.876
3.42178, -690.597, -344.331
3.31214, 64.5712, -83.3687
2.65594, -181.909, 851.046
7.42716, 130.24, -665.53
4.04559, -332.395, -718.514
4.11075, -668.426, -298.375
5.51155, 287.858, -233.648
2.89107, -329.661, -923.802
3.93936, -18.2331, 88.2826
5.79307, -123.218, -493.031
7.36348, -995.119, -348.948
7.27758, -363.212, -797.367
7.42745, -671.681, -293.075
7.30478, -915.156, -765.546
3.0073, -558.956, 569.539
3.71505, -124.076, -492.197
6.91151, 98.7188, -434.166
5.28805, 340.764, 702.188
6.7669, 803.486, 515.818
7.49145, -533.508, 521.262
3.99751, -256.61, -481.073
6.33157, 981.472, 489.659
4.81901, 283.796, -143.141
6.8168, -636.245, -794.175
6.99018, 861.334, 5.89865
7.377, 258.115, -417.178
2.77405, 661.556, 79.8132
6.32605, 949.461, -619.308
5.09219, -934.55, 739.573
3.46574, 935.334, -245.624
6.98252, 194.731, -543.033
6.38492, -831.083, 98.5676
2.75968, 416.391, 541.77
7.47331, -855.566, 766.375
5.93659, -1.5743, -459.701
5.94854, 888.747, 496.822
6.57666, -657.407, 821.942
7.05426, -36.4458, -435.371
3.34218, -201.384, 405.381
5.24183, -580.018, 804.557
6.53351, -477.768, -253.277
4.17803, 319.243, -530.192
5.53435, -97.8458, 42.1021
6.59602, -954.692, 334.139
7.3485, 87.978, -248.294
6.29349, 585.723, 492.791
3.72113, -184.791, -93.2425
5.80589, -572.28, 404.074
4.21574, -447.659, -186.27
7.27146, 376.425, -396.71
2.60828, 804.147, 556.076
4.54979, -892.211, 947.672
2.55789, 590.517, -672.445
3.04964, 842.319, 202.285
5.28259, -851.932, 90.8515
4.45466, -34.0698, -234.336
7.20539, 118.063, -182.675
2.55572, 179.287, 396.885
6.22897, -224.333, -435.038
3.84293, 109.368, 129.833
4.27153, -682.505, -759.798
3.45835, -466.763, 616.849
5.14832, 296.079, -170.526
4.39478, -59.2568, -854.799
3.16407, -13.1163, -802.54
4.26563, -124.357, -566.443
4.2497, 784.084, 986.696
7.41084, 611.586, -119.771
5.25961, 151.782, -391.48
4.99918, 13.3077, -713.829
3.58531, -834.723, 458.256
4.37311, -230.817, -652.859
6.78251, -662.283, -475.238
6.45578, 788.017, -509.844
3.9204, -491.966, 929.107
5.07645, 437.606, 100.155
6.79238, -295.005, -26.0841
7.07844, -950.741, -173.658
7.48941, 136.905, 917.82
6.53177, 170.69, -193.996
5.22718, -909.093, -183.917
7.3461, 149.597, -738.568
5.31931, -585.406, 362.652
4.03031, -415.053, 660.753
5.41853, 968.334, 954.591
2.91197, 54.2392, -333.091
5.47382, 357.995, 623.729
3.31968, -598.929, -591.687
6.46527, -610.018, -436.586
2.95373, 578.705, 742.221
6.3072, -505.681, -679.878
6.83996, -218.192, 33.3187
6.40105, 192.657, -334.527
6.61399, 908.653, 971.845
6.70974, 372.708, 553.697
4.48328, 534.286, 256.134
6.508, -160.982, 168.818
6.56811, 381.127, -44.3022
5.43493, -410.152, 101.542
4.64621, 796.675, -50.7905
2.5002, -69.9378, -479.69
5.31153, -815.843, 316.402
6.22632, 335.671, 356.675
3.89846, 964.364, 301.314
2.93406, -988.312, 565.309
3.5733, 853.5, -881.197
3.93296, -493.744, 555.463
4.86595, -407.534, 475.82
6.95893, 845.722, 819.915
5.91955, 506.296, -499.554
3.54376, -51.3655, -64.8448
6.67533, 794.921, 12.4072
7.09218, 943.378, 917.487
4.48244, -474.545, -701.932
6.37858, 541.574, 540.158
5.68161, -162.044, -90.7974
6.64746, 483.749, 293.063
3.40204, 559.51, -457.146
7.45927, 578.402, -763.899
6.70558, -150.542, -845.162
4.65177, 889.017, 266.578
4.38589, 596.926, 890.954
2.70802, 656.462, -506.075
6.80715, -809.682, -541.192
6.62116, 910.634, -909.846
6.25052, 20.0178, 735.666
3.55801, -165.138, 995.066
4.31029, -782.016, -192.419
4.43545, -591.754, -804.695
7.32918, 803.08, 642.997
6.5872, -168.042, 631.576
4.5755, -82.6461, 449.625
5.83759, 206.272, 184.644
2.52101, 477.749, 975.171
6.98048, -743.425, 256.803
3.68416, -343.4, 355.448
3.79415, 360.369, -96.5488
5.4939, 408.985, -710.65
6.89823, -848.82, 380.302
6.16299, -566.009, -593.065
6.0773, 914.978, 570.959
3.57724, -608.954, 481.008
6.30413, 678.472, -958.547
3.85351, -160.076, -561.563
2.75246, 669.545, 348.085
4.78866, 268.133, 245.648
2.58759, 449.769, -780.018
3.01129, 74.788, -172.101
2.639, -129.167, 281.876
5.65921, -340.541, -515.363
6.34425, 82.7987, -245.458
2.74132, 525.525, -841.351
6.6924, -58.6395, -630.726
6.76899, -263.179, -321.739
6.57649, -443.906, 573.759
6.85188, 795.416, 406.147
5.27222, -634.979, -173.176
6.12646, -297.012, 60.6988
3.20424, -528.358, 940.703
6.6115, 602.028, -527.959
5.51185, 734.777, -197.662
4.93856, 509.602, -921.72
6.14942, -288.964, 955.166
4.05164, 757.672, -669.566
3.93925, -699.312, 354.595
5.45857, -954.401, 812.066
5.34055, 657.464, 887.469
5.41059, -929.341, -579.209
2.84132, -689.652, 283.24
4.34304, 152.856, -381.14
6.28475, -937.417, -576.896
6.35297, -446.761, -876.2
4.27217, -394.155, -251.992
5.98913, 243.772, 933.512
5.08005, -686.962, -305.044
5.94494, 392.097, 131.442
6.18066, -82.2295, 615.544
2.56231, -343.923, -675.751
7.16549, 603.902, -122.718
5.37826, 133.856, 126.713
3.05587, 458.142, 975.082
4.87388, -110.025, 23.5707
3.24247, 172.186, 92.4012
4.22594, 50.949, 450.487
7.04476, -933.443, 182
4.54571, 15.6367, 515.836
5.96642, -677.457, -75.0249
3.35865, 384.143, -932.523
6.21715, 893.604, -501.891
4.16319, -423.248, 640.856
4.62157, 668.861, 311.31
2.79523, -137.203, -116.133
5.09005, 282.636, -240.041
5.94425, 475.09, -581.816
5.01149, -261.455, 24.1726
6.56617, -168.977, -751.964
3.07974, 81.4645, -940.581
5.24841, 265.564, 465.641
5.06046, 412.558, 21.4351
6.02649, 952.457, 441.764
5.65083, -236.369, 891.23
4.0207, -23.4524, -632.769
6.74719, 400.273, 372.783
3.39619, 601.718, -19.9847
2.61737, -531.278, -100.309
4.19467, 741.84, 54.6649
3.43818, 350.012, -83.8289
6.60467, -286.053, 191.633
6.72507, -895.929, -155.248
6.78031, 844.219, -719.298
7.37454, -955.077, 638.183
2.99587, 470.979, -448.611
2.56182, 564.417, 657.478
2.58614, 217.255, 588.374
2.64527, 252.916, 94.7578
4.1031, 150.263, -385.289
6.17815, 628.107, 302.909
3.14876, 369.002, 474.712
2.5161, -367.845, 507.898
6.91905, 138.962, -791.346
3.70482, 231.824, -575.471
4.38481, -822.011, 758.03
4.44879, 608.895, 186.709
2.81534, 595.788, 295.4
7.30792, 183.736, 960.094
3.75349, 727.15, -337.838
6.85376, -681.241, -56.6222
2.85991, -919.646, 428.388
2.70653, -626.438, 578.987
3.46378, 364.063, -523.957
3.86708, -310.859, 302.845
7.4007, -953.871, -365.79
3.60607, 324.722, -541.436
6.43119, -876.157, 857.101
4.42306, 301.771, -422.624
3.78593, 480.709, -637.359
3.91087, -949.521, 66.4013
7.33834, 869.052, -33.3554
4.22841, 769.675, 173.31
3.45922, -985.538, 738.192
5.05037, -547.661, -382.673
5.21857, -558.586, 635.225
5.72333, -635.63, -615.91
3.89738, -10.1653, 787.621
3.41887, -296.52, -720.888
2.71579, -838.792, 382.131
3.98408, -505.207, -268.269
4.25548, -231.623, 141.057
7.09372, -421.326, 730.559
5.81225, 502.119, -361.511
5.08041, 867.334, 586.921
4.03763, 617.191, 589.147
3.0007, -353.575, 155.632
3.47502, 380.341, -881.285
4.11407, 31.6159, -132.664
5.56182, 966.249, 86.5561
5.13511, 961.885, -985.198
3.45653, 255.91, 285.761
4.7178, -652.688, -429.249
4.48693, -710.743, 856.338
6.28051, -607.658, 744.85
6.6213, 737.242, 602.635
5.51573, 141.935, -344.065
3.04573, 610.797, -830.404
4.11797, 487.709, -165.447
5.03403, 7.9736, 319.049
4.76521, -648.306, 797.902
4.77315, -181.657, -462.508
4.91125, 917.827, 909.553
5.07896, 369.789, -651.45
4.50207, 195.448, 815.276
4.22945, 961.806, 485.561
6.64533, 927.09, -239.682
3.02204, -733.655, -799.78
6.40057, 587.47, 569.863
3.19919, -297.76, -239.624
2.62171, -803.5, -514.732
6.0664, 407.374, -756.616
7.15538, 157.063, -822.317
7.47667, 180.495, 175.01
3.86264, -881.518, 152.862
3.6923, -482.17, -251.629
3.87328, 964.509, 620.491
5.70836, -909.83, -731.397
5.17637, 311.001, 156.726
6.8967, 837.704, -297.409
6.75968, -660.059, -842.375
2.98004, 911.205, -34.4734
4.66818, -752.148, 197.399
3.17045, -206.107, -758.335
5.86802, -159.031, 319.402
5.34964, -53.3217, -482.061
3.66474, -624.79, 562.119
5.50306, 266.96, -690.464
2.6551, -804.598, -28.5056
7.08512, 569.387, -312.821
3.82958, 864.845, -179.165
6.50016, -185.302, -509.302
5.46389, 170.289, -724.42
5.0822, 360.723, 615.883
5.2567, 318.764, 645.253
3.47225, 508.186, -233.338
5.36152, 120.495, -743.877
3.81992, 214.429, 403.127
4.41648, -765.214, 539.961
2.73626, -754.215, -897.6
4.22823, 587.94, -670.887
3.61594, 681.169, -438.221
3.81264, 16.6822, -738.583
3.05141, -430.511, -401.966
7.40088, -706.253, 20.7204
5.93794, 803.864, 644.074
5.82158, -548.29, -376.622
5.99501, -602.22, -673.489
2.68746, -836.719, -777.694
3.6706, -628.76, -745.712
3.95397, 716.58, 694.16
3.50543, -40.9182, -261.1
2.7177, 377.425, 331.686
2.56571, -539.137, 524.743
6.07297, -528.148, 765.631
6.88348, -868.991, -631.863
5.35088, -889.381, 275.918
6.92743, 866.251, 872.205
5.20042, -356.358, -280.327
3.31357, 930.287, -648.221
3.30492, 969.558, 440.109
7.19182, 320.139, 287.704
3.45628, 554.793, -853.621
3.15761, -5.80071, -111.459
4.41122, -316.596, -4.91911
6.12674, 257.649, -266.227
2.50651, 541.958, 876.328
4.60222, 16.4255, 734.076
5.18984, 309.109, -213.987
4.86596, -238.967, 247.561
6.33003, 545.115, 869.395
2.9396, 555.069, -471.065
7.04284, 133.075, 324.149
3.20818, -878.655, -395.146
2.54782, 437.556, -52.1665
2.82267, 241.227, 516.049
4.96742, 382.012, 222.563
5.40914, 533.95, 988.511
4.03373, -949.531, 545.004
4.57091, 919.862, -68.2729
4.33401, -574.133, -689.639
3.42687, 186.3, 669.509
2.76788, 637.181, 160.585
4.47222, 542.003, -65.5458
3.98388, -348.125, -131.923
5.05388, -396.441, 821.184
3.75392, -699.322, 230.534
5.01589, 966.276, 884.705
2.51168, -17.4082, 799.562
7.01807, 998.168, -448.356
2.79181, -905.878, -949.045
5.17506, -689.641, 804.757
3.95754, -385.857, 876.568
7.3023, -815.157, -269.779
4.73406, 319.444, -109.272
5.08479, 895.753, 167.56
5.93861, -256.244, 12.1037
2.72187, -160.662, 76.467
7.2946, -798.605, 607.179
5.70852, 363.827, 156.061
2.80215, 631.194, -781.71
3.33964, 48.0996, 268.299
5.76491, 487.626, -250.161
6.19864, -769.323, 338.368
3.57011, 861.453, 199.892
4.31441, 157.716, -875.904
6.56981, -648.235, 935.384
5.32057, 807.837, -470.653
7.45886, -43.5147, -897.576
6.5669, -763.726, 398.138
3.49157, -994.826, -23.1279
2.50003, -163.331, -856.009
4.62608, 947.504, -774.815
4.07406, 833.245, 193.907
5.56218, 607.049, -934.456
3.83351, -201.83, -544.545
4.39881, -595.196, -60.9409
5.43397, 969.248, 293.697
5.95636, -141.611, -516.515
7.26736, -459.837, -572.239
4.89785, -292.81, -955.507
3.60319, 375.432, -731.548
5.33741, -725.438, -446.559
6.09873, 434.171, 364.553
4.4953, -484.808, 566.375
3.48326, -690.851, 993.652
6.66971, -677.461, -761.637
5.59561, -449.557, -868.322
7.26866, -295.266, 171.643
3.23222, -14.3974, -281.061
5.38953, 41.1121, -460.359
7.26796, -392.028, 724.2
3.62331, 720.322, -976.929
7.25137, -488.902, 811.437
3.07874, 800.98, -518.633
2.58372, 29.5213, -263.393
3.90465, -348.351, -172.984
7.15042, 649.695, 167.189
3.04796, 745.797, 871.896
6.77266, 30.8759, 831.363
5.68532, -726.946, -732.669
5.63853, 408.041, -709.171
3.80589, 730.419, 741.494
5.13936, -951.069, 220.759
7.16608, -267.188, 915.211
3.98055, 923.887, 100.739
4.78006, 155.562, 457.679
6.35659, -656.784, -623.213
4.17193, 98.4853, 115.297
6.31775, -39.514, -945.849
6.65892, -30.0211, 943.565
2.64618, -725.25, 568.516
4.31315, 715.753, -267.815
4.16221, 285.164, 461
3.17675, -519.705, -306.03
3.00839, -306.943, 623.82
5.11327, -610.293, 816.059
3.52046, 30.6591, -534.982
5.00728, -873.008, -630.486
5.1371, 3.7474, 961.989
4.13422, -269.789, -293.058
4.75888, 226.029, -445.834
6.85263, -7.48819, 987.334
4.72884, 646.348, 865.492
6.03726, -459.08, -920.86
6.83171, 916.169, -699.381
6.5822, 871.603, 221.958
2.67504, 896.884, 837.482
3.8644, -654.722, -236.162
5.21858, -422.997, -430.926
3.19942, -994.012, -547.322
5.57408, -780.356, -936.263
3.29182, -695.014, -605.844
4.41129, 98.8594, 221.287
5.94997, -94.2937, 189.636
3.21128, -388.715, 460.417
5.65284, -785.197, 795.244
3.15973, 200.025, 936.559
7.13583, -739.188, 250.189
5.53465, -939.776, 785.059
5.50388, -922.173, 370.063
3.33635, 607.271, -529.964
3.301, -863.431, -401.535
5.91628, 624.745, -30.1028
5.1456, -715.915, -14.1888
3.65264, -131.397, 812.859
6.55373, -502.385, -58.3937
5.76477, -420.687, -561.2
4.08597, -550.562, -583.509
2.53953, -262.834, -816.547
3.49176, 725.919, 746.317
3.78831, -8.88917, 382.225
3.03825, 892.678, 38.7537
3.49545, 133.017, -436.201
6.75079, 803.754, -772.264
6.63912, -985.526, 217.227
6.76813, -960.479, -551.515
5.71027, 285.288, 780.114
3.6787, 729.851, -990.296
6.80638, -502.628, -810.627
5.4745, 37.0275, -101.98
2.52745, 507.651, -29.369
6.84925, -664.783, -469.171
7.37729, 650.711, 106.804
5.59653, 379.717, 13.3319
3.85574, -944.993, 379.648
7.46973, -158.774, -635.678
4.60751, -723.955, -530.608
4.20537, -795.132, -615.67
4.80717, 362.015, -138.063
4.44822, 264.706, -378.95
4.613, -50.7674, 515.565
2.84879, 132.114, 287.064
5.5153, -59.793, -127.887
7.36114, -49.7002, 231.304
5.07406, -696.769, -536.397
7.45461, 956.521, -137.763
5.84906, 624.778, -149.796
4.01716, -605.899, 70.8336
3.47371, 875.872, 565.595
4.0109, -709.486, -938.277
4.93946, -334.723, 461.536
4.72438, 530.161, 978.348
5.7844, 319.51, -942.531
3.74227, -779.641, -665.656
4.72007, 54.985, 556.124
5.75894, -691.81, 54.5669
6.67472, -713.56, 188.446
6.03698, 202.101, 822.558
4.93928, -872.01, -601.819
6.72039, 400.062, -239.528
7.00296, -497.577, -182.883
6.33082, -650.7, -527.132
5.29453, 628.532, 848.28
2.70603, -24.3141, 94.6324
5.46749, 564.538, 65.3618
2.68674, -681.957, 829.088
4.53488, 22.3647, 437.04
2.84243, -977.028, -882.417
7.38558, -778.822, -882.546
2.5956, -517.79, -233.179
6.60363, -161.359, -274.673
5.2195, -373.038, 879.292
5.72828, 792.448, -332.504
3.62934, -260.756, 58.6518
2.733, 827.806, -694.388
3.63154, 215.085, -556.312
4.58371, -633.568, 135.341
6.40126, 266.203, -632.299
3.72852, -922.481, 390.327
4.81411, 660.447, 86.1217
6.14756, 929.16, 291.449
5.35237, -330.345, 816.43
5.45997, 927.928, 927.112
4.98425, -944.911, 281.229
3.951, 495.877, 108.544
4.71107, -5.29025, -226.189
2.53669, 855.167, -395.829
7.41683, 499.907, -360.609
2.52822, -810.812, -144.514
4.8676, -96.8421, 735.999
5.86497, -310.206, -121.899
