6.27803, -736.821, -999.273
3.5948, 65.7561, -89.048
5.89648, 357.989, -905.582
5.09708, -233.208, 869.975
2.76731, -931.064, 661.404
2.53849, 335.361, 53.0513
4.58743, -865.381, -233.049
7.15218, 178.011, 373.752
2.95982, 53.5779, 692.288
6.00595, -167.396, 308.839
3.81226, 524.763, 820.303
4.14117, 472.105, -904.659
7.45519, 512.469, 264.848
7.41275, -507.042, -271.203
5.75759, 506.417, 445.106
6.92354, 263.175, -854.189
6.33247, -126.723, -454.446
3.87453, -523.549, -45.0611
4.93259, -668.19, -284.797
2.80282, 818.681, 794.716
5.08146, 8.90826, 808.746
4.96988, 972.712, -362.047
7.23882, -818.104, -467.825
4.42071, -3.93782, -851.186
5.14874, 827.237, -446.141
2.75042, 881.551, -70.4823
6.63909, 540.452, 524.183
5.94228, -967.454, -748.917
6.18112, 259.066, 736.329
6.94286, 997.755, 450.741
4.25508, -386.769, -533.744
6.72991, 182.25, 26.4902
3.84659, 679.51, -173.283
4.83959, 75.6711, -173.501
3.2686, -643.859, -424.868
2.66527, 605.54, 143.167
7.2768, -3.3681, 69.3198
6.95369, 109.274, 496.284
3.29884, 683.56, 249.44
3.15214, 429.341, -574.277
2.515, -450.973, -817.8
6.0491, -948.278, -172.556
3.40448, -519.474, 875.156
5.76029, 773.791, -364.557
4.42907, 362.981, -699.213
3.23766, -5.33411, -225.894
5.45054, 690.161, 174.134
3.24076, 113.112, 910.616
3.2091, -182.352, 966.155
4.94257, -495.427, 129.522
3.13015, 922.113, -66.9862
5.64635, -361.137, -600.092
5.60817, 302.304, -746.134
4.88216, -503.811, 605.729
2.64188, -592.302, -223.269
3.21011, -146.273, 803.001
3.15594, -179.545, 894.446
3.31099, -816.053, 770.02
3.76529, -269.193, -857.281
4.77654, 567.039, -730.295
6.54472, -95.2841, -300.823
3.57624, 303.188, 862.786
3.75063, 817.366, 361.898
5.02978, -57.5612, 721.579
6.27922, 635.083, 199.354
5.66369, 902.733, -74.7833
5.9449, 648.188, -122.05
7.27207, 973.775, 404.907
5.18713, -421.546, 703.338
4.57014, -788.814, 35.8164
4.70019, 752.889, 153.669
6.07821, 738.255, 459.388
6.20858, 412.575, 601.024
5.12494, 771.893, -961.539
6.06711, -869.147, -73.463
5.91025, 335.225, -22.0554
6.82941, 833.088, -600.655
3.19597, 87.5825, 779.472
3.57766, 977.832, -99.4968
5.0733, -368.092, -108.356
4.83766, -120.415, 761.837
3.55759, -269.408, 613.106
5.65244, -690.389, 994.213
2.5044, -996.472, 230.857
4.09589, 454.442, 546.421
5.90281, 364.747, -163.567
6.0446, 672.571, -589.203
2.90869, -810.624, 657.109
3.56926, 259.48, 528.378
4.44412, -837.466, -572.707
4.44927, 895.67, 904.091
3.92018, 384.135, -461.498
4.6123, 567.371, 553.45
2.55658, -603.833, -438.954
3.72027, 963.798, -616.86
4.49072, -726.52, 640.111
6.64177, -646.407, 201.935
3.78584, 975.455, -684.818
3.59705, -797.468, -532.676
6.47385, 391.769, 269.348
5.8476, 505.493, 392.382
5.49108, -887.633, 269.147
5.99917, -362.577, -545.572
5.13062, 525.329, -764.674
4.14833, 177.023, 106.984
3.30844, -714.004, 405.598
6.56633, 720.17, -29.2159
4.08004, 477.973, 113.93
4.05369, 56.7923, -729.591
4.65424, 36.0748, 175.464
4.46509, -256.302, -480.792
4.43916, -48.3432, -107.226
4.34871, -842.8, -441.63
5.88118, 343.502, -492.307
6.10384, 456.692, 27.906
7.20082, -77.4601, 889.993
5.08573, -79.1752, -356.973
5.5282, -196.046, 322.745
5.85049, -698.585, 973.545
5.11404, 83.1112, -311.904
3.87105, -968.749, 657.334
7.08924, 92.5597, 285.849
3.73367, 939.493, -466.303
4.77876, 387.621, 687.413
3.30374, -955.095, 642.834
4.68319, 415.351, 413.333
7.45767, 502.763, 165.307
6.26931, -440.745, 391.302
4.97846, -990.772, -657.371
7.01651, -671.996, -839.909
4.68213, 493.249, 565.459
5.09239, 169.42, -986.695
4.44866, 88.0673, -865.693
5.63431, -227.854, -568.301
5.19331, 418.193, 318.107
4.35955, 631.926, -439.286
2.54674, -376.486, 369.947
6.3794, 41.8083, -791.915
2.85317, -889.136, -558.916
3.98511, 447.215, -679.473
4.78581, -38.2324, -902.689
3.25156, -104.931, 39.6644
5.97819, 667.457, -428.452
4.15587, 368.127, 159.118
5.21197, 973.357, -884.527
2.64678, 713.1, -995.463
5.38086, -20.7434, -243.916
5.18133, 359.47, 477.477
7.36678, -755.298, -928.288
5.57063, -297.421, -622.945
5.26431, -747.775, 214.889
6.69051, -284.809, 907.691
3.75764, -482.533, 947.084
6.98957, 631.659, -148.714
5.97428, 520.292, -509.957
5.82752, -472.801, -96.1899
3.06838, -580.729, -767.229
3.37987, -987.009, 94.0672
2.91253, -136.176, 198.258
6.68103, -249.057, 374.396
2.64818, 945.529, -754.224
6.34719, -10.1627, -840.835
4.29829, -500.086, 867.742
6.24626, 0.291374, 537.775
6.28385, 363.205, 343.492
3.60834, -538.71, -926.692
5.58305, 305.219, 125.505
3.66846, -550.275, -256.512
6.22052, -668.307, 305.699
5.80997, -905.255, -680.917
4.9209, 899.098, -749.586
2.58972, 828.05, 241.634
4.98291, 444.043, 188.237
5.09587, -116.013, -891.847
4.71395, -870.663, 541.103
4.14528, -64.1315, 953.633
3.52671, 486.331, -108.015
7.19863, -254.394, -656.577
2.85168, -496.017, 928.625
3.30042, 52.5375, -751.623
6.70788, -791.645, 30.5284
4.13614, -153.227, -264.12
6.85942, 154.168, 427.13
5.99896, 672.94, 516.414
5.52801, 870.288, -221.664
4.77536, 79.0722, -274.786
2.91543, -519.406, -193.622
3.94883, -55.1969, -155.82
6.51009, -567.707, -789.613
6.81821, 339.772, 57.3526
3.81831, 422.88, -512.296
4.79881, -837.697, -234.575
4.95672, 592.561, -532.699
5.82344, -467.693, -992.934
7.31738, -626.41, -150.172
7.23022, 590.585, -732.271
2.81902, 217.497, -657.241
5.04829, -411.55, -307.277
6.13222, 668.622, 652.389
5.65882, 603.679, -340.847
3.26658, -916.887, -909.214
5.09652, -874.415, 535.943
3.52281, -558.624, 857.809
6.03231, 399.47, -821.837
6.05786, -476.17, -11.3527
3.66304, -595.862, -242.106
6.80594, -64.3088, -131.016
2.67122, -110.742, 953.881
6.26587, -936.521, 48.1239
4.14789, 645.261, 182.024
4.65309, 72.8061, -535.526
7.33455, 973.726, -192.957
4.05803, 734.748, 700.275
5.69762, 994.153, -702.893
5.95386, 864.323, -63.5532
5.36403, 82.5584, 630.508
6.60667, 890.674, -681.865
4.21807, -915.76, -688.047
5.09387, -807.289, -779.301
6.78438, 122.894, -954.599
6.18587, 348.645, 34.677
3.45992, -953.018, 395.768
2.83145, -308.238, 341.759
3.60828, 849.31, -723.195
3.33656, 171.793, -239.077
6.31172, 382.189, -945.708
5.44905, -845.065, 426.937
4.65223, 859.4, 851.228
7.09618, 662.211, 11.9722
5.09668, 447.326, 201.75
7.38058, -677.391, -18.7981
5.15714, -453.423, 148.473
2.98716, 334.109, 396.489
5.83983, 221.018, 97.6472
5.44444, 142.79, -11.6328
5.01137, -700.837, -113.514
2.75808, -936.061, 462.291
2.6753, -356.349, 40.6788
4.41484, -785.603, -510.192
5.55555, 193.786, 103.638
5.06574, 541.003, 875.791
5.98498, 300.583, -26.6034
4.89891, -26.1402, -185.006
3.88323, 68.392, 421.032
6.01685, -439.702, 210.823
3.67701, 876.264, 60.5642
6.41501, 193.945, -173.418
6.60589, 362.645, 839.973
3.21842, -538.9, 54.6138
5.75757, -496.265, 800.031
3.87677, 871.557, -989.757
7.26215, -440.785, 717.323
4.58238, -753.75, 13.6981
3.03869, -126.965, 404.7
4.70633, -799.985, 532.233
6.28811, -409.807, -308.162
2.77803, -338.501, -322.545
3.51241, -29.2149, 146.133
6.82305, 947.632, -774.37
6.52456, -265.245, -15.6799
2.78861, -680.618, -675.217
4.40304, -63.8615, -701.468
4.56124, -150.954, 767.081
2.80071, -383.08, 302.575
7.09746, 795.952, 630.898
3.35398, 539.799, 802.654
6.51634, -935.213, 148.817
3.88599, 723.278, 44.6366
4.44586, 173.582, 738.878
7.19936, 51.5743, 623.76
6.24573, 159.881, -160.517
3.44774, -324.008, 761.312
6.89581, 437.583, 486.082
6.8953, 419.871, -853.715
3.30515, -818.664, -278.253
5.87346, -806.735, -166.398
6.89096, 626.327, 125.422
6.98262, 269.094, 537.233
3.06535, -26.7897, 756.502
5.93789, -234.407, -245.77
3.21651, -845.47, -757.292
3.6901, 416.762, -44.7011
5.64383, 951.1, -218.044
4.312, 817.571, 360.436
4.64437, 588.549, 718.301
4.91936, -0.376258, -850.874
6.20379, -0.880181, -99.5035
3.23098, -398.723, 865.893
7.36238, -836.627, -778.357
7.3158, -521.991, -185.19
3.14741, -603.472, 666.665
5.3784, -321.417, -607.296
4.66439, 171.217, -119.943
5.50066, -236.466, -262.578
5.85098, -701.89, -139.947
4.5137, 396.189, 990.365
6.46691, 639.2, 698.024
4.89889, -980.159, -251.384
5.72449, 293.533, 277.897
4.28836, -245.413, 598.238
5.96794, -331.249, -220.959
5.83428, -416.956, -709.471
3.22071, -371.771, 709.538
7.10415, -987.517, 206.467
4.22228, 32.91, -236.033
6.66824, -417.638, -471.481
2.74349, 269.438, -750.691
3.27936, -246.48, -81.8638
2.55765, 331.851, 511.312
3.94327, 121.704, 589.619
5.07295, -357.288, -169.284
3.65948, 683.882, 438.219
2.75022, -249.412, -69.1445
5.33091, -595.186, -851.458
6.69774, -154.697, 664.348
4.28763, -638.369, -416.046
4.3452, 176.675, 868.589
7.22226, 255.745, -73.8075
4.72425, -900.376, -187.476
6.82086, 496.273, 191.162
5.82654, -790.568, -737.696
5.79297, 162.857, 666.551
7.10736, -961.85, 963.745
5.11536, 936.435, -611.655
5.45229, 439.524, -442.355
5.79944, 669.192, 673.236
4.24765, 291.102, 460.571
4.11714, 329.794, 67.767
7.08984, -114.479, 738.494
3.08619, 903.524, -446.573
7.31268, 673.501, -168.728
5.17978, 48.8633, -333.682
5.81447, 858.983, 635.958
5.48362, 883.925, -512.208
6.93363, -506.076, -747.591
6.67999, -673.304, -607.625
6.69339, 246.525, 204.598
6.85642, -216.454, 342.836
2.5002, -769.826, 342.082
4.77274, 257.68, 351.878
4.25696, -936.919, 145.062
5.80713, -258.259, 709.953
6.22234, -875.585, 152.864
3.3821, -115.626, -442.16
7.4621, 794.49, -815.857
5.95466, -933.801, 184.346
6.97862, 139.194, -24.0889
3.51579, 376.597, -131.104
7.2356, -455.432, -36.5397
4.88476, 904.373, -510.153
6.78578, 922.633, -745.992
6.41237, -984.961, -564.065
5.70687, 918.876, -900.134
3.14521, -725.554, 147.032
5.77944, 3.79927, 649.361
3.09199, 52.9505, 9.98527
3.88793, 337.412, 805.76
6.65548, -217.76, -226.706
6.14153, -752.915, -513.893
6.74348, -597.63, 296.092
3.43989, -787.908, -953.163
6.09602, 559.108, -278.247
4.25586, 161.609, 332.695
3.34555, -415.831, -686.088
4.52383, 341.901, -551.908
4.20924, 158.801, 772.64
6.67141, 398.153, -125.521
3.9111, 698.105, 583.997
5.16766, -669.625, -475.315
6.25085, 996.792, -853.457
4.62554, -673.43, -758.185
4.66964, -572.252, 546.567
3.03022, 858.481, -933.559
6.4639, -36.3698, -467.192
3.91232, -572.4, -484.675
7.14264, -583.061, -238.264
5.37926, 234.731, 526.359
3.4895, 816.017, -287.689
5.99081, 580.31, -768.082
3.07265, 495.824, -962.766
4.22945, 308.747, 789.481
4.15646, -572.438, -235.944
6.42735, 828.666, -963.977
6.65775, 459.888, -213.039
4.21712, -740.603, 755.479
4.2603, -275.374, 884.823
6.38197, 144.352, -837.374
6.58658, -13.2691, 688.33
4.26157, -128.933, 282.102
7.09559, -435.843, -301.55
3.2877, 489.541, 252.535
5.56029, -494.39, 556.663
5.54222, -371.636, 709.195
3.16647, -252.533, -747.701
3.51409, -747.517, -476.551
4.79457, -857.863, 501.069
3.48759, -529.976, 926.64
6.77118, -837.923, 369.077
6.54562, -759.636, -694.478
2.80131, -908.543, 887.948
6.50584, -717.744, 658.637
5.49597, -196.88, -544.68
7.43182, -892.233, 309.861
2.65919, -170.089, 628.536
6.8356, 945.477, -784.687
3.69109, 668.684, 343.146
3.6127, 178.758, 433.421
4.73907, -994.885, -540.085
2.61231, 862.629, -174.253
6.79755, -248.339, 25.8933
4.15902, 217.59, 588.473
5.72195, 307.458, 248.468
7.43521, -947.496, -481.972
5.30162, 284.636, -584.354
4.74553, -758.505, -246.155
5.213, 172.356, -718.21
2.90797, 773.169, -32.7996
3.99606, -799.74, -274.174
6.63964, 825.362, 682.5
6.48936, 626.361, 939.939
5.71048, -102.678, 679.628
4.84105, 631.358, 387.571
7.15326, -197.129, -612.229
5.08798, -245.098, -66.8914
7.42924, 798.427, -543.68
5.94567, -82.6332, -725.474
6.19966, -181.334, -442.862
3.46323, -392.213, -936.928
6.08881, -450.53, 626.06
6.11146, 570.115, -182.421
6.49298, 265.995, 154.056
4.23216, 255.535, -998.906
5.1481, -15.6313, -56.9321
3.19001, 715.857, -362.526
6.73218, -225.963, -202.688
6.32766, -85.865, -887.168
7.5, 923.73, -415.547
4.24891, 483.198, 997.24
5.50367, -601.776, 592.744
3.50808, -496.521, 85.3841
6.2385, 27.721, 151.496
6.49225, 978.655, 216.083
3.03505, -706.523, 109.498
5.35813, -507.348, 47.5127
2.84683, 357.703, -331.823
4.16036, 751.679, 689.296
5.80945, 487.877, -708.975
5.27726, 175.404, -198.552
7.12415, 228.989, -11.7567
2.69832, -486.944, 227.591
2.62083, -312.726, 241.162
4.61923, 218.19, -657.183
4.36987, 460.756, 136.7
2.93303, -244.866, -267.09
3.05403, -158.385, 172.003
5.31992, 369.941, -349.221
7.37269, 63.2491, 743.435
3.05066, -48.9486, -880.107
5.99352, 99.0335, 983.718
2.79674, -50.0954, -744.96
4.69755, 835.847, -109.473
5.24651, 993.903, 716.823
3.45129, 692.391, -751.187
7.36597, 312.845, 328.393
3.19593, -680.01, -82.1898
5.48978, 944.892, -433.204
7.12812, -873.958, 704.356
3.91116, -68.5282, 896.993
6.8307, -138.8, -79.9848
6.29598, -229.94, -602.317
6.10793, 347.255, 627.255
3.34241, -373.872, 368.102
3.32882, 840.865, 375.702
3.39076, -647.388, -991.819
5.87226, 336.327, -603.543
4.83484, -353.809, 36.5454
6.85219, -812.359, -358.309
5.76023, -700.578, -113.484
5.80464, 764.255, 883.357
2.58037, -659.753, -593.269
4.30596, -780.508, -666.712
3.72747, 927.094, 121.673
6.93086, -939.397, -951.821
5.23701, 826.095, 772.919
6.57209, -26.0136, -654.097
5.24453, 167.795, 872.204
4.16156, 506.595, -56.3358
4.40213, 25.598, -655.007
2.52389, 933.595, 655.987
6.95226, -90.7989, -397.246
6.16955, -498.895, 686.825
6.04239, -153.878, 676.838
5.1278, 53.0948, -188.021
6.41065, -192.35, -816.527
3.42484, -384.594, -470.432
5.72673, 242.689, 512.248
3.42178, -691.072, -344.858
3.31214, 65.1211, -83.6571
2.65594, -181.897, 851.295
7.42716, 130.181, -665.478
4.04559, -332.631, -719.004
4.11075, -670.795, -294.733
5.51155, 286.316, -235.994
2.89107, -329.729, -924.223
3.93936, -17.9382, 88.111
5.79307, -124.481, -491.56
7.36348, -995.905, -348.894
7.27758, -363.23, -797.818
7.42745, -670.745, -297.741
7.30478, -915.699, -766.342
3.0073, -559.088, 570.06
3.71505, -121.091, -495.026
6.91151, 98.5852, -434.494
5.28805, 340.85, 702.75
6.7669, 803.742, 515.741
7.49145, -532.685, 520.25
3.99751, -252.629, -478.928
6.33157, 982.597, 490.366
4.81901, 283.559, -142.956
6.8168, -636.239, -794.623
6.99018, 861.645, 6.3122
7.377, 258.199, -417.426
2.77405, 661.316, 83.9383
6.32605, 950.02, -620.073
5.09219, -934.94, 739.665
3.46574, 937.481, -247.491
6.98252, 194.304, -542.941
6.38492, -830.753, 98.768
2.75968, 416.596, 541.977
7.47331, -856.156, 766.756
5.93659, -1.00439, -459.936
5.94854, 889.024, 496.846
6.57666, -657.475, 822.759
7.05426, -36.3441, -434.846
3.34218, -201.384, 405.88
5.24183, -579.943, 804.774
6.53351, -475.446, -253.967
4.17803, 318.499, -529.206
5.53435, -95.7854, 43.3227
6.59602, -955.591, 334.174
7.3485, 87.9904, -248.01
6.29349, 586.153, 492.677
3.72113, -185.664, -93.3953
5.80589, -572.321, 404.32
4.21574, -447.433, -186.083
7.27146, 376.615, -396.894
2.60828, 804.38, 556.222
4.54979, -892.355, 948.081
2.55789, 586.965, -670.042
3.04964, 842.663, 203.186
5.28259, -852.953, 90.4317
4.45466, -35.6662, -233.759
7.20539, 118.14, -182.664
2.55572, 179.279, 397.488
6.22897, -224.79, -434.752
3.84293, 108.995, 130.626
4.27153, -679.836, -762.294
3.45835, -467.678, 616.719
5.14832, 296.196, -170.82
4.39478, -59.688, -854.539
3.16407, -13.3067, -802.412
4.26563, -123.882, -566.983
4.2497, 784.192, 987.159
7.41084, 609.654, -119.824
5.25961, 152.508, -394.845
4.99918, 13.1957, -713.664
3.58531, -834.765, 458.776
4.37311, -230.17, -653.507
6.78251, -663.718, -475.89
6.45578, 787.347, -509.471
3.9204, -494.204, 928.842
5.07645, 437.701, 99.8876
6.79238, -295.642, -26.5671
7.07844, -955.646, -174.807
7.48941, 137.091, 918.432
6.53177, 170.768, -194.58
5.22718, -911.361, -183.665
7.3461, 149.494, -739.198
5.31931, -585.495, 362.661
4.03031, -414.647, 661.068
5.41853, 969.099, 955.289
2.91197, 49.9567, -333.693
5.47382, 360.381, 621.683
3.31968, -599.064, -591.694
6.46527, -609.006, -436.928
2.95373, 578.55, 742.948
6.3072, -505.817, -679.932
6.83996, -217.289, 33.7365
6.40105, 193.035, -334.569
6.61399, 908.68, 972.662
6.70974, 372.785, 553.89
4.48328, 535.565, 256.061
6.508, -162.117, 167.764
6.56811, 381.338, -44.3931
5.43493, -410.284, 101.691
4.64621, 796.981, -51.0792
2.5002, -70.9798, -479.934
5.31153, -816.083, 316.265
6.22632, 335.454, 357.39
3.89846, 964.081, 303.279
2.93406, -988.982, 565.425
3.5733, 853.52, -881.404
3.93296, -492.736, 559.262
4.86595, -407.917, 476.078
6.95893, 845.924, 819.932
5.91955, 505.508, -499.092
3.54376, -51.7663, -64.309
6.67533, 795.235, 12.5963
7.09218, 944.84, 917.436
4.48244, -474.379, -702.267
6.37858, 541.409, 541.608
5.68161, -162.357, -90.9233
6.64746, 483.877, 293.636
3.40204, 559.989, -456.407
7.45927, 576.612, -761.385
6.70558, -150.324, -845.319
4.65177, 889.322, 266.834
4.38589, 597.022, 891.445
2.70802, 656.941, -506.248
6.80715, -810.885, -542.035
6.62116, 909.887, -911.542
6.25052, 22.3603, 737.018
3.55801, -165.111, 995.841
4.31029, -782.103, -192.504
4.43545, -591.957, -805.483
7.32918, 800.206, 645.211
6.5872, -166.904, 633.282
4.5755, -82.8007, 449.777
5.83759, 206.505, 185.035
2.52101, 477.977, 975.007
6.98048, -742.984, 256.094
3.68416, -343.371, 355.557
3.79415, 360.945, -96.8312
5.4939, 410.167, -712.177
6.89823, -850.84, 381.171
6.16299, -566.284, -593.583
6.0773, 915.713, 571.103
3.57724, -609.251, 480.98
6.30413, 678.395, -958.818
3.85351, -159.836, -562.163
2.75246, 670.733, 351.356
4.78866, 267.752, 245.636
2.58759, 450.123, -780.493
3.01129, 73.9722, -168.494
2.639, -129.641, 286.241
5.65921, -340.367, -515.2
6.34425, 83.4971, -245.581
2.74132, 525.482, -841.739
6.6924, -58.9972, -630.768
6.76899, -263.24, -322.427
6.57649, -443.384, 573.591
6.85188, 795.601, 406.409
5.27222, -635.519, -173.793
6.12646, -297.545, 61.2882
3.20424, -528.86, 942.393
6.6115, 602.578, -526.019
5.51185, 735.282, -197.817
4.93856, 509.936, -922.205
6.14942, -289.233, 956.198
4.05164, 757.715, -669.741
3.93925, -699.284, 354.885
5.45857, -955.04, 812.75
5.34055, 658.074, 888.345
5.41059, -932.655, -578.704
2.84132, -689.77, 283.266
4.34304, 150.844, -383.699
6.28475, -935.148, -578.041
6.35297, -447.245, -875.07
4.27217, -394.207, -251.785
5.98913, 244.173, 934.015
5.08005, -689.139, -305.999
5.94494, 392.474, 131.177
6.18066, -82.2742, 615.437
2.56231, -344.124, -676.081
7.16549, 605.106, -121.635
5.37826, 133.995, 126.849
3.05587, 457.509, 975.328
4.87388, -110.557, 22.5767
3.24247, 171.232, 91.1362
4.22594, 50.9316, 450.871
7.04476, -933.749, 178.166
4.54571, 15.7917, 515.479
5.96642, -676.074, -74.0011
3.35865, 384.853, -931.473
6.21715, 893.818, -500.068
4.16319, -422.916, 640.512
4.62157, 669.471, 311.205
2.79523, -137.167, -116.688
5.09005, 284.511, -238.229
5.94425, 475.377, -582.025
5.01149, -263.891, 25.4958
6.56617, -168.897, -752.262
3.07974, 81.2852, -941.17
5.24841, 264.796, 465.711
5.06046, 413.106, 21.4998
6.02649, 951.849, 441.832
5.65083, -235.98, 892.111
4.0207, -22.9737, -632
6.74719, 400.371, 373.236
3.39619, 601.359, -19.7269
2.61737, -531.632, -100.329
4.19467, 742.738, 55.0293
3.43818, 349.601, -83.1712
6.60467, -285.854, 192.582
6.72507, -896.089, -154.506
6.78031, 844.299, -719.693
7.37454, -955.421, 636.895
2.99587, 471.445, -448.724
2.56182, 564.383, 657.789
2.58614, 213.064, 592.371
2.64527, 253.287, 94.567
4.1031, 152.086, -379.565
6.17815, 628.344, 303.078
3.14876, 371.252, 474.365
2.5161, -367.743, 508.181
6.91905, 138.879, -791.574
3.70482, 232.043, -575.947
4.38481, -822.357, 757.172
4.44879, 608.222, 187.03
2.81534, 595.718, 295.574
7.30792, 183.761, 960.995
3.75349, 727.34, -337.632
6.85376, -681.767, -55.5303
2.85991, -920.078, 428.965
2.70653, -627.355, 579.674
3.46378, 364.686, -524.122
3.86708, -311.035, 302.838
7.4007, -954.211, -365.884
3.60607, 324.553, -542.432
6.43119, -876.333, 857.457
4.42306, 302.13, -422.824
3.78593, 481.017, -637.522
3.91087, -950.487, 66.7449
7.33834, 869.373, -32.9438
4.22841, 770.334, 173.733
3.45922, -986.221, 738.379
5.05037, -547.684, -382.882
5.21857, -558.88, 635.562
5.72333, -634.726, -616.061
3.89738, -10.1449, 787.431
3.41887, -296.49, -721.379
2.71579, -836.869, 384.475
3.98408, -508.801, -273.911
4.25548, -231.665, 141.207
7.09372, -421.372, 731.998
5.81225, 497.422, -359.715
5.08041, 867.595, 587.302
4.03763, 617.687, 589.594
3.0007, -353.884, 155.81
3.47502, 380.493, -881.46
4.11407, 31.6854, -132.977
5.56182, 967.046, 86.502
5.13511, 962.235, -985.644
3.45653, 255.316, 286.107
4.7178, -654.778, -429.517
4.48693, -711.247, 856.964
6.28051, -607.916, 744.871
6.6213, 737.418, 602.642
5.51573, 141.897, -343.86
3.04573, 611.144, -830.969
4.11797, 487.971, -165.472
5.03403, 7.79305, 319.222
4.76521, -648.361, 797.442
4.77315, -181.928, -463.282
4.91125, 917.807, 909.12
5.07896, 369.938, -651.531
4.50207, 194.229, 814.073
4.22945, 961.321, 485.925
6.64533, 926.39, -239.479
3.02204, -734.084, -800.347
6.40057, 587.983, 570.434
3.19919, -297.829, -239.713
2.62171, -804.912, -513.98
6.0664, 407.546, -757.315
7.15538, 158.14, -822.327
7.47667, 179.87, 175.152
3.86264, -877.974, 152.841
3.6923, -484.807, -249.749
3.87328, 965.142, 620.683
5.70836, -910.257, -731.585
5.17637, 311.156, 157.156
6.8967, 838.476, -297.61
6.75968, -658.261, -843.709
2.98004, 912.188, -33.7957
4.66818, -753.022, 196.339
3.17045, -206.43, -758.722
5.86802, -157.847, 320.97
5.34964, -53.2506, -483.212
3.66474, -625.323, 561.498
5.50306, 267.123, -690.858
2.6551, -805.142, -28.6777
7.08512, 569.663, -313.118
3.82958, 864.512, -177.984
6.50016, -185.573, -509.19
5.46389, 171.491, -722.383
5.0822, 361.36, 617.415
5.2567, 318.243, 645.901
3.47225, 508.863, -233.208
5.36152, 119.858, -744.166
3.81992, 214.78, 403.334
4.41648, -765.131, 540.085
2.73626, -753.874, -897.623
4.22823, 590.571, -672.232
3.61594, 682.496, -439.027
3.81264, 16.4759, -739.268
3.05141, -430.728, -401.741
7.40088, -706.465, 21.0537
5.93794, 809.232, 644.545
5.82158, -548.337, -376.751
5.99501, -602.404, -673.707
2.68746, -840.496, -779.717
3.6706, -628.61, -745.694
3.95397, 715.962, 694.277
3.50543, -41.7953, -261.944
2.7177, 378.4, 331.062
2.56571, -542.218, 526.208
6.07297, -528.478, 765.677
6.88348, -868.633, -632.663
5.35088, -890.539, 278.55
6.92743, 866.427, 873.05
5.20042, -356.256, -280.475
3.31357, 930.465, -648.539
3.30492, 970.607, 439.987
7.19182, 320.694, 287.854
3.45628, 555.124, -854.182
3.15761, -6.48498, -113.017
4.41122, -317.481, -4.66587
6.12674, 257.534, -266.807
2.50651, 541.5, 876.271
4.60222, 13.23, 732.849
5.18984, 309.797, -213.962
4.86596, -239.08, 247.711
6.33003, 544.08, 871.136
2.9396, 555.125, -471.819
7.04284, 132.659, 324.333
3.20818, -879.848, -394.828
2.54782, 438.434, -52.4324
2.82267, 243.982, 509.657
4.96742, 382.118, 222.616
5.40914, 534.709, 990.426
4.03373, -950.001, 545.099
4.57091, 920.813, -70.9133
4.33401, -573.854, -690.056
3.42687, 187.039, 669.863
2.76788, 635.971, 159.787
4.47222, 542.375, -65.6014
3.98388, -348.229, -131.837
5.05388, -396.532, 821.423
3.75392, -698.928, 230.676
5.01589, 967.114, 884.456
2.51168, -18.4668, 800.908
7.01807, 998.968, -448.461
2.79181, -905.748, -949.536
5.17506, -690.403, 804.625
3.95754, -386.844, 877.495
7.3023, -815.815, -268.112
4.73406, 319.232, -109.307
5.08479, 896.328, 167.461
5.93861, -256.226, 10.4662
2.72187, -160.683, 76.7273
7.2946, -798.873, 607.37
5.70852, 365.722, 157.525
2.80215, 631.816, -782.167
3.33964, 47.7663, 268.381
5.76491, 487.647, -250.676
6.19864, -769.104, 336.882
3.57011, 862.273, 199.266
4.31441, 157.986, -876.824
6.56981, -648.31, 935.755
5.32057, 807.859, -470.682
7.45886, -42.8467, -899.116
6.5669, -763.769, 398.551
3.49157, -995.385, -23.1966
2.50003, -164.502, -857.455
4.62608, 949.052, -779.838
4.07406, 832.522, 193.092
5.56218, 607.156, -934.877
3.83351, -198.3, -544.648
4.39881, -595.279, -60.7712
5.43397, 970.819, 292.54
5.95636, -141.66, -517.274
7.26736, -460.217, -572.505
4.89785, -292.773, -956.081
3.60319, 375.055, -732.227
5.33741, -725.903, -446.18
6.09873, 434.936, 364.775
4.4953, -482.789, 567.92
3.48326, -693.392, 997.851
6.66971, -683.361, -763.037
5.59561, -448.905, -870.434
7.26866, -295.771, 171.112
3.23222, -14.419, -281.914
5.38953, 41.4487, -460.621
7.26796, -391.801, 725.111
3.62331, 720.222, -976.418
7.25137, -488.133, 813.075
3.07874, 802.372, -518.851
2.58372, 29.4271, -264.153
3.90465, -346.475, -173.881
7.15042, 651.164, 166.584
3.04796, 745.261, 871.852
6.77266, 31.2316, 832.186
5.68532, -727.246, -732.933
5.63853, 407.471, -707.963
3.80589, 731.909, 740.888
5.13936, -951.159, 221.324
7.16608, -266.387, 916.49
3.98055, 924.241, 100.303
4.78006, 155.361, 458.526
6.35659, -656.929, -624.503
4.17193, 97.702, 114.693
6.31775, -39.494, -947.028
6.65892, -29.9844, 943.848
2.64618, -725.3, 568.643
4.31315, 715.995, -267.939
4.16221, 288.33, 460.734
3.17675, -520.068, -306.962
3.00839, -307.124, 623.915
5.11327, -610.497, 816.597
3.52046, 30.6625, -535.358
5.00728, -874.29, -630.77
5.1371, 4.32485, 962.159
4.13422, -270.269, -293.138
4.75888, 225.939, -446.275
6.85263, -7.53148, 988.479
4.72884, 646.792, 865.621
6.03726, -459.195, -921.63
6.83171, 916.795, -699.461
6.5822, 872.317, 222.458
2.67504, 897.643, 837.34
3.8644, -655.159, -235.968
5.21858, -423.135, -430.982
3.19942, -995.495, -545.607
5.57408, -781.146, -936.462
3.29182, -696.458, -606.03
4.41129, 98.746, 221.375
5.94997, -94.2581, 189.717
3.21128, -388.457, 460.154
5.65284, -785.285, 795.772
3.15973, 200.433, 936.719
7.13583, -740.146, 251.718
5.53465, -940.045, 785.194
5.50388, -922.252, 369.669
3.33635, 611.071, -532.337
3.301, -863.385, -401.67
5.91628, 625.238, -30.2679
5.1456, -716.626, -14.3775
3.65264, -130.97, 813.836
6.55373, -502.435, -58.4899
5.76477, -420.843, -561.45
4.08597, -549.546, -583.059
2.53953, -263.001, -816.925
3.49176, 724.604, 748.435
3.78831, -9.1023, 382.343
3.03825, 893.52, 38.7991
3.49545, 133.374, -436.821
6.75079, 803.754, -772.437
6.63912, -985.85, 219.374
6.76813, -960.601, -551.024
5.71027, 285.026, 780.38
3.6787, 730.87, -991.314
6.80638, -502.616, -811.117
5.4745, 37.1438, -101.677
2.52745, 507.919, -28.9413
6.84925, -666.332, -470.389
7.37729, 651.148, 106.971
5.59653, 380.026, 13.1606
3.85574, -946.2, 379.401
7.46973, -158.487, -636.29
4.60751, -724.337, -530.992
4.20537, -795.328, -615.828
4.80717, 361.258, -138.286
4.44822, 264.913, -378.729
4.613, -51.0958, 515.651
2.84879, 132.255, 286.805
5.5153, -63.4066, -130.398
7.36114, -49.6924, 231.557
5.07406, -696.748, -536.803
7.45461, 957.085, -137.813
5.84906, 626.718, -150.226
4.01716, -605.99, 70.9809
3.47371, 876.314, 565.074
4.0109, -709.246, -938.851
4.93946, -334.612, 461.675
4.72438, 529.806, 977.204
5.7844, 319.338, -943.15
3.74227, -781.074, -668.372
4.72007, 55.0382, 556.283
5.75894, -691.763, 55.1162
6.67472, -713.393, 188.205
6.03698, 203.372, 823.95
4.93928, -872.436, -601.33
6.72039, 400.208, -239.824
7.00296, -496.718, -182.357
6.33082, -650.494, -527.529
5.29453, 628.36, 848.022
2.70603, -25.9754, 96.2783
5.46749, 564.718, 65.2423
2.68674, -682.723, 830.085
4.53488, 21.8792, 437.06
2.84243, -977.508, -882.663
7.38558, -779.407, -882.598
2.5956, -518.105, -232.919
6.60363, -162.049, -275.807
5.2195, -371.851, 880.132
5.72828, 792.798, -332.467
3.62934, -260.757, 59.8016
2.733, 827.386, -693.98
3.63154, 215.407, -556.553
4.58371, -633.561, 135.422
6.40126, 266.338, -632.56
3.72852, -922.542, 391.456
4.81411, 661.718, 82.3984
6.14756, 929.34, 291.586
5.35237, -330.277, 816.729
5.45997, 927.681, 928.678
4.98425, -945.661, 281.362
3.951, 497.015, 108.063
4.71107, -2.20005, -225.205
2.53669, 855.474, -395.722
7.41683, 503.857, -362.294
2.52822, -811.346, -143.6
4.8676, -95.6044, 736.104
5.86497, -310.085, -121.825
