6.27803, -736.914, -999.914
3.5948, 65.5542, -83.2625
5.89648, 357.755, -905.878
5.09708, -233.016, 869.442
2.76731, -930.876, 661.879
2.53849, 341.308, 58.4923
4.58743, -866.224, -233.156
7.15218, 177.959, 373.565
2.95982, 53.8302, 692.33
6.00595, -167.946, 307.932
3.81226, 524.432, 820.609
4.14117, 472.158, -905.031
7.45519, 512.786, 265.235
7.41275, -505.996, -269.451
5.75759, 506.683, 445.299
6.92354, 263.26, -854.585
6.33247, -127.134, -454.569
3.87453, -524.363, -44.5877
4.93259, -667.1, -281.762
2.80282, 818.442, 795.254
5.08146, 9.03255, 809.251
4.96988, 973.228, -361.945
7.23882, -818.492, -467.722
4.42071, 0.0243916, -852.507
5.14874, 827.596, -445.866
2.75042, 881.921, -71.0479
6.63909, 540.412, 523.136
5.94228, -968.185, -749.234
6.18112, 259.085, 736.478
6.94286, 998.802, 450.816
4.25508, -387.299, -533.624
6.72991, 182.229, 26.5418
3.84659, 682.715, -175.616
4.83959, 74.8636, -170.072
3.2686, -643.396, -425.51
2.66527, 604.882, 143.295
7.2768, -3.07177, 68.9405
6.95369, 109.178, 496.555
3.29884, 684.028, 249.673
3.15214, 429.412, -574.475
2.515, -450.838, -817.998
6.0491, -946.404, -171.513
3.40448, -520.11, 875.732
5.76029, 773.963, -364.885
4.42907, 362.721, -699.319
3.23766, -2.278, -224.948
5.45054, 691.054, 174.35
3.24076, 112.372, 910.798
3.2091, -182.455, 966.565
4.94257, -495.715, 129.771
3.13015, 922.503, -70.3904
5.64635, -361.465, -600.446
5.60817, 302.488, -746.532
4.88216, -504.267, 606.105
2.64188, -593.386, -221.551
3.21011, -146.934, 803.312
3.15594, -179.39, 894.922
3.31099, -815.689, 771.175
3.76529, -269.31, -857.814
4.77654, 566.376, -729.832
6.54472, -95.3882, -300.939
3.57624, 303.282, 863.293
3.75063, 817.646, 360.491
5.02978, -57.4839, 721.706
6.27922, 635.119, 200.648
5.66369, 902.732, -75.4399
5.9449, 649.276, -121.409
7.27207, 974.241, 404.462
5.18713, -421.384, 702.615
4.57014, -792.629, 29.6977
4.70019, 753.107, 153.456
6.07821, 738.501, 459.485
6.20858, 413.022, 601.4
5.12494, 772.046, -961.788
6.06711, -869.567, -73.3653
5.91025, 335.345, -22.1079
6.82941, 833.25, -600.867
3.19597, 87.8657, 779.982
3.57766, 978.638, -99.324
5.0733, -368.492, -107.992
4.83766, -120.537, 762.894
3.55759, -269.657, 613.281
5.65244, -692.121, 997.331
2.5044, -998.583, 232.526
4.09589, 454.647, 546.676
5.90281, 364.965, -164.457
6.0446, 672.813, -589.449
2.90869, -810.875, 657.386
3.56926, 259.17, 528.04
4.44412, -837.838, -572.887
4.44927, 895.147, 904.296
3.92018, 384.318, -461.563
4.6123, 567.695, 553.705
2.55658, -611.313, -435.988
3.72027, 966.217, -616.402
4.49072, -727.035, 639.515
6.64177, -646.256, 202.012
3.78584, 975.832, -684.564
3.59705, -796.795, -532.787
6.47385, 391.991, 269.427
5.8476, 505.843, 392.475
5.49108, -887.163, 267.065
5.99917, -362.457, -545.944
5.13062, 525.16, -765.082
4.14833, 176.079, 107.742
3.30844, -713.919, 405.942
6.56633, 720.424, -29.3364
4.08004, 477.99, 113.697
4.05369, 57.0667, -729.36
4.65424, 36.1583, 176.163
4.46509, -259.286, -482.194
4.43916, -48.2207, -106.363
4.34871, -843.408, -441.435
5.88118, 343.562, -492.17
6.10384, 457.165, 27.8761
7.20082, -78.5008, 889.547
5.08573, -79.136, -356.889
5.5282, -196.306, 322.714
5.85049, -699.151, 973.056
5.11404, 83.39, -312.32
3.87105, -969.967, 658.366
7.08924, 92.3013, 285.947
3.73367, 940.106, -466.727
4.77876, 388.005, 687.898
3.30374, -955.712, 635.802
4.68319, 415.623, 413.844
7.45767, 503.355, 164.888
6.26931, -440.954, 391.353
4.97846, -991.421, -657.615
7.01651, -673.666, -840.138
4.68213, 493.348, 565.933
5.09239, 169.559, -987.255
4.44866, 88.0477, -866.241
5.63431, -228.401, -568.343
5.19331, 418.595, 318.107
4.35955, 631.87, -439.409
2.54674, -379.413, 372.026
6.3794, 41.9092, -792.357
2.85317, -889.413, -558.658
3.98511, 447.497, -679.454
4.78581, -43.6041, -899.309
3.25156, -106.832, 39.9388
5.97819, 667.372, -428.147
4.15587, 362.748, 155.807
5.21197, 973.726, -884.998
2.64678, 712.453, -996.567
5.38086, -20.6999, -244.804
5.18133, 358.737, 477.875
7.36678, -755.016, -928.771
5.57063, -297.368, -623.399
5.26431, -748.098, 215.192
6.69051, -286.021, 908.02
3.75764, -482.025, 948.366
6.98957, 626.687, -151.056
5.97428, 521.144, -510.743
5.82752, -472.764, -96.2871
3.06838, -580.861, -766.894
3.37987, -987.76, 93.9613
2.91253, -136.182, 198.673
6.68103, -249.348, 374.787
2.64818, 946.578, -752.874
6.34719, -11.3901, -839.431
4.29829, -499.728, 868.029
6.24626, -0.052126, 538.184
6.28385, 363.318, 343.776
3.60834, -538.842, -927.208
5.58305, 305.242, 125.233
3.66846, -550.385, -257.013
6.22052, -668.16, 305.991
5.80997, -904.769, -680.523
4.9209, 898.39, -750.058
2.58972, 828.05, 242.046
4.98291, 443.771, 187.197
5.09587, -116.664, -892.536
4.71395, -869.396, 543.651
4.14528, -64.4795, 954.288
3.52671, 486.526, -108.128
7.19863, -254.906, -657.176
2.85168, -490.473, 929.637
3.30042, 52.6621, -752.237
6.70788, -789.882, 34.835
4.13614, -152.314, -262.992
6.85942, 153.611, 427.096
5.99896, 673.171, 516.484
5.52801, 870.464, -221.858
4.77536, 79.0155, -275.732
2.91543, -519.139, -196.357
3.94883, -55.2358, -156.745
6.51009, -567.274, -790.017
6.81821, 337.97, 55.2215
3.81831, 423.104, -512.48
4.79881, -837.96, -234.379
4.95672, 590.872, -534.12
5.82344, -467.755, -993.483
7.31738, -626.356, -149.671
7.23022, 591.6, -731.955
2.81902, 212.382, -657.656
5.04829, -414.831, -305.176
6.13222, 668.672, 651.742
5.65882, 604.12, -341.104
3.26658, -917.132, -909.308
5.09652, -876.353, 534.275
3.52281, -558.935, 858.251
6.03231, 399.39, -821.997
6.05786, -476.416, -10.7984
3.66304, -598.442, -243.159
6.80594, -61.2396, -128.043
2.67122, -110.94, 954.418
6.26587, -936.702, 47.6002
4.14789, 645.73, 183.067
4.65309, 73.0319, -535.813
7.33455, 974.559, -192.849
4.05803, 735.001, 700.984
5.69762, 995.094, -703.187
5.95386, 863.877, -63.8214
5.36403, 83.0194, 630.784
6.60667, 890.517, -681.597
4.21807, -917.653, -689.068
5.09387, -806.958, -779.896
6.78438, 122.96, -955.131
6.18587, 349.01, 33.899
3.45992, -954.266, 396.809
2.83145, -308.254, 341.96
3.60828, 843.106, -719.155
3.33656, 172.008, -239.703
6.31172, 382.246, -947.166
5.44905, -845.324, 427.346
4.65223, 859.396, 851.027
7.09618, 662.482, 11.9424
5.09668, 447.64, 203.132
7.38058, -677.184, -18.4087
5.15714, -453.491, 148.696
2.98716, 334.1, 397.055
5.83983, 221.43, 97.4897
5.44444, 143.132, -9.92207
5.01137, -697.796, -117.11
2.75808, -936.625, 462.684
2.6753, -358.518, 43.8447
4.41484, -785.634, -509.762
5.55555, 194.286, 103.657
5.06574, 544.396, 871.128
5.98498, 300.287, -26.6344
4.89891, -26.2853, -184.933
3.88323, 68.3969, 420.913
6.01685, -439.783, 211.052
3.67701, 876.484, 60.9385
6.41501, 194.855, -173.051
6.60589, 362.949, 840.452
3.21842, -539.405, 54.8052
5.75757, -497.072, 799.133
3.87677, 871.841, -990.308
7.26215, -442.012, 717.511
4.58238, -754.065, 13.6456
3.03869, -127.012, 404.919
4.70633, -800.241, 532.338
6.28811, -406.169, -310.634
2.77803, -338.485, -322.938
3.51241, -29.407, 146.343
6.82305, 948.599, -771.324
6.52456, -265.213, -16.2558
2.78861, -680.819, -675.555
4.40304, -63.8034, -701.494
4.56124, -151.657, 767.377
2.80071, -383.319, 302.588
7.09746, 795.369, 629.023
3.35398, 540.064, 802.457
6.51634, -936.822, 145.648
3.88599, 723.247, 44.4494
4.44586, 173.709, 738.977
7.19936, 51.3632, 623.788
6.24573, 159.74, -159.982
3.44774, -323.848, 761.543
6.89581, 437.813, 486.236
6.8953, 420.192, -854.208
3.30515, -820.143, -280.971
5.87346, -807.103, -166.406
6.89096, 626.116, 125.243
6.98262, 270.286, 538.578
3.06535, -27.0322, 756.794
5.93789, -234.724, -245.1
3.21651, -846.271, -756.594
3.6901, 417.135, -44.7167
5.64383, 951.697, -218.064
4.312, 817.531, 361.301
4.64437, 588.556, 718.414
4.91936, -1.71477, -852.669
6.20379, -0.703162, -98.6229
3.23098, -399.657, 865.706
7.36238, -838.743, -779.683
7.3158, -523.068, -183.784
3.14741, -603.804, 666.92
5.3784, -321.728, -607.376
4.66439, 171.336, -119.511
5.50066, -235.466, -263.492
5.85098, -702.372, -140.946
4.5137, 396.138, 990.758
6.46691, 639.069, 698.504
4.89889, -980.723, -251.49
5.72449, 293.043, 278.094
4.28836, -245.285, 598.086
5.96794, -331.373, -220.995
5.83428, -416.949, -710.133
3.22071, -370.77, 708.953
7.10415, -988.696, 204.679
4.22228, 33.0481, -236.084
6.66824, -417.964, -471.708
2.74349, 269.258, -751.167
3.27936, -246.378, -83.719
2.55765, 331.937, 511.672
3.94327, 121.816, 589.747
5.07295, -358.638, -168.916
3.65948, 684.067, 438.301
2.75022, -252.962, -69.9277
5.33091, -595.11, -852.216
6.69774, -154.877, 663.163
4.28763, -637.675, -414.114
4.3452, 178.645, 868.248
7.22226, 255.669, -73.8752
4.72425, -899.157, -188.339
6.82086, 496.587, 191.787
5.82654, -790.815, -737.928
5.79297, 162.598, 666.735
7.10736, -962.137, 964.034
5.11536, 935.538, -610.739
5.45229, 439.583, -442.403
5.79944, 669.364, 674.074
4.24765, 286.379, 460.88
4.11714, 328.433, 69.5694
7.08984, -115.184, 738.387
3.08619, 903.507, -446.656
7.31268, 672.804, -168.043
5.17978, 52.134, -334.095
5.81447, 859.702, 636.189
5.48362, 882.956, -513.417
6.93363, -506.055, -747.899
6.67999, -674.009, -607.642
6.69339, 246.489, 204.79
6.85642, -216.847, 343.251
2.5002, -769.028, 336.423
4.77274, 257.524, 352.106
4.25696, -935.873, 147.758
5.80713, -258.319, 710.144
6.22234, -879.757, 152.862
3.3821, -114.836, -441.123
7.4621, 794.49, -816.345
5.95466, -933.975, 187.991
6.97862, 138.727, -25.4398
3.51579, 377.132, -131.004
7.2356, -455.145, -36.5577
4.88476, 906.322, -511.282
6.78578, 922.85, -745.84
6.41237, -985.884, -565.072
5.70687, 919.993, -899.298
3.14521, -725.787, 146.823
5.77944, 3.71657, 649.264
3.09199, 52.9128, 10.1049
3.88793, 337.77, 806.078
6.65548, -217.086, -226.597
6.14153, -753.092, -513.987
6.74348, -597.573, 296.145
3.43989, -788.781, -954.72
6.09602, 559.296, -278.083
4.25586, 161.907, 332.725
3.34555, -415.82, -685.729
4.52383, 342.625, -552.539
4.20924, 158.732, 772.984
6.67141, 399.168, -125.519
3.9111, 698.133, 583.968
5.16766, -660.789, -470.994
6.25085, 997.404, -853.615
4.62554, -671.011, -755.788
4.66964, -572.804, 546.42
3.03022, 858.628, -933.818
6.4639, -35.9478, -467.403
3.91232, -572.191, -484.924
7.14264, -583.691, -238.7
5.37926, 233.279, 527.957
3.4895, 815.727, -287.367
5.99081, 582.109, -771.465
3.07265, 495.927, -963.426
4.22945, 309.208, 789.883
4.15646, -570.129, -235.247
6.42735, 828.729, -964.386
6.65775, 459.959, -213.092
4.21712, -740.764, 755.582
4.2603, -275.593, 884.205
6.38197, 143.837, -838.562
6.58658, -13.3953, 688.396
4.26157, -129.115, 284.5
7.09559, -436.806, -301.672
3.2877, 489.197, 252.327
5.56029, -495.963, 553.138
5.54222, -370.836, 709.12
3.16647, -252.662, -748.111
3.51409, -747.897, -476.301
4.79457, -858.076, 501.051
3.48759, -530.582, 926.499
6.77118, -837.4, 368.001
6.54562, -759.647, -694.836
2.80131, -908.918, 888.342
6.50584, -717.651, 659.366
5.49597, -201.239, -544.997
7.43182, -892.516, 310.358
2.65919, -172.609, 624.937
6.8356, 948.406, -784.185
3.69109, 668.73, 342.242
3.6127, 179.352, 433.832
4.73907, -996.653, -544.082
2.61231, 865.766, -180.035
6.79755, -247.121, 26.8935
4.15902, 218.824, 587.798
5.72195, 307.718, 248.054
7.43521, -947.95, -481.781
5.30162, 284.649, -584.487
4.74553, -758.607, -246.135
5.213, 171.64, -724.052
2.90797, 773.196, -32.7977
3.99606, -798.507, -274.752
6.63964, 825.942, 683.254
6.48936, 626.541, 940.533
5.71048, -102.571, 679.595
4.84105, 631.503, 387.824
7.15326, -196.914, -612.683
5.08798, -243.273, -65.6904
7.42924, 798.524, -544.408
5.94567, -82.9984, -725.959
6.19966, -181.433, -442.056
3.46323, -392.143, -937.434
6.08881, -450.288, 626.348
6.11146, 570.143, -182.715
6.49298, 265.888, 154.112
4.23216, 255.584, -999.396
5.1481, -15.5898, -56.3505
3.19001, 715.849, -362.864
6.73218, -226.153, -201.81
6.32766, -86.2048, -887.675
7.5, 923.83, -415.063
4.24891, 483.23, 998.092
5.50367, -601.977, 593.128
3.50808, -496.605, 85.623
6.2385, 27.5378, 151.272
6.49225, 979.21, 216.044
3.03505, -706.644, 109.55
5.35813, -507.394, 47.5635
2.84683, 357.446, -331.323
4.16036, 752.441, 689.281
5.80945, 488.122, -709.177
5.27726, 170.855, -195.072
7.12415, 229.002, -11.7662
2.69832, -487.204, 227.826
2.62083, -312.993, 241.403
4.61923, 221.224, -657.205
4.36987, 460.747, 136.858
2.93303, -247.212, -268.567
3.05403, -162.582, 167.442
5.31992, 370.291, -349.451
7.37269, 63.6741, 743.712
3.05066, -49.2783, -879.575
5.99352, 99.0303, 984.295
2.79674, -50.0378, -745.47
4.69755, 835.944, -109.755
5.24651, 994.309, 717.003
3.45129, 692.625, -751.408
7.36597, 312.575, 328.662
3.19593, -681.189, -84.5405
5.48978, 945.826, -433.322
7.12812, -874.201, 704.41
3.91116, -66.8331, 898.624
6.8307, -138.394, -79.5465
6.29598, -230.417, -602.698
6.10793, 345.645, 628.341
3.34241, -372.16, 366.831
3.32882, 841.773, 376.047
3.39076, -647.388, -992.31
5.87226, 336.526, -603.86
4.83484, -353.231, 35.0885
6.85219, -812.678, -358.347
5.76023, -704.149, -110.022
5.80464, 764.657, 883.903
2.58037, -659.349, -592.278
4.30596, -781.334, -667.888
3.72747, 927.621, 122.209
6.93086, -939.868, -952.233
5.23701, 826.412, 772.724
6.57209, -25.9149, -654.775
5.24453, 166.275, 873.125
4.16156, 506.665, -56.4785
4.40213, 25.8948, -655.075
2.52389, 934.028, 656.296
6.95226, -90.8613, -397.223
6.16955, -499.249, 687.041
6.04239, -154.057, 678.903
5.1278, 52.6481, -188.23
6.41065, -192.598, -816.893
3.42484, -384.313, -470.423
5.72673, 241.45, 513.205
3.42178, -691.49, -345.323
3.31214, 66.2414, -89.0832
2.65594, -181.886, 851.515
7.42716, 130.129, -665.434
4.04559, -332.838, -719.435
4.11075, -673.953, -291.572
5.51155, 283.013, -240.467
2.89107, -329.788, -924.594
3.93936, -17.7705, 88.0591
5.79307, -122.135, -493.793
7.36348, -996.596, -348.848
7.27758, -363.245, -798.216
7.42745, -669.322, -301.176
7.30478, -916.178, -767.04
3.0073, -559.206, 570.513
3.71505, -123.864, -492.023
6.91151, 98.4695, -434.782
5.28805, 340.928, 703.245
6.7669, 803.968, 515.674
7.49145, -532.151, 519.475
3.99751, -250.122, -477.549
6.33157, 983.565, 490.978
4.81901, 283.353, -142.798
6.8168, -636.239, -795.02
6.99018, 861.92, 6.67554
7.377, 258.274, -417.644
2.77405, 661.305, 87.8332
6.32605, 950.531, -620.691
5.09219, -935.284, 739.746
3.46574, 939.159, -248.971
6.98252, 193.935, -542.866
6.38492, -830.483, 98.9386
2.75968, 416.777, 542.16
7.47331, -856.671, 767.092
5.93659, -0.507663, -460.143
5.94854, 889.268, 496.868
6.57666, -657.538, 823.469
7.05426, -36.2552, -434.394
3.34218, -201.384, 406.319
5.24183, -579.878, 804.967
6.53351, -473.855, -254.404
4.17803, 317.889, -528.415
5.53435, -94.3749, 44.1754
6.59602, -956.382, 334.206
7.3485, 84.3249, -245.789
6.29349, 586.531, 492.578
3.72113, -186.419, -93.529
5.80589, -572.358, 404.536
4.21574, -447.235, -185.919
7.27146, 376.783, -397.057
2.60828, 804.585, 556.349
4.54979, -892.482, 948.441
2.55789, 590.69, -672.084
3.04964, 842.911, 203.933
5.28259, -853.829, 90.0697
4.45466, -36.9984, -233.288
7.20539, 118.21, -182.656
2.55572, 179.273, 398.004
6.22897, -225.191, -434.502
3.84293, 108.656, 131.307
4.27153, -676.98, -765.362
3.45835, -468.45, 616.628
5.14832, 296.297, -171.074
4.39478, -60.067, -854.315
3.16407, -13.4725, -802.298
4.26563, -123.464, -567.458
4.2497, 784.288, 987.567
7.41084, 604.042, -121.45
5.25961, 153.199, -397.314
4.99918, 13.1001, -713.526
3.58531, -834.802, 459.233
4.37311, -229.621, -654.083
6.78251, -669.964, -471.919
6.45578, 786.79, -509.177
3.9204, -498.229, 928.407
5.07645, 437.786, 99.6529
6.79238, -296.202, -26.985
7.07844, -958.881, -175.514
7.48941, 137.248, 918.971
6.53177, 174.651, -198.337
5.22718, -913.017, -183.557
7.3461, 149.409, -739.743
5.31931, -585.574, 362.67
4.03031, -414.293, 661.338
5.41853, 969.771, 955.902
2.91197, 43.6121, -334.212
5.47382, 363.086, 615.992
3.31968, -599.182, -591.694
6.46527, -605.434, -438.286
2.95373, 578.415, 743.584
6.3072, -505.935, -679.98
6.83996, -216.499, 34.1001
6.40105, 193.369, -334.607
6.61399, 908.704, 973.38
6.70974, 372.854, 554.059
4.48328, 536.669, 256.003
6.508, -160.381, 169.942
6.56811, 381.524, -44.4738
5.43493, -410.402, 101.823
4.64621, 797.25, -51.3322
2.5002, -71.8429, -480.14
5.31153, -816.295, 316.143
6.22632, 335.267, 358.017
3.89846, 963.982, 304.776
2.93406, -989.572, 565.528
3.5733, 853.537, -881.586
3.93296, -492.633, 562.466
4.86595, -408.249, 476.301
6.95893, 846.103, 819.946
5.91955, 504.877, -498.728
3.54376, -52.1176, -63.8374
6.67533, 795.512, 12.762
7.09218, 946.072, 917.413
4.48244, -474.235, -702.561
6.37858, 541.253, 542.779
5.68161, -162.625, -91.0315
6.64746, 483.992, 294.137
3.40204, 560.398, -455.794
7.45927, 575.514, -760.109
6.70558, -150.152, -845.473
4.65177, 889.591, 267.06
4.38589, 597.108, 891.878
2.70802, 657.363, -506.4
6.80715, -811.893, -542.725
6.62116, 909.355, -912.878
6.25052, 23.8075, 737.935
3.55801, -165.087, 996.525
4.31029, -782.182, -192.577
4.43545, -592.129, -806.172
7.32918, 798.566, 646.978
6.5872, -166.363, 634.071
4.5755, -82.9369, 449.912
5.83759, 206.699, 185.374
2.52101, 478.173, 974.875
6.98048, -740.094, 251.615
3.68416, -343.344, 355.654
3.79415, 361.435, -97.0573
5.4939, 408.26, -708.921
6.89823, -852.412, 381.861
6.16299, -566.499, -594.025
6.0773, 916.359, 571.231
3.57724, -609.513, 480.957
6.30413, 678.327, -959.057
3.85351, -159.626, -562.694
2.75246, 671.601, 353.49
4.78866, 267.42, 245.629
2.58759, 450.435, -780.912
3.01129, 75.8738, -173.046
2.639, -128.74, 282.282
5.65921, -340.216, -515.059
6.34425, 88.3644, -247.992
2.74132, 525.445, -842.081
6.6924, -59.3064, -630.808
6.76899, -263.294, -323.03
6.57649, -442.924, 573.442
6.85188, 795.766, 406.639
5.27222, -635.988, -174.314
6.12646, -298.013, 61.8051
3.20424, -529.299, 943.826
6.6115, 603.068, -524.644
5.51185, 735.729, -197.954
4.93856, 510.23, -922.634
6.14942, -289.469, 957.104
4.05164, 757.753, -669.897
3.93925, -699.26, 355.14
5.45857, -955.602, 813.349
5.34055, 658.605, 889.109
5.41059, -938.729, -577.409
2.84132, -689.872, 283.29
4.34304, 148.811, -384.875
6.28475, -930.442, -579.783
6.35297, -449.11, -870.063
4.27217, -394.253, -251.605
5.98913, 244.527, 934.458
5.08005, -690.947, -306.741
5.94494, 392.8, 130.946
6.18066, -82.3141, 615.344
2.56231, -344.3, -676.373
7.16549, 610.247, -119.076
5.37826, 134.108, 126.967
3.05587, 456.965, 975.548
4.87388, -110.984, 21.7401
3.24247, 170.447, 90.0844
4.22594, 50.9147, 451.208
7.04476, -934.052, 175.785
4.54571, 15.9212, 515.176
5.96642, -675.041, -73.6112
3.35865, 385.451, -930.734
6.21715, 894.036, -498.689
4.16319, -422.615, 640.216
4.62157, 670.01, 311.111
2.79523, -137.141, -117.169
5.09005, 288.27, -234.024
5.94425, 475.63, -582.209
5.01149, -265.767, 26.5321
6.56617, -168.828, -752.525
3.07974, 81.1281, -941.689
5.24841, 264.135, 465.768
5.06046, 413.586, 21.557
6.02649, 951.347, 441.89
5.65083, -235.638, 892.866
4.0207, -22.5589, -631.355
6.74719, 400.46, 373.634
3.39619, 601.054, -19.504
2.61737, -531.944, -100.345
4.19467, 743.515, 55.3442
3.43818, 349.258, -82.6222
6.60467, -285.693, 193.387
6.72507, -896.236, -153.868
6.78031, 847.563, -722.271
7.37454, -955.511, 639.602
2.99587, 471.854, -448.822
2.56182, 564.353, 658.063
2.58614, 210.889, 594.558
2.64527, 253.612, 94.3988
4.1031, 153.908, -376.299
6.17815, 628.553, 303.228
3.14876, 372.958, 474.133
2.5161, -367.653, 508.43
6.91905, 138.806, -791.782
3.70482, 232.233, -576.367
4.38481, -822.621, 756.492
4.44879, 607.652, 187.309
2.81534, 595.658, 295.728
7.30792, 183.785, 961.786
3.75349, 727.506, -337.455
6.85376, -682.239, -54.6358
2.85991, -920.459, 429.473
2.70653, -628.158, 580.254
3.46378, 365.229, -524.268
3.86708, -311.19, 302.832
7.4007, -954.512, -365.966
3.60607, 324.376, -543.24
6.43119, -876.489, 857.771
4.42306, 302.445, -423
3.78593, 481.288, -637.666
3.91087, -951.325, 67.0284
7.33834, 869.661, -32.5916
4.22841, 770.907, 174.1
3.45922, -986.822, 738.544
5.05037, -548.355, -377.001
5.21857, -559.139, 635.859
5.72333, -633.967, -616.195
3.89738, -10.1408, 787.303
3.41887, -296.465, -721.812
2.71579, -835.447, 386.271
3.98408, -511.711, -278.57
4.25548, -231.703, 141.341
7.09372, -421.433, 733.227
5.81225, 494.482, -358.609
5.08041, 867.829, 587.629
4.03763, 618.125, 589.986
3.0007, -354.156, 155.968
3.47502, 380.624, -881.616
4.11407, 31.745, -133.247
5.56182, 967.748, 86.4551
5.13511, 962.544, -986.036
3.45653, 254.795, 286.411
4.7178, -656.461, -429.617
4.48693, -711.691, 857.516
6.28051, -608.144, 744.889
6.6213, 737.572, 602.65
5.51573, 141.862, -343.677
3.04573, 611.45, -831.467
4.11797, 488.202, -165.495
5.03403, 7.634, 319.375
4.76521, -648.419, 797.052
4.77315, -182.166, -463.917
4.91125, 917.827, 908.762
5.07896, 370.071, -651.603
4.50207, 193.331, 813.212
4.22945, 960.932, 486.248
6.64533, 925.893, -239.377
3.02204, -734.462, -800.846
6.40057, 588.43, 570.933
3.19919, -297.889, -239.791
2.62171, -806.136, -513.353
6.0664, 407.696, -757.926
7.15538, 159.054, -822.379
7.47667, 179.329, 175.28
3.86264, -871.257, 152.856
3.6923, -486.349, -248.398
3.87328, 965.701, 620.852
5.70836, -910.634, -731.755
5.17637, 311.289, 157.531
6.8967, 839.146, -297.784
6.75968, -656.959, -844.808
2.98004, 913.049, -33.2096
4.66818, -753.779, 195.446
3.17045, -206.712, -759.064
5.86802, -156.915, 322.225
5.34964, -53.1903, -484.216
3.66474, -625.792, 560.975
5.50306, 267.266, -691.206
2.6551, -805.62, -28.8289
7.08512, 569.905, -313.379
3.82958, 862.718, -173.987
6.50016, -185.813, -509.095
5.46389, 173.345, -716.631
5.0822, 360.908, 623.165
5.2567, 317.781, 646.473
3.47225, 509.45, -233.098
5.36152, 119.304, -744.418
3.81992, 215.087, 403.516
4.41648, -765.06, 540.194
2.73626, -753.581, -897.645
4.22823, 588.743, -670.902
3.61594, 683.61, -439.704
3.81264, 16.2943, -739.864
3.05141, -430.918, -401.547
7.40088, -706.652, 21.3458
5.93794, 812.576, 644.759
5.82158, -547.814, -382.128
5.99501, -602.565, -673.9
2.68746, -836.756, -778.989
3.6706, -628.475, -745.679
3.95397, 715.447, 694.384
3.50543, -42.5547, -262.672
2.7177, 379.223, 330.537
2.56571, -544.376, 527.156
6.07297, -528.77, 765.717
6.88348, -872.957, -631.815
5.35088, -891.327, 280.047
6.92743, 866.574, 873.776
5.20042, -356.166, -280.604
3.31357, 930.626, -648.812
3.30492, 971.485, 439.885
7.19182, 321.175, 287.981
3.45628, 555.414, -854.676
3.15761, -7.0108, -114.232
4.41122, -318.25, -4.44573
6.12674, 257.431, -267.318
2.50651, 544.766, 871.119
4.60222, 11.2503, 732.143
5.18984, 310.403, -213.942
4.86596, -239.179, 247.844
6.33003, 539.952, 877.648
2.9396, 555.189, -472.442
7.04284, 132.295, 324.497
3.20818, -880.874, -394.56
2.54782, 439.199, -52.6647
2.82267, 246.214, 504.845
4.96742, 382.211, 222.663
5.40914, 535.318, 991.958
4.03373, -950.415, 545.183
4.57091, 923.158, -68.3792
4.33401, -573.612, -690.421
3.42687, 187.673, 670.174
2.76788, 635.019, 159.198
4.47222, 542.701, -65.6495
3.98388, -348.321, -131.76
5.05388, -396.611, 821.634
3.75392, -698.585, 230.801
5.01589, 967.85, 884.237
2.51168, -19.3604, 802.043
7.01807, 999.673, -448.553
2.79181, -905.639, -949.968
5.17506, -691.064, 804.516
3.95754, -387.637, 878.329
7.3023, -816.442, -267.063
4.73406, 319.047, -109.337
5.08479, 896.835, 167.374
5.93861, -256.186, 9.26792
2.72187, -160.7, 76.9571
7.2946, -799.11, 607.538
5.70852, 369.672, 160.323
2.80215, 632.363, -782.568
3.33964, 47.4727, 268.454
5.76491, 487.669, -251.126
6.19864, -769.433, 339.335
3.57011, 862.982, 198.719
4.31441, 158.225, -877.632
6.56981, -648.376, 936.083
5.32057, 807.882, -470.706
7.45886, -39.0404, -902.927
6.5669, -763.807, 398.915
3.49157, -995.877, -23.2573
2.50003, -165.481, -858.686
4.62608, 945.622, -788.216
4.07406, 831.952, 192.421
5.56218, 607.25, -935.248
3.83351, -192.516, -544.761
4.39881, -595.353, -60.6217
5.43397, 972.09, 291.689
5.95636, -141.7, -517.935
7.26736, -460.551, -572.739
4.89785, -292.741, -956.587
3.60319, 374.727, -732.822
5.33741, -726.312, -445.846
6.09873, 435.605, 364.971
4.4953, -481.172, 569.03
3.48326, -690.597, 995.482
6.66971, -687.422, -763.276
5.59561, -446.698, -876.85
7.26866, -296.205, 170.672
3.23222, -14.4387, -282.659
5.38953, 41.7452, -460.851
7.26796, -391.592, 725.898
3.62331, 720.15, -976.02
7.25137, -487.542, 814.377
3.07874, 803.542, -519.006
2.58372, 29.344, -264.816
3.90465, -345.136, -174.526
7.15042, 652.387, 166.093
3.04796, 744.811, 871.826
6.77266, 31.5428, 832.909
5.68532, -727.509, -733.165
5.63853, 409.837, -711.386
3.80589, 733.006, 740.592
5.13936, -951.256, 221.82
7.16608, -265.739, 917.58
3.98055, 924.555, 99.9339
4.78006, 155.187, 459.262
6.35659, -657.06, -625.611
4.17193, 97.0352, 114.179
6.31775, -39.4776, -948.066
6.65892, -29.9516, 944.101
2.64618, -725.344, 568.755
4.31315, 716.209, -268.048
4.16221, 294.282, 460.329
3.17675, -520.387, -307.788
3.00839, -307.283, 623.998
5.11327, -610.676, 817.072
3.52046, 30.6658, -535.691
5.00728, -869.04, -633.136
5.1371, 4.82764, 962.32
4.13422, -270.695, -293.218
4.75888, 225.861, -446.663
6.85263, -7.56789, 989.479
4.72884, 647.182, 865.737
6.03726, -459.296, -922.307
6.83171, 917.34, -699.528
6.5822, 872.939, 222.889
2.67504, 898.307, 837.218
3.8644, -655.545, -235.794
5.21858, -423.257, -431.031
3.19942, -996.011, -538.088
5.57408, -781.846, -936.657
3.29182, -697.709, -606.199
4.41129, 98.6463, 221.453
5.94997, -94.2273, 189.788
3.21128, -388.238, 459.929
5.65284, -785.363, 796.238
3.15973, 200.787, 936.867
7.13583, -743.435, 256.83
5.53465, -940.284, 785.318
5.50388, -922.333, 369.349
3.33635, 613.618, -534.087
3.301, -863.371, -401.777
5.91628, 625.667, -30.4108
5.1456, -717.249, -14.5426
3.65264, -130.611, 814.68
6.55373, -502.486, -58.5687
5.76477, -420.981, -561.671
4.08597, -548.693, -582.686
2.53953, -263.147, -817.258
3.49176, 723.684, 750.041
3.78831, -9.29015, 382.448
3.03825, 894.261, 38.8417
3.49545, 133.684, -437.369
6.75079, 803.754, -772.59
6.63912, -986.179, 220.887
6.76813, -960.733, -550.59
5.71027, 284.803, 780.618
3.6787, 731.717, -992.187
6.80638, -502.606, -811.549
5.4745, 37.2464, -101.413
2.52745, 508.156, -28.5696
6.84925, -667.36, -478.075
7.37729, 651.53, 107.12
5.59653, 380.302, 13.0099
3.85574, -947.255, 379.21
7.46973, -158.236, -636.828
4.60751, -724.671, -531.332
4.20537, -795.502, -615.966
4.80717, 360.626, -138.473
4.44822, 265.095, -378.538
4.613, -51.3848, 515.726
2.84879, 132.38, 286.58
5.5153, -68.458, -134.06
7.36114, -49.6857, 231.78
5.07406, -696.733, -537.16
7.45461, 957.581, -137.857
5.84906, 633.271, -149.093
4.01716, -606.072, 71.1106
3.47371, 876.699, 564.627
4.0109, -709.036, -939.357
4.93946, -334.515, 461.798
4.72438, 529.559, 976.375
5.7844, 319.188, -943.695
3.74227, -781.015, -666.966
4.72007, 55.0844, 556.423
5.75894, -691.722, 55.5975
6.67472, -713.25, 187.997
6.03698, 204.361, 825.032
4.93928, -872.812, -600.917
6.72039, 400.336, -240.085
7.00296, -496.011, -181.907
6.33082, -650.312, -527.876
5.29453, 628.213, 847.803
2.70603, -27.2873, 97.5625
5.46749, 564.877, 65.1371
2.68674, -683.389, 830.948
4.53488, 21.4548, 437.079
2.84243, -977.931, -882.881
7.38558, -779.92, -882.649
2.5956, -518.382, -232.696
6.60363, -162.578, -276.705
5.2195, -370.893, 880.844
5.72828, 793.105, -332.436
3.62934, -260.757, 60.8029
2.733, 827.022, -693.629
3.63154, 215.681, -556.757
4.58371, -633.555, 135.493
6.40126, 266.457, -632.791
3.72852, -922.614, 392.417
4.81411, 662.724, 78.978
6.14756, 929.503, 291.706
5.35237, -330.217, 816.992
5.45997, 927.5, 930.002
4.98425, -946.32, 281.48
3.951, 497.995, 107.648
4.71107, -3.84322, -225.288
2.53669, 855.745, -395.628
7.41683, 506.4, -363.406
2.52822, -811.813, -142.812
4.8676, -94.594, 736.221
5.86497, -309.981, -121.761
