6.27803, -736.483, -996.949
3.5948, 63.7972, -87.7389
5.89648, 358.845, -904.529
5.09708, -234.003, 872.163
2.76731, -931.861, 659.617
2.53849, 338.82, 60.6219
4.58743, -862.282, -232.692
7.15218, 178.209, 374.497
2.95982, 52.6513, 692.151
6.00595, -163.894, 313.854
3.81226, 526.006, 819.14
4.14117, 471.92, -903.32
7.45519, 511.358, 263.403
7.41275, -508.471, -273.604
5.75759, 505.453, 444.404
6.92354, 262.866, -852.759
6.33247, -124.902, -453.599
3.87453, -520.463, -46.8466
4.93259, -671.911, -300.703
2.80282, 819.549, 792.639
5.08146, 8.41568, 806.881
4.96988, 970.847, -362.419
7.23882, -816.705, -468.196
4.42071, -8.45751, -843.228
5.14874, 825.926, -447.166
2.75042, 879.888, -68.2458
6.63909, 540.778, 529.25
5.94228, -964.803, -747.767
6.18112, 258.999, 735.794
6.94286, 993.911, 450.473
4.25508, -384.759, -534.204
6.72991, 182.337, 26.3047
3.84659, 667.675, -164.794
4.83959, 73.544, -171.255
3.2686, -642.641, -421.925
2.66527, 608.003, 142.688
7.2768, -4.49636, 70.7578
6.95369, 109.621, 495.302
3.29884, 681.872, 248.591
3.15214, 429.086, -573.564
2.515, -451.461, -817.086
6.0491, -954.793, -175.9
3.40448, -517.004, 872.995
5.76029, 773.174, -363.358
4.42907, 363.954, -698.849
3.23766, -5.5169, -226.962
5.45054, 686.889, 173.361
3.24076, 115.955, 910.01
3.2091, -181.975, 964.682
4.94257, -494.384, 128.624
3.13015, 914.898, -70.0742
5.64635, -359.951, -598.815
5.60817, 301.627, -744.697
4.88216, -502.167, 604.329
2.64188, -586.98, -231.604
3.21011, -143.696, 802.021
3.15594, -180.111, 892.729
3.31099, -818.171, 764.6
3.76529, -268.772, -855.354
4.77654, 569.811, -732.098
6.54472, -94.9132, -300.404
3.57624, 302.85, 860.949
3.75063, 816.937, 363.132
5.02978, -57.8348, 721.115
6.27922, 634.965, 194.428
5.66369, 903.482, -72.2757
5.9449, 644.026, -124.536
7.27207, 972.083, 406.571
5.18713, -422.323, 706.421
4.57014, -789.404, 31.0457
4.70019, 752.142, 154.474
6.07821, 737.364, 459.038
6.20858, 410.964, 599.664
5.12494, 771.337, -960.639
6.06711, -867.632, -73.8158
5.91025, 334.769, -21.8712
6.82941, 832.505, -599.888
3.19597, 86.5468, 777.628
3.57766, 974.922, -100.134
5.0733, -366.625, -109.693
4.83766, -119.817, 757.829
3.55759, -268.478, 612.459
5.65244, -692.223, 992.445
2.5044, -988.273, 223.259
4.09589, 453.698, 545.496
5.90281, 364.011, -160.196
6.0446, 671.694, -588.316
2.90869, -809.715, 656.108
3.56926, 263.582, 531.925
4.44412, -836.128, -572.077
4.44927, 897.69, 903.468
3.92018, 383.475, -461.27
4.6123, 566.206, 552.465
2.55658, -608.909, -437.126
3.72027, 952.16, -618.496
4.49072, -724.466, 642.664
6.64177, -646.957, 201.659
3.78584, 974.152, -685.802
3.59705, -800.71, -532.941
6.47385, 390.964, 269.067
5.8476, 504.23, 392.047
5.49108, -889.849, 279.209
5.99917, -363.059, -544.194
5.13062, 525.97, -763.201
4.14833, 180.966, 103.821
3.30844, -714.317, 404.355
6.56633, 719.255, -28.7801
4.08004, 478.065, 114.732
4.05369, 55.7574, -730.515
4.65424, 35.7208, 172.808
4.46509, -248.79, -477.385
4.43916, -48.8873, -110.525
4.34871, -840.599, -442.359
5.88118, 343.294, -492.831
6.10384, 454.979, 28.0143
7.20082, -71.9174, 893.077
5.08573, -79.3163, -357.283
5.5282, -195.084, 322.878
5.85049, -696.403, 975.758
5.11404, 82.0948, -310.411
3.87105, -963.961, 653.141
7.08924, 93.5005, 285.5
3.73367, 937.264, -464.731
4.77876, 386.224, 685.656
3.30374, -954.732, 635.91
4.68319, 414.367, 411.467
7.45767, 500.575, 166.969
6.26931, -439.993, 391.12
4.97846, -988.423, -656.485
7.01651, -662.866, -839.869
4.68213, 492.897, 563.748
5.09239, 168.914, -984.672
4.44866, 88.1387, -863.713
5.63431, -225.871, -568.169
5.19331, 416.733, 318.116
4.35955, 632.15, -438.849
2.54674, -369.667, 365.257
6.3794, 41.4422, -790.32
2.85317, -888.153, -559.842
3.98511, 446.188, -679.547
4.78581, -42.9162, -896.047
3.25156, -95.4681, 41.5313
5.97819, 668.07, -429.752
4.15587, 370.69, 159.924
5.21197, 972.039, -882.818
2.64678, 715.892, -991.115
5.38086, -21.2672, -240.335
5.18133, 364.577, 475.374
7.36678, -756.415, -926.582
5.57063, -297.654, -621.282
5.26431, -746.666, 213.47
6.69051, -279.749, 906.686
3.75764, -484.59, 942.216
6.98957, 629.288, -146.236
5.97428, 516.568, -506.659
5.82752, -472.94, -95.829
3.06838, -580.204, -768.587
3.37987, -984.304, 94.4508
2.91253, -136.171, 196.741
6.68103, -248.002, 372.987
2.64818, 941.842, -759.44
6.34719, -2.90688, -849.529
4.29829, -501.524, 866.772
6.24626, 1.57647, 536.238
6.28385, 362.883, 342.386
3.60834, -538.231, -924.826
5.58305, 305.138, 126.54
3.66846, -549.923, -254.747
6.22052, -668.848, 304.634
5.80997, -909.313, -684.146
4.9209, 901.91, -747.931
2.58972, 828.063, 240.118
4.98291, 445.71, 194.723
5.09587, -113.617, -889.362
4.71395, -874.43, 532.629
4.14528, -62.8447, 951.266
3.52671, 485.628, -107.605
7.19863, -252.415, -654.382
2.85168, -499.606, 927.175
3.30042, 52.0959, -749.28
6.70788, -788.205, 33.2699
4.13614, -158.429, -270.575
6.85942, 156.27, 427.307
5.99896, 672.107, 516.161
5.52801, 869.649, -220.954
4.77536, 79.3099, -271.115
2.91543, -520.556, -181.544
3.94883, -55.1317, -152.15
6.51009, -569.35, -788.126
6.81821, 335.427, 56.947
3.81831, 422.071, -511.633
4.79881, -836.784, -235.267
4.95672, 604.585, -526.715
5.82344, -467.469, -990.952
7.31738, -626.644, -152.11
7.23022, 586.672, -733.568
2.81902, 223.982, -656.229
5.04829, -407.539, -309.151
6.13222, 668.44, 655.127
5.65882, 602.079, -339.912
3.26658, -916.005, -908.89
5.09652, -868.169, 541.268
3.52281, -557.497, 856.206
6.03231, 399.765, -821.286
6.05786, -475.254, -13.4177
3.66304, -582.21, -236.854
6.80594, -65.1681, -133.773
2.67122, -110.023, 951.936
6.26587, -935.938, 50.1198
4.14789, 643.841, 177.029
4.65309, 71.9849, -534.493
7.33455, 970.702, -193.368
4.05803, 733.797, 697.616
5.69762, 990.701, -701.791
5.95386, 866.103, -62.5685
5.36403, 80.8301, 629.508
6.60667, 891.289, -682.883
4.21807, -905.775, -681.888
5.09387, -808.623, -777.121
6.78438, 122.651, -952.673
6.18587, 347.175, 37.7079
3.45992, -948.24, 391.66
2.83145, -308.176, 341.029
3.60828, 843.979, -718.383
3.33656, 171.015, -236.796
6.31172, 382.178, -938.988
5.44905, -844.132, 425.451
4.65223, 859.512, 852.164
7.09618, 661.23, 12.0736
5.09668, 445.554, 194.075
7.38058, -678.141, -20.182
5.15714, -453.182, 147.665
2.98716, 334.154, 394.43
5.83983, 219.489, 98.2112
5.44444, 140.358, -21.5509
5.01137, -702.338, -109.983
2.75808, -934.021, 460.865
2.6753, -349.87, 31.8604
4.41484, -785.702, -511.825
5.55555, 191.301, 103.557
5.06574, 542.751, 873.229
5.98498, 301.677, -26.4828
4.89891, -25.595, -185.288
3.88323, 68.3576, 421.473
6.01685, -439.409, 209.997
3.67701, 875.481, 59.1821
6.41501, 190.481, -174.85
6.60589, 361.542, 838.24
3.21842, -537.043, 53.9183
5.75757, -491.847, 805.727
3.87677, 870.526, -987.76
7.26215, -435.85, 716.66
4.58238, -752.616, 13.8918
3.03869, -126.797, 403.91
4.70633, -799.051, 531.859
6.28811, -417.009, -303.691
2.77803, -338.561, -321.121
3.51241, -28.5151, 145.38
6.82305, 944.771, -783.104
6.52456, -265.396, -13.5657
2.78861, -679.895, -673.993
4.40304, -64.099, -701.423
4.56124, -148.375, 765.983
2.80071, -382.215, 302.532
7.09746, 801.136, 641.87
3.35398, 538.792, 803.445
6.51634, -934.525, 149.056
3.88599, 723.526, 45.3729
4.44586, 173.118, 738.53
7.19936, 52.3813, 623.665
6.24573, 160.46, -162.557
3.44774, -324.591, 760.48
6.89581, 436.749, 485.528
6.8953, 418.705, -851.918
3.30515, -811.029, -265.151
5.87346, -805.417, -166.318
6.89096, 627.083, 126.061
6.98262, 262.941, 530.917
3.06535, -25.903, 755.46
5.93789, -233.784, -248.953
3.21651, -842.326, -760.253
3.6901, 415.434, -44.6523
5.64383, 948.886, -218.027
4.312, 817.292, 360.727
4.64437, 588.507, 717.921
4.91936, -8.04027, -842.628
6.20379, -2.0509, -103.82
3.23098, -394.956, 866.751
7.36238, -836.485, -776.052
7.3158, -517.628, -191.045
3.14741, -602.271, 665.743
5.3784, -320.247, -607.022
4.66439, 170.786, -121.525
5.50066, -240.679, -261.005
5.85098, -700.152, -136.072
4.5137, 396.37, 988.948
6.46691, 639.686, 696.273
4.89889, -978.116, -251.002
5.72449, 295.397, 277.192
4.28836, -245.904, 598.8
5.96794, -330.803, -220.835
5.83428, -416.973, -706.976
3.22071, -375.082, 710.41
7.10415, -983.374, 216.478
4.22228, 32.405, -235.889
6.66824, -416.444, -470.66
2.74349, 270.112, -748.971
3.27936, -247.69, -71.2831
2.55765, 331.536, 510.014
3.94327, 121.295, 589.156
5.07295, -349.679, -171.953
3.65948, 683.213, 437.924
2.75022, -240.795, -67.2451
5.33091, -595.458, -848.706
6.69774, -153.534, 671.959
4.28763, -644.865, -425.393
4.3452, 167.104, 871.16
7.22226, 256.02, -73.5615
4.72425, -908.241, -183.028
6.82086, 495.156, 188.737
5.82654, -789.693, -736.861
5.79297, 163.873, 665.899
7.10736, -960.815, 962.704
5.11536, 941.24, -615.575
5.45229, 439.323, -442.185
5.79944, 668.573, 669.809
4.24765, 291.552, 460.488
4.11714, 337.541, 57.5292
7.08984, -111.536, 738.862
3.08619, 903.636, -446.242
7.31268, 676.137, -171.211
5.17978, 46.6969, -332.138
5.81447, 856.375, 635.122
5.48362, 890.58, -506.205
6.93363, -506.153, -746.475
6.67999, -670.448, -607.552
6.69339, 246.659, 203.898
6.85642, -214.986, 341.309
2.5002, -768.861, 334.815
4.77274, 258.251, 351.051
4.25696, -932.877, 152.739
5.80713, -258.041, 709.262
6.22234, -873.176, 152.812
3.3821, -119.174, -446.753
7.4621, 794.498, -814.083
5.95466, -932.857, 173.411
6.97862, 141.811, -16.2898
3.51579, 374.32, -131.711
7.2356, -456.511, -36.4406
4.88476, 893.219, -504.686
6.78578, 921.732, -746.654
6.41237, -981.673, -560.085
5.70687, 912.823, -905.622
3.14521, -724.716, 147.803
5.77944, 4.09552, 649.72
3.09199, 53.0897, 9.55113
3.88793, 336.123, 804.612
6.65548, -220.2, -227.05
6.14153, -752.27, -513.554
6.74348, -597.837, 295.903
3.43989, -784.44, -947.04
6.09602, 558.437, -278.866
4.25586, 160.482, 332.544
3.34555, -415.89, -687.559
4.52383, 339.157, -549.454
4.20924, 159.047, 771.385
6.67141, 394.368, -125.577
3.9111, 698.012, 584.105
5.16766, -672.108, -476.964
6.25085, 994.579, -852.899
4.62554, -687.394, -763.072
4.66964, -570.244, 547.147
3.03022, 857.941, -932.628
6.4639, -38.0174, -466.457
3.91232, -573.166, -483.776
7.14264, -579.948, -236.743
5.37926, 241.588, 518.448
3.4895, 817.236, -288.925
5.99081, 574.502, -755.94
3.07265, 495.449, -960.372
4.22945, 306.994, 787.983
4.15646, -586.836, -238.25
6.42735, 828.444, -962.498
6.65775, 459.638, -212.852
4.21712, -740.023, 755.106
4.2603, -274.552, 887.407
6.38197, 146.584, -832.55
6.58658, -12.8044, 688.082
4.26157, -130.136, 284.156
7.09559, -432.048, -301.23
3.2877, 490.927, 253.366
5.56029, -486.655, 565.48
5.54222, -375.067, 710.332
3.16647, -252.065, -746.222
3.51409, -746.143, -477.469
4.79457, -857.09, 501.164
3.48759, -527.716, 927.695
6.77118, -841.638, 375.712
6.54562, -759.625, -693.147
2.80131, -907.184, 886.521
6.50584, -718.214, 655.728
5.49597, -192.974, -543.598
7.43182, -891.202, 308.05
2.65919, -162.461, 639.824
6.8356, 946.654, -770.243
3.69109, 668.909, 348.546
3.6127, 176.406, 431.924
4.73907, -990.437, -544.981
2.61231, 861.537, -173.587
6.79755, -255.835, 20.4995
4.15902, 213.375, 590.834
5.72195, 306.501, 250.044
7.43521, -945.857, -482.668
5.30162, 284.596, -583.872
4.74553, -758.143, -246.226
5.213, 170.563, -717.724
2.90797, 773.1, -32.8139
3.99606, -806.515, -271.798
6.63964, 823.245, 679.745
6.48936, 625.71, 937.787
5.71048, -103.077, 679.741
4.84105, 630.833, 386.65
7.15326, -197.949, -610.562
5.08798, -248.869, -73.2174
7.42924, 798.037, -540.921
5.94567, -81.2832, -723.698
6.19966, -180.969, -446.102
3.46323, -392.471, -935.099
6.08881, -451.594, 624.91
6.11146, 570.026, -181.348
6.49298, 266.387, 153.852
4.23216, 255.358, -997.138
5.1481, -15.7893, -59.0505
3.19001, 715.908, -361.268
6.73218, -225.278, -206.056
6.32766, -84.6025, -885.341
7.5, 923.439, -417.385
4.24891, 483.045, 994.083
5.50367, -601.072, 591.328
3.50808, -496.222, 84.5136
6.2385, 28.4206, 152.4
6.49225, 976.647, 216.224
3.03505, -706.084, 109.313
5.35813, -507.2, 47.3385
2.84683, 358.741, -333.807
4.16036, 748.722, 689.423
5.80945, 486.989, -708.245
5.27726, 170.552, -192.732
7.12415, 228.943, -11.7209
2.69832, -485.998, 226.742
2.62083, -311.767, 240.289
4.61923, 214.556, -656.804
4.36987, 460.821, 136.11
2.93303, -234.155, -256.623
3.05403, -162.804, 166.234
5.31992, 368.62, -348.295
7.37269, 61.7131, 742.428
3.05066, -47.4814, -882.784
5.99352, 99.0472, 981.633
2.79674, -50.3184, -743.096
4.69755, 835.503, -108.448
5.24651, 992.437, 716.172
3.45129, 691.543, -750.39
7.36597, 313.835, 327.418
3.19593, -676.16, -69.1785
5.48978, 941.406, -432.709
7.12812, -873.08, 704.163
3.91116, -77.928, 888.385
6.8307, -140.377, -81.6179
6.29598, -228.168, -600.941
6.10793, 357.034, 621.693
3.34241, -377.19, 370.532
3.32882, 837.458, 374.394
3.39076, -647.395, -990.047
5.87226, 335.601, -602.396
4.83484, -355.134, 40.3586
6.85219, -811.206, -358.172
5.76023, -695.985, -118.021
5.80464, 762.705, 881.329
2.58037, -661.496, -597.459
4.30596, -778.786, -666.31
3.72747, 925.188, 119.589
6.93086, -937.676, -950.324
5.23701, 824.942, 773.708
6.57209, -26.377, -651.444
5.24453, 175.32, 867.764
4.16156, 506.345, -55.8002
4.40213, 24.5178, -654.76
2.52389, 932.033, 654.867
6.95226, -90.5697, -397.323
6.16955, -497.608, 686.035
6.04239, -153.777, 665.708
5.1278, 54.8196, -187.196
6.41065, -191.448, -815.208
3.42484, -385.652, -470.458
5.72673, 244.614, 512.827
3.42178, -689.55, -343.176
3.31214, 63.9194, -88.2116
2.65594, -181.935, 850.506
7.42716, 130.37, -665.649
4.04559, -331.875, -717.444
4.11075, -670.704, -295.365
5.51155, 287.675, -232.88
2.89107, -329.513, -922.883
3.93936, -20.0991, 90.0629
5.79307, -123.557, -493.183
7.36348, -993.397, -349.067
7.27758, -363.174, -796.38
7.42745, -670.421, -288.636
7.30478, -913.966, -763.79
3.0073, -558.678, 568.367
3.71505, -125.816, -490.824
6.91151, 99.0199, -433.444
5.28805, 340.58, 700.957
6.7669, 802.928, 515.988
7.49145, -536.107, 523.944
3.99751, -258.009, -482.062
6.33157, 978.885, 488.066
4.81901, 284.321, -143.563
6.8168, -636.268, -793.194
6.99018, 860.655, 4.98931
7.377, 257.931, -416.631
2.77405, 660.539, 79.8925
6.32605, 948.6, -617.404
5.09219, -933.7, 739.373
3.46574, 928.223, -239.765
6.98252, 195.696, -543.259
6.38492, -831.913, 98.0987
2.75968, 415.939, 541.318
7.47331, -854.254, 765.545
5.93659, -2.8451, -459.183
5.94854, 888.142, 496.77
6.57666, -657.266, 820.113
7.05426, -36.6721, -436.562
3.34218, -201.384, 404.287
5.24183, -580.195, 804.084
6.53351, -483.388, -251.968
4.17803, 321.211, -532.89
5.53435, -102.729, 38.2577
6.59602, -952.724, 334.068
7.3485, 83.7365, -246.66
6.29349, 584.783, 493.049
3.72113, -182.815, -92.9026
5.80589, -572.192, 403.533
4.21574, -448.155, -186.685
7.27146, 376.008, -396.306
2.60828, 803.642, 555.754
4.54979, -891.896, 946.78
2.55789, 588.775, -671.948
3.04964, 841.096, 199.985
5.28259, -849.574, 91.8103
4.45466, -30.0942, -235.825
7.20539, 117.901, -182.701
2.55572, 179.305, 395.492
6.22897, -223.328, -435.673
3.84293, 110.112, 128.008
4.27153, -675.976, -761.549
3.45835, -464.582, 617.255
5.14832, 295.816, -169.867
4.39478, -58.3107, -855.392
3.16407, -12.6936, -802.824
4.26563, -125.404, -565.256
4.2497, 783.848, 985.685
7.41084, 609.634, -122.138
5.25961, 150.465, -381.621
4.99918, 13.5668, -714.231
3.58531, -834.626, 457.109
4.37311, -232.341, -651.461
6.78251, -664.094, -469.936
6.45578, 789.673, -510.866
3.9204, -491.503, 929.032
5.07645, 437.404, 100.744
6.79238, -293.605, -24.9937
7.07844, -944.175, -172.584
7.48941, 136.46, 916.471
6.53177, 174.014, -195.669
5.22718, -902.185, -185.126
7.3461, 149.892, -737.148
5.31931, -585.209, 362.636
4.03031, -415.962, 660.022
5.41853, 966.645, 953.057
2.91197, 55.7343, -331.881
5.47382, 351.92, 623.562
3.31968, -598.627, -591.66
6.46527, -609.323, -436.995
2.95373, 579.059, 740.603
6.3072, -505.379, -679.765
6.83996, -220.197, 32.3834
6.40105, 191.827, -334.439
6.61399, 908.596, 970.053
6.70974, 372.538, 553.278
4.48328, 531.38, 256.321
6.508, -159.184, 170.342
6.56811, 380.671, -44.1053
5.43493, -409.864, 101.216
4.64621, 796, -50.1526
2.5002, -67.3782, -479.099
5.31153, -815.316, 316.701
6.22632, 336.161, 355.093
3.89846, 966.614, 294.634
2.93406, -986.849, 565.053
3.5733, 853.462, -880.746
3.93296, -492.727, 556.305
4.86595, -406.672, 475.239
6.95893, 845.285, 819.875
5.91955, 508.44, -500.861
3.54376, -50.4779, -66.021
6.67533, 794.235, 11.9901
7.09218, 939.83, 917.72
4.48244, -474.914, -701.198
6.37858, 541.818, 536.107
5.68161, -161.314, -90.5087
6.64746, 483.481, 291.797
3.40204, 558.386, -458.981
7.45927, 580.003, -765.695
6.70558, -151.136, -844.91
4.65177, 888.347, 266.02
4.38589, 596.722, 889.878
2.70802, 655.415, -505.694
6.80715, -806.718, -538.995
6.62116, 913.542, -904.588
6.25052, 15.0496, 732.853
3.55801, -165.2, 993.366
4.31029, -781.831, -192.226
4.43545, -591.28, -802.941
7.32918, 804.549, 638.474
6.5872, -168.266, 631.114
4.5755, -82.3081, 449.292
5.83759, 205.709, 183.764
2.52101, 477.225, 975.579
6.98048, -740.754, 252.674
3.68416, -343.473, 355.212
3.79415, 359.014, -95.8034
5.4939, 406.484, -707.459
6.89823, -842.12, 377.252
6.16299, -565.256, -591.853
6.0773, 913.362, 570.646
3.57724, -608.304, 481.069
6.30413, 678.645, -957.957
3.85351, -160.615, -560.242
2.75246, 667.057, 340.777
4.78866, 268.983, 245.692
2.58759, 448.994, -778.978
3.01129, 75.026, -175.695
2.639, -129.949, 283.29
5.65921, -340.937, -515.73
6.34425, 86.1223, -247.897
2.74132, 525.626, -840.507
6.6924, -57.8302, -630.652
6.76899, -263.045, -320.213
6.57649, -445.049, 574.129
6.85188, 795.015, 405.569
5.27222, -633.767, -171.713
6.12646, -295.834, 59.3971
3.20424, -527.24, 936.623
6.6115, 600.035, -530.935
5.51185, 733.677, -197.322
4.93856, 508.869, -920.659
6.14942, -288.371, 952.894
4.05164, 757.577, -669.182
3.93925, -699.374, 353.961
5.45857, -952.994, 810.55
5.34055, 656.102, 885.515
5.41059, -928.537, -578.485
2.84132, -689.383, 283.193
4.34304, 152.004, -384.103
6.28475, -936.872, -575.948
6.35297, -447.607, -873.324
4.27217, -394.046, -252.453
5.98913, 242.891, 932.415
5.08005, -681.667, -302.445
5.94494, 391.26, 132.035
6.18066, -82.1338, 615.781
2.56231, -343.483, -675.028
7.16549, 607.809, -122.645
5.37826, 133.506, 126.409
3.05587, 459.595, 974.568
4.87388, -108.651, 25.9443
3.24247, 174.63, 95.5229
4.22594, 50.9798, 449.635
7.04476, -932.882, 184.752
4.54571, 15.2646, 516.663
5.96642, -679.477, -77.1395
3.35865, 382.317, -936.829
6.21715, 893.477, -507.576
4.16319, -423.942, 641.645
4.62157, 667.528, 311.542
2.79523, -137.304, -114.886
5.09005, 282.404, -239.257
5.94425, 474.46, -581.358
5.01149, -253.535, 19.8308
6.56617, -169.155, -751.316
3.07974, 81.8596, -939.297
5.24841, 267.42, 465.433
5.06046, 411.35, 21.2945
6.02649, 953.983, 441.598
5.65083, -237.212, 889.188
4.0207, -24.5317, -634.627
6.74719, 400.068, 371.787
3.39619, 602.559, -20.5691
2.61737, -530.5, -100.261
4.19467, 739.81, 53.836
3.43818, 351.014, -85.4327
6.60467, -286.559, 189.397
6.72507, -895.614, -156.944
6.78031, 847.267, -720.68
7.37454, -954.422, 641.871
2.99587, 469.948, -448.359
2.56182, 564.492, 656.799
2.58614, 220.546, 584.591
2.64527, 252.104, 95.1752
4.1031, 151.503, -391.955
6.17815, 627.589, 302.542
3.14876, 361.039, 476.301
2.5161, -368.07, 507.275
6.91905, 139.142, -790.876
3.70482, 231.332, -574.422
4.38481, -820.873, 760.555
4.44879, 610.467, 185.981
2.81534, 595.955, 295.026
7.30792, 183.693, 958.107
3.75349, 726.731, -338.303
6.85376, -680.118, -59.3724
2.85991, -918.702, 427.119
2.70653, -624.413, 577.347
3.46378, 362.673, -523.596
3.86708, -310.476, 302.863
7.4007, -953.134, -365.58
3.60607, 324.808, -538.733
6.43119, -875.773, 856.324
4.42306, 300.979, -422.182
3.78593, 480.037, -637.003
3.91087, -947.342, 65.5538
7.33834, 868.376, -34.3033
4.22841, 768.206, 172.36
3.45922, -984.043, 737.786
5.05037, -548.188, -376.588
5.21857, -557.942, 634.486
5.72333, -637.793, -615.578
3.89738, -10.3086, 788.286
3.41887, -296.591, -719.813
2.71579, -845.18, 374.772
3.98408, -502.435, -264.26
4.25548, -231.532, 140.729
7.09372, -421.352, 727.204
5.81225, 506.516, -363.061
5.08041, 866.786, 586.047
4.03763, 616.105, 588.169
3.0007, -352.9, 155.244
3.47502, 380, -880.915
4.11407, 31.4566, -131.948
5.56182, 964.503, 86.6776
5.13511, 961.119, -984.225
3.45653, 257.222, 284.999
4.7178, -647.005, -427.474
4.48693, -709.639, 854.965
6.28051, -607.094, 744.808
6.6213, 736.856, 602.619
5.51573, 142.014, -344.514
3.04573, 610.038, -829.17
4.11797, 487.135, -165.394
5.03403, 8.36885, 318.672
4.76521, -648.235, 798.973
4.77315, -181.067, -460.558
4.91125, 918.078, 910.621
5.07896, 369.465, -651.276
4.50207, 199.904, 819.957
4.22945, 963.066, 484.782
6.64533, 929.918, -241.012
3.02204, -732.715, -798.537
6.40057, 586.332, 568.601
3.19919, -297.607, -239.428
2.62171, -800.334, -516.542
6.0664, 406.996, -755.073
7.15538, 154.503, -822.563
7.47667, 181.901, 174.716
3.86264, -881.888, 152.915
3.6923, -475.64, -255.423
3.87328, 963.123, 620.072
5.70836, -908.894, -731.005
5.17637, 310.656, 155.766
6.8967, 835.966, -296.952
6.75968, -666.172, -838.891
2.98004, 909.027, -36.0069
4.66818, -750.167, 199.949
3.17045, -205.391, -757.488
5.86802, -162.826, 314.648
5.34964, -53.4967, -479.5
3.66474, -623.611, 563.604
5.50306, 266.606, -689.601
2.6551, -803.407, -28.1268
7.08512, 568.78, -312.162
3.82958, 864.018, -178.636
6.50016, -184.706, -509.56
5.46389, 168.784, -723.647
5.0822, 356.824, 618.731
5.2567, 319.902, 643.842
3.47225, 506.666, -233.648
5.36152, 121.923, -743.228
3.81992, 213.647, 402.668
4.41648, -765.403, 539.687
2.73626, -754.993, -897.558
4.22823, 587.939, -671.426
3.61594, 677.938, -436.254
3.81264, 17.133, -737.045
3.05141, -430.035, -402.469
7.40088, -705.792, 19.9837
5.93794, 795.466, 639.221
5.82158, -547.687, -381.221
5.99501, -601.808, -673.021
2.68746, -833.469, -775.023
3.6706, -629.088, -745.76
3.95397, 718.07, 693.921
3.50543, -38.9367, -259.177
2.7177, 375.107, 333.176
2.56571, -530.068, 520.167
6.07297, -527.428, 765.531
6.88348, -872.185, -629.232
5.35088, -887.18, 270.568
6.92743, 865.829, 870.272
5.20042, -356.585, -280.001
3.31357, 929.917, -647.491
3.30492, 966.983, 440.409
7.19182, 318.888, 287.348
3.45628, 554.064, -852.392
3.15761, -3.50278, -106.432
4.41122, -314.617, -5.48421
6.12674, 257.913, -264.947
2.50651, 540.536, 873.622
4.60222, 23.2018, 736.575
5.18984, 307.574, -214.078
4.86596, -238.72, 247.234
6.33003, 543.504, 871.556
2.9396, 555.03, -469.168
7.04284, 133.998, 323.753
3.20818, -875.905, -395.904
2.54782, 435.603, -51.5758
2.82267, 238.815, 523.566
4.96742, 381.782, 222.448
5.40914, 531.611, 982.547
4.03373, -948.506, 544.796
4.57091, 915.31, -69.6136
4.33401, -574.755, -688.719
3.42687, 184.609, 668.725
2.76788, 640.6, 163.187
4.47222, 541.183, -65.4205
3.98388, -347.899, -132.112
5.05388, -396.236, 820.663
3.75392, -700.209, 230.221
5.01589, 964.427, 885.257
2.51168, -14.8601, 796.289
7.01807, 996.416, -448.127
2.79181, -906.182, -947.972
5.17506, -687.93, 805.08
3.95754, -383.09, 874.747
7.3023, -813.324, -273.54
4.73406, 319.926, -109.194
5.08479, 894.491, 167.782
5.93861, -255.87, 18.4829
2.72187, -160.615, 75.8989
7.2946, -798.018, 606.762
5.70852, 363.768, 155.508
2.80215, 629.83, -780.704
3.33964, 48.8299, 268.119
5.76491, 487.598, -249.017
6.19864, -769.471, 339.205
3.57011, 859.609, 201.276
4.31441, 157.131, -873.886
6.56981, -648.071, 934.575
5.32057, 807.796, -470.582
7.45886, -41.2821, -897.083
6.5669, -763.634, 397.231
3.49157, -993.607, -22.9776
2.50003, -160.457, -852.593
4.62608, 942.971, -776.491
4.07406, 835.284, 196.001
5.56218, 606.815, -933.537
3.83351, -202.173, -544.131
4.39881, -595.017, -61.3126
5.43397, 964.616, 297.936
5.95636, -141.482, -514.818
7.26736, -459.002, -571.656
4.89785, -292.891, -954.253
3.60319, 376.28, -730.048
5.33741, -724.419, -447.392
6.09873, 432.474, 364.071
4.4953, -491.494, 561.287
3.48326, -690.594, 990.244
6.66971, -674.131, -758.191
5.59561, -448.824, -869.784
7.26866, -294.093, 172.951
3.23222, -14.3527, -279.166
5.38953, 40.3754, -459.79
7.26796, -392.466, 722.136
3.62331, 720.642, -978.356
7.25137, -491.459, 806.428
3.07874, 797.59, -517.871
2.58372, 29.7259, -261.7
3.90465, -354.856, -169.771
7.15042, 646.024, 168.763
3.04796, 747.075, 872.05
6.77266, 30.0879, 829.55
5.68532, -726.287, -732.092
5.63853, 409.187, -711.685
3.80589, 725.887, 744.451
5.13936, -950.94, 219.508
7.16608, -269.318, 912.172
3.98055, 923.123, 101.766
4.78006, 156.019, 455.774
6.35659, -656.485, -620.252
4.17193, 100.322, 116.716
6.31775, -39.5616, -943.263
6.65892, -30.1002, 942.958
2.64618, -725.141, 568.239
4.31315, 715.222, -267.545
4.16221, 283.48, 461.25
3.17675, -518.898, -303.971
3.00839, -306.548, 623.612
5.11327, -609.841, 814.882
3.52046, 30.6536, -534.157
5.00728, -866.892, -630.987
5.1371, 2.45645, 961.664
4.13422, -268.755, -292.919
4.75888, 226.23, -444.866
6.85263, -7.38508, 984.784
4.72884, 645.372, 865.216
6.03726, -458.827, -919.169
6.83171, 914.775, -699.19
6.5822, 870.005, 220.819
2.67504, 895.21, 837.806
3.8644, -653.772, -236.578
5.21858, -422.693, -430.803
3.19942, -990.103, -544.834
5.57408, -778.671, -935.948
3.29182, -691.749, -605.457
4.41129, 99.1082, 221.095
5.94997, -94.3736, 189.458
3.21128, -389.313, 461.024
5.65284, -785.004, 794.091
3.15973, 199.105, 936.238
7.13583, -740.644, 252.377
5.53465, -939.197, 784.78
5.50388, -922.061, 371.067
3.33635, 594.61, -527.383
3.301, -863.668, -401.174
5.91628, 623.636, -29.7293
5.1456, -714.351, -13.7704
3.65264, -132.426, 810.633
6.55373, -502.314, -58.1548
5.76477, -420.347, -560.655
4.08597, -553.02, -584.62
2.53953, -262.471, -815.723
3.49176, 730.186, 739.898
3.78831, -8.42281, 381.966
3.03825, 890.83, 38.6664
3.49545, 132.217, -434.853
6.75079, 803.754, -771.894
6.63912, -984.64, 210.676
6.76813, -960.32, -552.602
5.71027, 285.897, 779.552
3.6787, 727.321, -987.925
6.80638, -502.652, -809.556
5.4745, 36.7728, -102.657
2.52745, 507.071, -30.3279
6.84925, -662.066, -473.255
7.37729, 649.793, 106.383
5.59653, 379.055, 13.7079
3.85574, -942.327, 380.333
7.46973, -159.405, -634.338
4.60751, -723.104, -529.774
4.20537, -794.704, -615.323
4.80717, 363.858, -137.511
4.44822, 264.254, -379.444
4.613, -50.0467, 515.378
2.84879, 131.805, 287.637
5.5153, -57.6225, -127.083
7.36114, -49.7176, 230.75
5.07406, -696.829, -535.499
7.45461, 955.287, -137.651
5.84906, 627.233, -146.749
4.01716, -605.698, 70.5115
3.47371, 874.881, 566.789
4.0109, -710.015, -937.023
4.93946, -334.966, 461.234
4.72438, 531.705, 982.884
5.7844, 319.892, -941.176
3.74227, -779.791, -669.098
4.72007, 54.866, 555.774
5.75894, -691.917, 53.3528
6.67472, -713.942, 188.995
6.03698, 197.986, 817.987
4.93928, -871.081, -602.971
6.72039, 399.745, -238.88
7.00296, -499.696, -184.101
6.33082, -651.15, -526.258
5.29453, 628.937, 848.883
2.70603, -18.8204, 88.889
5.46749, 564.147, 65.6234
2.68674, -680.246, 826.836
4.53488, 23.4417, 437
2.84243, -975.978, -881.879
7.38558, -777.531, -882.462
2.5956, -517.089, -233.776
6.60363, -158.959, -271.072
5.2195, -376.241, 877.237
5.72828, 791.679, -332.591
3.62934, -260.744, 56.0872
2.733, 828.758, -695.319
3.63154, 214.336, -555.747
4.58371, -633.584, 135.166
6.40126, 265.908, -631.73
3.72852, -922.439, 387.679
4.81411, 658.484, 89.1649
6.14756, 928.793, 291.148
5.35237, -330.498, 815.778
5.45997, 928.713, 923.386
4.98425, -943.259, 280.938
3.951, 493.268, 109.646
4.71107, -4.04871, -226.708
2.53669, 854.497, -396.065
7.41683, 495.873, -358.788
2.52822, -809.625, -146.594
4.8676, -100.026, 735.927
5.86497, -310.478, -122.066
