6.27803, -735.69, -991.386
3.5948, 59.9341, -92.333
5.89648, 360.973, -902.124
5.09708, -238.261, 881.821
2.76731, -934.797, 654.76
2.53849, 336.447, 55.8359
4.58743, -854.507, -232.053
7.15218, 178.741, 376.912
2.95982, 50.3832, 691.906
6.00595, -159.688, 319.017
3.81226, 529.383, 815.777
4.14117, 471.522, -900.175
7.45519, 509.19, 259.55
7.41275, -502.8, -265.601
5.75759, 503.155, 442.719
6.92354, 262.135, -849.361
6.33247, -120.277, -450.219
3.87453, -511.588, -51.9066
4.93259, -675.182, -296.951
2.80282, 821.643, 786.236
5.08146, 6.9234, 802.125
4.96988, 966.425, -363.328
7.23882, -813.402, -469.065
4.42071, -10.35, -837.338
5.14874, 822.719, -449.829
2.75042, 869.9, -59.7204
6.63909, 543.363, 540.263
5.94228, -958.435, -745.018
6.18112, 258.854, 734.535
6.94286, 984.306, 449.868
4.25508, -379.102, -535.53
6.72991, 182.571, 25.8625
3.84659, 661.761, -161.535
4.83959, 70.8469, -175.53
3.2686, -650.489, -435.634
2.66527, 614.467, 141.444
7.2768, -8.38573, 75.7848
6.95369, 110.433, 492.967
3.29884, 677.875, 246.547
3.15214, 428.51, -571.881
2.515, -452.626, -815.407
6.0491, -947.027, -176.374
3.40448, -507.988, 866.327
5.76029, 771.755, -360.411
4.42907, 366.478, -698.122
3.23766, -8.23071, -230.72
5.45054, 678.793, 171.546
3.24076, 124.611, 909.067
3.2091, -181.045, 961.239
4.94257, -491.896, 126.504
3.13015, 894.833, -72.3746
5.64635, -357.148, -595.79
5.60817, 299.937, -741.297
4.88216, -498.228, 600.765
2.64188, -568.397, -250.692
3.21011, -134.352, 803.414
3.15594, -181.489, 888.649
3.31099, -824.852, 754.892
3.76529, -267.766, -850.762
4.77654, 581.774, -739.359
6.54472, -94.0573, -299.415
3.57624, 302.057, 856.562
3.75063, 816.628, 364.728
5.02978, -58.4408, 719.985
6.27922, 635.74, 179.815
5.66369, 909.398, -67.7124
5.9449, 631.003, -133.026
7.27207, 968.008, 410.944
5.18713, -425.429, 721.335
4.57014, -783.114, 33.9144
4.70019, 750.737, 156.703
6.07821, 735.248, 458.21
6.20858, 407.112, 596.441
5.12494, 769.989, -958.492
6.06711, -864.035, -74.6535
5.91025, 333.538, -21.4677
6.82941, 831.138, -598.073
3.19597, 83.9984, 773.242
3.57766, 968.004, -101.726
5.0733, -362.998, -113.039
4.83766, -116.501, 746.514
3.55759, -266.012, 610.809
5.65244, -693.86, 979.51
2.5044, -972.037, 201.355
4.09589, 451.92, 543.286
5.90281, 362.873, -150.954
6.0446, 669.615, -586.209
2.90869, -807.545, 653.72
3.56926, 263.029, 528.942
4.44412, -832.992, -570.686
4.44927, 903.26, 902.784
3.92018, 381.911, -460.756
4.6123, 563.428, 549.776
2.55658, -614.147, -435.861
3.72027, 934.301, -614.842
4.49072, -716.945, 653.962
6.64177, -648.296, 201.02
3.78584, 971.661, -688.803
3.59705, -805.71, -538.404
6.47385, 389.027, 268.405
5.8476, 501.235, 391.264
5.49108, -888.981, 284.924
5.99917, -364.688, -540.642
5.13062, 527.664, -759.657
4.14833, 188.264, 103.958
3.30844, -715.091, 401.381
6.56633, 717.081, -27.7436
4.08004, 481.42, 115.305
4.05369, 52.923, -733.724
4.65424, 34.2955, 165.04
4.46509, -248.956, -478.463
4.43916, -51.5552, -121.297
4.34871, -835.314, -444.23
5.88118, 342.829, -494.275
6.10384, 450.887, 28.2706
7.20082, -69.2182, 892.348
5.08573, -79.6461, -358.074
5.5282, -192.775, 323.237
5.85049, -689.855, 987.541
5.11404, 79.6018, -306.981
3.87105, -946.903, 636.788
7.08924, 95.7835, 284.694
3.73367, 931.855, -460.7
4.77876, 382.855, 681.443
3.30374, -955.271, 646.607
4.68319, 412.016, 406.9
7.45767, 494.859, 172.712
6.26931, -438.21, 390.69
4.97846, -982.826, -654.37
7.01651, -654.486, -835.802
4.68213, 492.095, 559.698
5.09239, 167.706, -979.864
4.44866, 88.3119, -858.995
5.63431, -221.12, -567.968
5.19331, 413.237, 318.229
4.35955, 632.81, -437.844
2.54674, -371.832, 367.048
6.3794, 40.5711, -786.53
2.85317, -885.919, -562.007
3.98511, 443.711, -679.755
4.78581, -42.2596, -886.962
3.25156, -97.2331, 37.6205
5.97819, 672.324, -433.941
4.15587, 362.221, 152.507
5.21197, 968.978, -878.696
2.64678, 726.197, -973.698
5.38086, -24.2025, -233.408
5.18133, 366.927, 472.928
7.36678, -759.886, -923.028
5.57063, -298.554, -617.152
5.26431, -744.503, 205.329
6.69051, -265.67, 905.058
3.75764, -493.6, 926.311
6.98957, 624.143, -137.653
5.97428, 505.751, -497.828
5.82752, -473.311, -94.9099
3.06838, -578.515, -773.263
3.37987, -977.904, 95.3732
2.91253, -136.284, 193.04
6.68103, -245.471, 369.655
2.64818, 940.865, -777.189
6.34719, -1.55162, -850.043
4.29829, -507.456, 865.724
6.24626, 5.04738, 532.026
6.28385, 364.537, 338.478
3.60834, -537.089, -920.394
5.58305, 304.969, 129.381
3.66846, -549.374, -250.597
6.22052, -670.224, 302.022
5.80997, -908.595, -685.51
4.9209, 911.329, -744.835
2.58972, 828.256, 236.328
4.98291, 447.415, 200.411
5.09587, -107.612, -883.508
4.71395, -870.06, 530.402
4.14528, -59.5579, 945.656
3.52671, 483.971, -106.633
7.19863, -246.05, -648.795
2.85168, -489.112, 931.637
3.30042, 51.2028, -742.357
6.70788, -785.192, 30.0371
4.13614, -165.189, -277.539
6.85942, 162.626, 428.242
5.99896, 670.125, 515.559
5.52801, 868.155, -219.213
4.77536, 80.3118, -259.551
2.91543, -511.891, -183.527
3.94883, -55.767, -139.96
6.51009, -573.909, -784.269
6.81821, 335.737, 55.9246
3.81831, 420.143, -510.057
4.79881, -834.845, -236.777
4.95672, 612.158, -525.484
5.82344, -466.937, -986.248
7.31738, -627.741, -158.624
7.23022, 572.981, -738.632
2.81902, 214.528, -655.401
5.04829, -421.442, -300.756
6.13222, 667.576, 666.577
5.65882, 598.246, -337.645
3.26658, -913.944, -908.218
5.09652, -865.577, 537.222
3.52281, -554.802, 852.377
6.03231, 400.521, -820.153
6.05786, -472.831, -18.816
3.66304, -566.871, -231.47
6.80594, -53.0487, -128.018
2.67122, -108.298, 947.301
6.26587, -935.581, 56.3431
4.14789, 640.048, 160.827
4.65309, 69.9991, -532.039
7.33455, 963.441, -194.473
4.05803, 730.759, 690.953
5.69762, 982.009, -698.782
5.95386, 873.215, -60.9771
5.36403, 76.2181, 627.087
6.60667, 893.156, -685.694
4.21807, -896.417, -675.987
5.09387, -813.042, -771.654
6.78438, 122.058, -948.099
6.18587, 342.889, 49.5161
3.45992, -930.252, 378.501
2.83145, -308.028, 339.256
3.60828, 849.485, -719.533
3.33656, 169.159, -231.237
6.31172, 380.71, -926.838
5.44905, -841.932, 421.854
4.65223, 861.109, 857.182
7.09618, 658.886, 12.2839
5.09668, 443.736, 185.218
7.38058, -679.966, -23.3195
5.15714, -452.628, 145.731
2.98716, 334.331, 389.456
5.83983, 215.566, 99.4911
5.44444, 139.425, -27.2431
5.01137, -693.078, -121.936
2.75808, -929.178, 457.458
2.6753, -348.09, 33.2523
4.41484, -788.171, -517.518
5.55555, 180.319, 99.4872
5.06574, 544.584, 868.377
5.98498, 304.459, -26.139
4.89891, -24.177, -186.071
3.88323, 68.1553, 422.616
6.01685, -438.721, 208.036
3.67701, 873.711, 55.6667
6.41501, 180.431, -179.462
6.60589, 358.895, 834.122
3.21842, -532.397, 52.239
5.75757, -486.516, 811.265
3.87677, 868.054, -982.992
7.26215, -417.558, 715.175
4.58238, -749.967, 14.3782
3.03869, -126.41, 402.025
4.70633, -796.77, 531.006
6.28811, -423.648, -301.247
2.77803, -338.723, -317.711
3.51241, -26.8252, 143.618
6.82305, 939.738, -768.088
6.52456, -265.794, -8.03547
2.78861, -678.18, -671.06
4.40304, -64.879, -701.676
4.56124, -142.053, 763.149
2.80071, -380.153, 302.447
7.09746, 808.28, 650.56
3.35398, 535.918, 806.125
6.51634, -929.282, 161.052
3.88599, 725.845, 47.9038
4.44586, 171.996, 737.771
7.19936, 54.6638, 623.49
6.24573, 162.535, -168.362
3.44774, -325.994, 758.531
6.89581, 434.77, 484.23
6.8953, 415.883, -847.53
3.30515, -803.949, -271.916
5.87346, -802.428, -165.573
6.89096, 628.754, 127.58
6.98262, 248.515, 519.346
3.06535, -23.7322, 753.009
5.93789, -237.592, -257.637
3.21651, -828.657, -773.983
3.6901, 412.457, -44.595
5.64383, 943.316, -218.329
4.312, 816.89, 363.206
4.64437, 588.277, 717.244
4.91936, -13.9468, -837.503
6.20379, -4.25637, -110.83
3.23098, -380.493, 871.12
7.36238, -833.037, -767.11
7.3158, -507.307, -190.603
3.14741, -599.412, 663.538
5.3784, -317.11, -606.517
4.66439, 169.756, -125.412
5.50066, -231.543, -250.263
5.85098, -695.297, -122.516
4.5137, 396.799, 985.592
6.46691, 640.907, 692.007
4.89889, -973.252, -250.085
5.72449, 300.615, 275.661
4.28836, -247.294, 600.235
5.96794, -329.722, -220.547
5.83428, -416.903, -699.75
3.22071, -386.113, 713.617
7.10415, -978.433, 222.111
4.22228, 31.1784, -235.873
6.66824, -413.47, -468.713
2.74349, 271.867, -744.871
3.27936, -250.108, -60.5153
2.55765, 330.77, 506.903
3.94327, 120.31, 588.051
5.07295, -344.591, -173.118
3.65948, 681.634, 437.234
2.75022, -248.196, -77.6939
5.33091, -596.12, -842.107
6.69774, -151.162, 673.377
4.28763, -645.914, -434.213
4.3452, 164.49, 869.422
7.22226, 256.689, -72.9709
4.72425, -909.836, -177.802
6.82086, 492.882, 180.981
5.82654, -787.718, -734.901
5.79297, 167.157, 664.474
7.10736, -958.356, 960.231
5.11536, 955.651, -621.46
5.45229, 438.933, -441.803
5.79944, 667.553, 656.588
4.24765, 274.823, 463.435
4.11714, 346.108, 40.2459
7.08984, -102.979, 737.106
3.08619, 904.309, -445.261
7.31268, 670.469, -167.968
5.17978, 54.6255, -327.894
5.81447, 850.05, 633.196
5.48362, 903.286, -501.3
6.93363, -506.334, -743.815
6.67999, -659.182, -607.498
6.69339, 247, 202.19
6.85642, -211.156, 337.499
2.5002, -768.947, 334.444
4.77274, 259.64, 349.064
4.25696, -929.177, 160.187
5.80713, -257.513, 707.619
6.22234, -880.204, 153.002
3.3821, -128.616, -460.755
7.4621, 794.555, -809.807
5.95466, -930.2, 167.489
6.97862, 144.273, -11.678
3.51579, 365.405, -138.126
7.2356, -459.409, -35.9113
4.88476, 880.052, -507.858
6.78578, 918.338, -748.55
6.41237, -977.95, -547.76
5.70687, 905.576, -909.138
3.14521, -722.753, 149.719
5.77944, 4.77773, 650.644
3.09199, 53.4311, 8.51151
3.88793, 333.082, 801.897
6.65548, -225.846, -226.967
6.14153, -750.706, -512.755
6.74348, -598.335, 295.445
3.43989, -769.842, -928.341
6.09602, 556.919, -280.513
4.25586, 157.399, 331.864
3.34555, -416.244, -693.34
4.52383, 330.039, -540.928
4.20924, 159.645, 768.347
6.67141, 384.458, -126.233
3.9111, 697.837, 584.388
5.16766, -658.25, -467.697
6.25085, 989.282, -851.661
4.62554, -693.133, -759.265
4.66964, -565.244, 548.846
3.03022, 856.624, -930.439
6.4639, -43.1506, -465.046
3.91232, -575.057, -481.638
7.14264, -588.571, -235.178
5.37926, 254.391, 509.823
3.4895, 822.415, -292.734
5.99081, 574.274, -745.092
3.07265, 494.56, -954.638
4.22945, 302.018, 784.041
4.15646, -581.647, -234.365
6.42735, 827.956, -958.99
6.65775, 459.107, -212.44
4.21712, -738.666, 754.212
4.2603, -272.977, 898.859
6.38197, 152.939, -816.528
6.58658, -11.6448, 687.501
4.26157, -132.54, 285.951
7.09559, -415.615, -302.366
3.2877, 495.615, 255.94
5.56029, -488.756, 566.061
5.54222, -386.302, 713.89
3.16647, -250.953, -742.713
3.51409, -742.865, -479.752
4.79457, -855.344, 501.571
3.48759, -522.254, 932.515
6.77118, -850.11, 383.031
6.54562, -759.796, -689.713
2.80131, -903.938, 883.094
6.50584, -721.161, 645.211
5.49597, -198.533, -542.163
7.43182, -888.787, 303.08
2.65919, -160.483, 643.316
6.8356, 935.907, -763.917
3.69109, 665.699, 346.61
3.6127, 167.923, 428.231
4.73907, -972.454, -553.663
2.61231, 863.077, -180.646
6.79755, -259.007, 9.46675
4.15902, 214.627, 586.76
5.72195, 304.119, 254.425
7.43521, -941.965, -484.375
5.30162, 284.537, -582.722
4.74553, -757.344, -246.375
5.213, 161.64, -726.339
2.90797, 773.121, -32.9024
3.99606, -821.047, -271.175
6.63964, 818.04, 672.816
6.48936, 624.15, 932.636
5.71048, -104.094, 680
4.84105, 629.585, 384.436
7.15326, -200.212, -606.39
5.08798, -243.061, -70.8094
7.42924, 796.755, -533.381
5.94567, -77.8492, -719.275
6.19966, -179.573, -458.139
3.46323, -393.099, -930.753
6.08881, -457.149, 619.754
6.11146, 569.895, -178.733
6.49298, 267.369, 153.349
4.23216, 254.939, -992.943
5.1481, -16.1988, -64.2093
3.19001, 716.201, -358.013
6.73218, -223.852, -216.037
6.32766, -81.376, -881.043
7.5, 923.509, -422.662
4.24891, 482.167, 985.837
5.50367, -599.551, 587.713
3.50808, -495.535, 82.397
6.2385, 30.5118, 155.625
6.49225, 971.869, 216.567
3.03505, -705.041, 108.887
5.35813, -506.964, 46.9852
2.84683, 362.766, -341.124
4.16036, 739.466, 690.311
5.80945, 484.863, -706.515
5.27726, 174.813, -190.787
7.12415, 228.826, -11.6241
2.69832, -483.736, 224.71
2.62083, -309.507, 238.193
4.61923, 221.146, -654.907
4.36987, 461.176, 134.614
2.93303, -233.621, -240.194
3.05403, -158.951, 168.801
5.31992, 364.661, -344.722
7.37269, 57.9049, 740.013
3.05066, -41.28, -895.481
5.99352, 99.0934, 976.673
2.79674, -50.9508, -738.529
4.69755, 834.718, -105.99
5.24651, 988.959, 714.63
3.45129, 689.53, -748.498
7.36597, 316.277, 325.083
3.19593, -682.203, -58.1604
5.48978, 931.938, -430.671
7.12812, -870.987, 703.728
3.91116, -80.942, 882.837
6.8307, -145.218, -85.9131
6.29598, -223.595, -597.672
6.10793, 356.363, 614.997
3.34241, -370.917, 366.365
3.32882, 828.124, 370.629
3.39076, -647.418, -985.839
5.87226, 333.836, -599.651
4.83484, -350.668, 37.0401
6.85219, -808.473, -357.856
5.76023, -697.198, -115.429
5.80464, 757.564, 875.713
2.58037, -666.434, -614.929
4.30596, -775.179, -667.316
3.72747, 920.631, 112.72
6.93086, -933.466, -946.729
5.23701, 822.158, 776.443
6.57209, -27.5224, -641.388
5.24453, 176.502, 863.727
4.16156, 505.789, -54.3711
4.40213, 21.9077, -654.159
2.52389, 928.329, 652.189
6.95226, -90.0048, -397.5
6.16955, -494.523, 684.12
6.04239, -153.387, 656.994
5.1278, 60.0026, -184.523
6.41065, -189.26, -812.095
3.42484, -388.481, -470.446
5.72673, 246.93, 525.532
3.42178, -685.81, -339.068
3.31214, 59.7234, -91.014
2.65594, -182.025, 848.684
7.42716, 130.836, -666.128
4.04559, -330.041, -713.73
4.11075, -670.603, -292.312
5.51155, 281.693, -236.507
2.89107, -328.989, -919.713
3.93936, -18.6265, 88.6541
5.79307, -126.523, -492.159
7.36348, -987.369, -349.513
7.27758, -363.04, -792.967
7.42745, -674.714, -299.567
7.30478, -909.846, -757.525
3.0073, -557.89, 563.788
3.71505, -129.668, -488.999
6.91151, 100.183, -430.888
5.28805, 339.987, 696.656
6.7669, 801.005, 516.611
7.49145, -536.497, 527.886
3.99751, -250.501, -479.254
6.33157, 966.21, 481.504
4.81901, 286.235, -145.261
6.8168, -636.412, -789.754
6.99018, 858.326, 1.78648
7.377, 257.308, -414.691
2.77405, 651.961, 97.0134
6.32605, 936.921, -618.611
5.09219, -930.775, 738.694
3.46574, 919.013, -230.403
6.98252, 199.507, -544.424
6.38492, -838.071, 95.6012
2.75968, 414.351, 539.761
7.47331, -849.463, 762.7
5.93659, -7.53737, -457.352
5.94854, 886.045, 496.59
6.57666, -656.74, 813.06
7.05426, -37.5508, -441.235
3.34218, -201.389, 400.456
5.24183, -580.944, 802.462
6.53351, -491.142, -254.329
4.17803, 332.655, -542.977
5.53435, -107.059, 27.008
6.59602, -945.872, 333.891
7.3485, 83.9402, -249.938
6.29349, 581.501, 494.04
3.72113, -175.077, -91.6449
5.80589, -571.901, 401.626
4.21574, -449.893, -188.17
7.27146, 374.555, -394.9
2.60828, 801.909, 554.604
4.54979, -890.808, 943.696
2.55789, 588.406, -673.672
3.04964, 834.108, 196.086
5.28259, -837.486, 96.222
4.45466, -11.3176, -237.378
7.20539, 117.402, -182.828
2.55572, 179.375, 389.386
6.22897, -219.766, -437.999
3.84293, 108.466, 120.036
4.27153, -671.875, -756.704
3.45835, -452.116, 622.749
5.14832, 294.823, -167.354
4.39478, -55.0102, -857.709
3.16407, -11.2649, -804.026
4.26563, -129.122, -561.084
4.2497, 783.035, 982.186
7.41084, 612.065, -127.71
5.25961, 151.805, -371.717
4.99918, 14.672, -716.177
3.58531, -834.251, 453.039
4.37311, -240.096, -647.152
6.78251, -663.902, -476.54
6.45578, 795.044, -518.489
3.9204, -495.743, 927.797
5.07645, 436.767, 102.83
6.79238, -288.67, -20.7771
7.07844, -936.296, -173.675
7.48941, 134.191, 911.596
6.53177, 169.911, -186.575
5.22718, -895.851, -182.614
7.3461, 151.987, -731.434
5.31931, -584.519, 362.613
4.03031, -419.43, 656.887
5.41853, 960.648, 947.658
2.91197, 46.3648, -328.331
5.47382, 359.666, 615.756
3.31968, -597.535, -591.422
6.46527, -613.588, -436.004
2.95373, 580.466, 734.645
6.3072, -504.275, -679.424
6.83996, -227.74, 28.8722
6.40105, 188.893, -334.185
6.61399, 908.44, 963.74
6.70974, 371.958, 551.848
4.48328, 519.375, 257.412
6.508, -158.88, 168.898
6.56811, 379.134, -43.4393
5.43493, -408.877, 100.091
4.64621, 793.593, -47.8681
2.5002, -51.9055, -472.332
5.31153, -813.484, 317.755
6.22632, 338.05, 349.426
3.89846, 964.294, 288.07
2.93406, -981.779, 564.161
3.5733, 853.37, -879.198
3.93296, -483.596, 569.465
4.86595, -403.316, 472.933
6.95893, 843.825, 819.703
5.91955, 517.422, -506.074
3.54376, -47.277, -70.1389
6.67533, 791.875, 10.5047
7.09218, 921.421, 915.98
4.48244, -476.282, -698.62
6.37858, 541.174, 524.459
5.68161, -157.986, -89.3123
6.64746, 482.682, 287.251
3.40204, 553.065, -468.468
7.45927, 577.901, -757.719
6.70558, -154.925, -845.04
4.65177, 886.013, 264.107
4.38589, 596.08, 886.134
2.70802, 651.754, -504.371
6.80715, -796.802, -527.647
6.62116, 916.057, -896.265
6.25052, 13.1821, 730.158
3.55801, -165.448, 987.44
4.31029, -781.264, -191.492
4.43545, -589.194, -796.433
7.32918, 790.204, 634.046
6.5872, -164.615, 636.158
4.5755, -81.1355, 448.142
5.83759, 202.968, 180.353
2.52101, 475.195, 977.658
6.98048, -738.635, 249.055
3.68416, -343.871, 354.454
3.79415, 352.408, -89.2704
5.4939, 405.988, -709.479
6.89823, -835.725, 369.306
6.16299, -559.068, -586.232
6.0773, 907.684, 569.612
3.57724, -606.057, 481.288
6.30413, 679.282, -955.94
3.85351, -162.646, -555.593
2.75246, 663.259, 335.056
4.78866, 272.109, 246.035
2.58759, 446.295, -775.357
3.01129, 71.9132, -178.574
2.639, -131.663, 281.465
5.65921, -342.468, -517.114
6.34425, 79.9057, -247.877
2.74132, 526.059, -837.61
6.6924, -54.6915, -630.593
6.76899, -262.582, -314.664
6.57649, -449.145, 575.464
6.85188, 793.689, 403.501
5.27222, -628.871, -164.039
6.12646, -291.602, 54.7015
3.20424, -522.567, 920.462
6.6115, 590.978, -525.996
5.51185, 729.884, -196.146
4.93856, 506.298, -916.998
6.14942, -286.268, 944.871
4.05164, 757.25, -667.857
3.93925, -699.609, 351.76
5.45857, -948.002, 805.04
5.34055, 650.953, 878.223
5.41059, -935.813, -572.57
2.84132, -688.327, 283.154
4.34304, 151.115, -391.427
6.28475, -926.766, -575.467
6.35297, -449.365, -866.373
4.27217, -393.719, -254.142
5.98913, 239.811, 928.63
5.08005, -661.94, -290.535
5.94494, 388.165, 134.265
6.18066, -81.8249, 616.629
2.56231, -341.944, -672.534
7.16549, 614.751, -127.409
5.37826, 131.741, 125.215
3.05587, 465.649, 973.22
4.87388, -101.774, 38.6271
3.24247, 194.617, 102.939
4.22594, 50.9923, 446.556
7.04476, -930.916, 179.598
4.54571, 13.4451, 520.289
5.96642, -678.336, -67.9198
3.35865, 378.845, -942.036
6.21715, 884.918, -504.394
4.16319, -425.856, 644.951
4.62157, 662.891, 312.532
2.79523, -137.971, -110.107
5.09005, 287.629, -229.428
5.94425, 472.268, -579.769
5.01149, -253.893, 11.6394
6.56617, -169.821, -749.095
3.07974, 83.2626, -934.87
5.24841, 277.883, 463.218
5.06046, 407.042, 20.8186
6.02649, 962.744, 440.907
5.65083, -238.581, 878.583
4.0207, -28.3053, -646.7
6.74719, 399.502, 368.267
3.39619, 606.335, -22.9239
2.61737, -527.771, -100.049
4.19467, 731.285, 50.2755
3.43818, 356.571, -95.6265
6.60467, -290.322, 177.089
6.72507, -894.999, -163.637
6.78031, 844.587, -716.108
7.37454, -954.026, 645.126
2.99587, 466.24, -447.439
2.56182, 564.757, 654.447
2.58614, 220.279, 581.6
2.64527, 249.269, 96.6221
4.1031, 146.005, -386.767
6.17815, 625.806, 301.306
3.14876, 352.836, 476.77
2.5161, -368.874, 505.076
6.91905, 139.751, -789.566
3.70482, 229.482, -570.731
4.38481, -816.594, 766.131
4.44879, 617.456, 182.942
2.81534, 596.663, 293.801
7.30792, 183.707, 951.016
3.75349, 725.206, -340.113
6.85376, -677.021, -73.8236
2.85991, -915.428, 422.641
2.70653, -618.676, 566.886
3.46378, 357.53, -522.351
3.86708, -309.156, 302.957
7.4007, -950.66, -364.821
3.60607, 323.18, -531.501
6.43119, -874.454, 853.639
4.42306, 298.166, -420.624
3.78593, 477.715, -635.779
3.91087, -938.235, 60.3571
7.33834, 866.424, -38.2136
4.22841, 762.702, 168.715
3.45922, -978.837, 736.402
5.05037, -547.292, -381.27
5.21857, -555.702, 631.91
5.72333, -648.79, -613.676
3.89738, -10.5144, 792.841
3.41887, -296.895, -716.087
2.71579, -829.465, 369.403
3.98408, -501.607, -264.913
4.25548, -231.235, 139.615
7.09372, -425.802, 710.182
5.81225, 504.301, -361.41
5.08041, 865.259, 582.368
4.03763, 612.333, 584.752
3.0007, -350.566, 153.918
3.47502, 378.728, -879.794
4.11407, 30.8396, -129.122
5.56182, 958.418, 87.1362
5.13511, 958.465, -980.849
3.45653, 261.909, 282.301
4.7178, -633.582, -420.852
4.48693, -705.8, 850.192
6.28051, -605.139, 744.693
6.6213, 735.512, 602.581
5.51573, 142.374, -346.283
3.04573, 607.409, -824.878
4.11797, 485.149, -165.237
5.03403, 9.74286, 317.372
4.76521, -648.926, 803.761
4.77315, -179.649, -448.469
4.91125, 924.953, 916.597
5.07896, 368.379, -650.721
4.50207, 203.231, 823.538
4.22945, 973.08, 482.928
6.64533, 931.983, -239.501
3.02204, -729.405, -794.193
6.40057, 582.17, 564.066
3.19919, -297.037, -238.721
2.62171, -789.135, -523.168
6.0664, 405.657, -749.529
7.15538, 144.933, -826.863
7.47667, 187.389, 173.935
3.86264, -871.012, 152.767
3.6923, -476.845, -257.857
3.87328, 958.315, 618.629
5.70836, -905.686, -729.882
5.17637, 309.355, 152.172
6.8967, 828.827, -294.966
6.75968, -671.084, -831.421
2.98004, 901.118, -42.022
4.66818, -742.467, 214.005
3.17045, -202.798, -754.555
5.86802, -170.784, 306.649
5.34964, -55.419, -471.801
3.66474, -618.251, 572.601
5.50306, 265.374, -686.599
2.6551, -799.253, -26.7901
7.08512, 566.643, -309.782
3.82958, 860.093, -174.354
6.50016, -182.621, -510.571
5.46389, 164.787, -718.748
5.0822, 344.632, 627.376
5.2567, 324.039, 638.839
3.47225, 500.8, -235.095
5.36152, 127.249, -740.757
3.81992, 210.794, 401.023
4.41648, -766.146, 538.715
2.73626, -758.069, -897.429
4.22823, 584.486, -671.252
3.61594, 662.32, -427.845
3.81264, 18.6293, -731.133
3.05141, -428.354, -404.36
7.40088, -704.222, 17.3322
5.93794, 799.729, 633.384
5.82158, -547.961, -374.811
5.99501, -600.275, -671.492
2.68746, -830.126, -765.697
3.6706, -630.363, -746.061
3.95397, 726.238, 692.967
3.50543, -31.1982, -251.631
2.7177, 360.914, 341.337
2.56571, -523.969, 520.26
6.07297, -524.928, 765.213
6.88348, -865.03, -625.715
5.35088, -885.555, 271.218
6.92743, 863.529, 861.695
5.20042, -357.4, -278.849
3.31357, 928.891, -644.536
3.30492, 952.694, 441.715
7.19182, 314.02, 285.632
3.45628, 551.475, -848.106
3.15761, 2.62054, -97.3591
4.41122, -307.187, -7.55705
6.12674, 258.917, -260.408
2.50651, 543.062, 869.357
4.60222, 26.0214, 735.709
5.18984, 301.934, -214.793
4.86596, -237.851, 246.115
6.33003, 542.139, 870.748
2.9396, 556.506, -459.044
7.04284, 137.375, 322.499
3.20818, -862.336, -400.664
2.54782, 428.373, -49.4124
2.82267, 250.472, 519.958
4.96742, 380.985, 222.066
5.40914, 527.17, 972.133
4.03373, -944.969, 544.083
4.57091, 898.504, -67.4812
4.33401, -577.088, -685.435
3.42687, 177.366, 665.834
2.76788, 635.91, 183.593
4.47222, 538.275, -64.9444
3.98388, -347.177, -132.672
5.05388, -395.469, 818.889
3.75392, -703.561, 229.106
5.01589, 957.817, 887.247
2.51168, -5.56136, 782.215
7.01807, 990.329, -447.332
2.79181, -907.502, -944.251
5.17506, -681.313, 806.687
3.95754, -376.15, 872.064
7.3023, -803.335, -266.483
4.73406, 321.777, -108.903
5.08479, 890.088, 168.6
5.93861, -250.902, 30.9945
2.72187, -160.428, 73.9345
7.2946, -795.994, 605.322
5.70852, 369.958, 157.3
2.80215, 625.022, -777.172
3.33964, 51.3748, 267.504
5.76491, 487.791, -244.785
6.19864, -769.434, 337.95
3.57011, 852.675, 205.975
4.31441, 155.138, -866.817
6.56981, -647.509, 931.804
5.32057, 807.81, -470.212
7.45886, -46.4526, -885.032
6.5669, -763.343, 394.068
3.49157, -989.392, -22.4562
2.50003, -145.889, -837.96
4.62608, 940.307, -775.19
4.07406, 845.909, 201.291
5.56218, 606.001, -930.359
3.83351, -189.817, -541.289
4.39881, -594.42, -62.6061
5.43397, 955.597, 300.662
5.95636, -140.756, -508.456
7.26736, -456.055, -569.621
4.89785, -293.178, -949.913
3.60319, 379.498, -724.666
5.33741, -720.84, -450.326
6.09873, 426.306, 362.441
4.4953, -494.726, 553.453
3.48326, -690.649, 975.349
6.66971, -667.836, -759.447
5.59561, -447.632, -871.519
7.26866, -288.197, 181.622
3.23222, -14.2069, -272.192
5.38953, 37.8162, -457.842
7.26796, -391.687, 713.854
3.62331, 721, -988.076
7.25137, -495.287, 796.978
3.07874, 787.44, -508.738
2.58372, 30.4028, -255.457
3.90465, -357.88, -166.578
7.15042, 638.412, 174.151
3.04796, 754.205, 874.046
6.77266, 27.2503, 823.134
5.68532, -723.987, -730.145
5.63853, 404.952, -707.853
3.80589, 722.663, 741.865
5.13936, -951.237, 215.08
7.16608, -277.55, 897.937
3.98055, 920.609, 106.968
4.78006, 157.867, 448.438
6.35659, -657.371, -607.528
4.17193, 111.302, 123.373
6.31775, -39.7762, -934.215
6.65892, -30.3744, 940.979
2.64618, -724.771, 567.283
4.31315, 713.384, -266.612
4.16221, 284.704, 461.467
3.17675, -515.968, -296.52
3.00839, -305.183, 622.887
5.11327, -608.217, 810.812
3.52046, 30.6538, -531.303
5.00728, -870.738, -623.727
5.1371, -2.41053, 961.358
4.13422, -265.267, -292.85
4.75888, 226.983, -441.475
6.85263, -6.88282, 975.202
4.72884, 641.951, 864.35
6.03726, -457.944, -913.241
6.83171, 909.611, -698.302
6.5822, 863.862, 216.285
2.67504, 889.215, 839.093
3.8644, -650.532, -238.01
5.21858, -421.627, -430.359
3.19942, -974.4, -554.399
5.57408, -775.586, -936.214
3.29182, -678.941, -604.466
4.41129, 99.9789, 220.442
5.94997, -94.6716, 188.832
3.21128, -391.92, 463.582
5.65284, -784.36, 790.107
3.15973, 195.538, 935.557
7.13583, -738.6, 249.221
5.53465, -937.307, 784.056
5.50388, -923.269, 378.733
3.33635, 592.717, -529.208
3.301, -868.411, -397.819
5.91628, 619.328, -28.2404
5.1456, -708.798, -12.2645
3.65264, -138.671, 799.612
6.55373, -502.799, -56.8319
5.76477, -419.186, -558.796
4.08597, -567.018, -590.68
2.53953, -261.222, -812.897
3.49176, 731.385, 731.444
3.78831, -6.80425, 381.073
3.03825, 884.341, 38.5436
3.49545, 129.284, -430.194
6.75079, 803.754, -770.674
6.63912, -974.483, 210.697
6.76813, -961.845, -555.907
5.71027, 288.557, 777.89
3.6787, 716.865, -979.92
6.80638, -502.739, -805.854
5.4745, 35.9088, -105.13
2.52745, 505.128, -33.9527
6.84925, -667.689, -469.334
7.37729, 647.5, 103.59
5.59653, 376.896, 15.0388
3.85574, -935.528, 384.359
7.46973, -161.644, -629.653
4.60751, -719.978, -526.952
4.20537, -793.235, -614.098
4.80717, 372.918, -132.56
4.44822, 262.687, -381.308
4.613, -47.5243, 514.734
2.84879, 130.74, 289.705
5.5153, -59.529, -134.36
7.36114, -49.7824, 228.827
5.07406, -697.205, -532.293
7.45461, 951.001, -137.25
5.84906, 627.532, -136.471
4.01716, -605.013, 69.3924
3.47371, 871.001, 571.819
4.0109, -711.908, -932.695
4.93946, -335.817, 460.202
4.72438, 532.782, 986.871
5.7844, 321.27, -936.472
3.74227, -775.879, -669.113
4.72007, 54.4239, 554.554
5.75894, -692.319, 49.0004
6.67472, -715.456, 191.171
6.03698, 192.761, 811.636
4.93928, -867.875, -608.269
6.72039, 398.659, -236.641
7.00296, -511.522, -190.675
6.33082, -652.723, -523.139
5.29453, 630.708, 851.496
2.70603, -8.21947, 75.8089
5.46749, 562.821, 66.5348
2.68674, -673.917, 817.963
4.53488, 27.3631, 436.905
2.84243, -972.34, -880.03
7.38558, -772.925, -882.49
2.5956, -514.322, -236.166
6.60363, -155.195, -265.052
5.2195, -388.649, 865.957
5.72828, 788.968, -332.97
3.62934, -260.508, 46.5051
2.733, 832.488, -699.049
3.63154, 211.007, -553.161
4.58371, -633.645, 134.566
6.40126, 264.89, -629.778
3.72852, -923.4, 373.442
4.81411, 653.121, 92.7027
6.14756, 927.75, 290.15
5.35237, -331.058, 813.53
5.45997, 933.768, 911.367
4.98425, -937.435, 279.966
3.951, 480.796, 115.08
4.71107, -10.502, -231.629
2.53669, 852.188, -396.892
7.41683, 495.584, -357.971
2.52822, -805.152, -155.207
4.8676, -114.914, 741.345
5.86497, -311.505, -122.686
