6.27803, -736.573, -997.57
3.5948, 64.4594, -89.5328
5.89648, 358.616, -904.807
5.09708, -233.773, 871.533
2.76731, -931.63, 660.105
2.53849, 339.152, 58.5562
4.58743, -863.117, -232.782
7.15218, 178.155, 374.286
2.95982, 52.9005, 692.185
6.00595, -165.283, 312.016
3.81226, 525.667, 819.46
4.14117, 471.969, -903.676
7.45519, 511.648, 263.796
7.41275, -508.634, -273.83
5.75759, 505.71, 444.591
6.92354, 262.949, -853.14
6.33247, -125.463, -453.917
3.87453, -521.31, -46.3577
4.93259, -671.623, -297.209
2.80282, 819.316, 793.215
5.08146, 8.55413, 807.385
4.96988, 971.344, -362.319
7.23882, -817.077, -468.097
4.42071, -5.38138, -844.733
5.14874, 826.278, -446.888
2.75042, 880.391, -68.8758
6.63909, 540.643, 527.576
5.94228, -965.512, -748.074
6.18112, 259.017, 735.937
6.94286, 994.946, 450.544
4.25508, -385.311, -534.077
6.72991, 182.313, 26.354
3.84659, 669.357, -165.926
4.83959, 73.7139, -170.653
3.2686, -643.775, -422.346
2.66527, 607.333, 142.818
7.2768, -4.18614, 70.3634
6.95369, 109.529, 495.563
3.29884, 682.322, 248.818
3.15214, 429.153, -573.754
2.515, -451.331, -817.276
6.0491, -954.523, -175.498
3.40448, -517.694, 873.585
5.76029, 773.338, -363.68
4.42907, 363.69, -698.943
3.23766, -2.84411, -226.095
5.45054, 687.768, 173.567
3.24076, 115.168, 910.164
3.2091, -182.076, 965.073
4.94257, -494.662, 128.863
3.13015, 916.086, -71.9359
5.64635, -360.267, -599.155
5.60817, 301.809, -745.08
4.88216, -502.605, 604.709
2.64188, -588.774, -228.828
3.21011, -144.418, 802.255
3.15594, -179.959, 893.187
3.31099, -817.39, 766.375
3.76529, -268.885, -855.868
4.77654, 569, -731.585
6.54472, -95.0113, -300.515
3.57624, 302.94, 861.44
3.75063, 817.221, 361.534
5.02978, -57.7629, 721.239
6.27922, 634.995, 195.783
5.66369, 903.126, -72.9682
5.9449, 645.176, -123.843
7.27207, 972.535, 406.118
5.18713, -422.078, 705.51
4.57014, -788.622, 33.4965
4.70019, 752.334, 154.253
6.07821, 737.602, 459.131
6.20858, 411.393, 600.027
5.12494, 771.486, -960.88
6.06711, -868.036, -73.7218
5.91025, 334.894, -21.9195
6.82941, 832.66, -600.092
3.19597, 86.825, 778.12
3.57766, 975.698, -99.962
5.0733, -367.02, -109.332
4.83766, -120.004, 758.928
3.55759, -268.731, 612.634
5.65244, -692.755, 994.183
2.5044, -990.57, 225.62
4.09589, 453.897, 545.743
5.90281, 364.198, -161.12
6.0446, 671.928, -588.552
2.90869, -809.958, 656.375
3.56926, 261.672, 530.387
4.44412, -836.484, -572.242
4.44927, 897.132, 903.616
3.92018, 383.651, -461.33
4.6123, 566.515, 552.738
2.55658, -605.556, -438.377
3.72027, 956.082, -618.131
4.49072, -725.051, 641.907
6.64177, -646.809, 201.732
3.78584, 974.489, -685.528
3.59705, -799.67, -532.702
6.47385, 391.18, 269.142
5.8476, 504.566, 392.136
5.49108, -889.591, 277.466
5.99917, -362.922, -544.567
5.13062, 525.795, -763.594
4.14833, 179.81, 104.74
3.30844, -714.233, 404.687
6.56633, 719.499, -28.8963
4.08004, 478.012, 114.526
4.05369, 56.0404, -730.253
4.65424, 35.8241, 173.539
4.46509, -249.586, -477.68
4.43916, -48.7197, -109.595
4.34871, -841.187, -442.161
5.88118, 343.348, -492.687
6.10384, 455.436, 27.9854
7.20082, -73.1343, 892.443
5.08573, -79.2788, -357.199
5.5282, -195.344, 322.84
5.85049, -697.012, 975.084
5.11404, 82.3677, -310.806
3.87105, -965.308, 654.349
7.08924, 93.2485, 285.592
3.73367, 937.86, -465.157
4.77876, 386.598, 686.125
3.30374, -954.913, 636.702
4.68319, 414.63, 411.968
7.45767, 501.166, 166.501
6.26931, -440.194, 391.168
4.97846, -989.05, -656.722
7.01651, -665.705, -839.785
4.68213, 492.991, 564.204
5.09239, 169.049, -985.211
4.44866, 88.1196, -864.241
5.63431, -226.401, -568.202
5.19331, 417.123, 318.112
4.35955, 632.087, -438.964
2.54674, -370.283, 365.65
6.3794, 41.54, -790.745
2.85317, -888.412, -559.595
3.98511, 446.463, -679.527
4.78581, -40.6009, -898.74
3.25156, -96.8613, 41.1426
5.97819, 667.844, -429.366
4.15587, 371.092, 160.42
5.21197, 972.388, -883.275
2.64678, 715.056, -992.347
5.38086, -21.038, -241.363
5.18133, 362.694, 476.079
7.36678, -756.101, -927.029
5.57063, -297.585, -621.729
5.26431, -746.951, 213.91
6.69051, -281.24, 906.908
3.75764, -484.007, 943.565
6.98957, 631.22, -146.55
5.97428, 517.703, -507.639
5.82752, -472.902, -95.9267
3.06838, -580.351, -768.201
3.37987, -985.025, 94.3483
2.91253, -136.169, 197.148
6.68103, -248.284, 373.363
2.64818, 942.778, -757.909
6.34719, -4.49442, -847.708
4.29829, -501.115, 867.018
6.24626, 1.22647, 536.657
6.28385, 362.951, 342.695
3.60834, -538.359, -925.323
5.58305, 305.159, 126.256
3.66846, -550.011, -255.211
6.22052, -668.701, 304.92
5.80997, -907.896, -682.98
4.9209, 901.117, -748.363
2.58972, 828.056, 240.526
4.98291, 445.072, 192.208
5.09587, -114.263, -890.023
4.71395, -874.341, 533.666
4.14528, -63.1926, 951.897
3.52671, 485.815, -107.715
7.19863, -252.965, -654.972
2.85168, -499.785, 927.344
3.30042, 52.212, -749.926
6.70788, -789.55, 31.7375
4.13614, -156.469, -268.146
6.85942, 155.693, 427.25
5.99896, 672.329, 516.228
5.52801, 869.819, -221.145
4.77536, 79.2409, -272.138
2.91543, -520.841, -183.034
3.94883, -55.1317, -153.175
6.51009, -568.899, -788.527
6.81821, 336.622, 56.4572
3.81831, 422.287, -511.81
4.79881, -837.022, -235.085
4.95672, 601.089, -527.958
5.82344, -467.529, -991.48
7.31738, -626.574, -151.57
7.23022, 587.766, -733.197
2.81902, 223.758, -656.419
5.04829, -407.287, -309.484
6.13222, 668.489, 654.321
5.65882, 602.506, -340.163
3.26658, -916.24, -908.974
5.09652, -868.989, 540.982
3.52281, -557.798, 856.634
6.03231, 399.685, -821.429
6.05786, -475.503, -12.8571
3.66304, -587.168, -238.59
6.80594, -65.8371, -133.76
2.67122, -110.215, 952.456
6.26587, -936.08, 49.5695
4.14789, 644.157, 178.65
4.65309, 72.2047, -534.768
7.33455, 971.51, -193.255
4.05803, 734.057, 698.34
5.69762, 991.63, -702.091
5.95386, 865.599, -62.8324
5.36403, 81.3011, 629.776
6.60667, 891.117, -682.604
4.21807, -908.895, -683.948
5.09387, -808.244, -777.707
6.78438, 122.716, -953.187
6.18587, 347.592, 36.8613
3.45992, -949.564, 392.82
2.83145, -308.193, 341.225
3.60828, 846.282, -720.285
3.33656, 171.222, -237.408
6.31172, 382.125, -941.23
5.44905, -844.381, 425.849
4.65223, 859.465, 851.878
7.09618, 661.492, 12.0473
5.09668, 446.211, 196.892
7.38058, -677.94, -19.8168
5.15714, -453.246, 147.881
2.98716, 334.14, 394.981
5.83983, 219.903, 98.0618
5.44444, 141.093, -18.7101
5.01137, -702.852, -109.89
2.75808, -934.565, 461.245
2.6753, -350.653, 32.6476
4.41484, -785.638, -511.375
5.55555, 192.104, 103.586
5.06574, 541.608, 875.5
5.98498, 301.381, -26.5163
4.89891, -25.7436, -185.21
3.88323, 68.3695, 421.353
6.01685, -439.487, 210.217
3.67701, 875.688, 59.5555
6.41501, 191.436, -174.449
6.60589, 361.837, 838.702
3.21842, -537.543, 54.1044
5.75757, -493.421, 803.559
3.87677, 870.802, -988.293
7.26215, -437.26, 716.835
4.58238, -752.917, 13.8395
3.03869, -126.841, 404.121
4.70633, -799.301, 531.958
6.28811, -416.051, -304.234
2.77803, -338.545, -321.501
3.51241, -28.7026, 145.579
6.82305, 945.587, -783.116
6.52456, -265.351, -14.1347
2.78861, -680.087, -674.32
4.40304, -64.0313, -701.428
4.56124, -149.069, 766.28
2.80071, -382.446, 302.543
7.09746, 799.169, 638.207
3.35398, 539.069, 803.22
6.51634, -935.018, 148.322
3.88599, 723.437, 45.1662
4.44586, 173.242, 738.621
7.19936, 52.1589, 623.689
6.24573, 160.293, -161.996
3.44774, -324.436, 760.701
6.89581, 436.971, 485.675
6.8953, 419.017, -852.4
3.30515, -813.01, -267.326
5.87346, -805.766, -166.348
6.89096, 626.883, 125.892
6.98262, 265.052, 532.943
3.06535, -26.1409, 755.736
5.93789, -233.853, -247.941
3.21651, -843.21, -759.381
3.6901, 415.785, -44.6641
5.64383, 949.485, -218.022
4.312, 817.204, 361.742
4.64437, 588.521, 718.018
4.91936, -8.1179, -844.732
6.20379, -1.57087, -102.326
3.23098, -396.029, 866.494
7.36238, -837.272, -776.962
7.3158, -518.621, -190.19
3.14741, -602.591, 665.989
5.3784, -320.566, -607.092
4.66439, 170.901, -121.1
5.50066, -240.314, -261.558
5.85098, -700.627, -137.157
4.5137, 396.322, 989.325
6.46691, 639.555, 696.742
4.89889, -978.661, -251.104
5.72449, 294.884, 277.378
4.28836, -245.768, 598.648
5.96794, -330.922, -220.867
5.83428, -416.969, -707.659
3.22071, -374.051, 709.878
7.10415, -984.33, 213.688
4.22228, 32.5406, -235.921
6.66824, -416.765, -470.879
2.74349, 269.929, -749.43
3.27936, -246.824, -75.1002
2.55765, 331.621, 510.36
3.94327, 121.404, 589.279
5.07295, -351.834, -171.131
3.65948, 683.391, 438.003
2.75022, -241.265, -66.8465
5.33091, -595.385, -849.441
6.69774, -153.912, 669.934
4.28763, -642.081, -422.682
4.3452, 168.586, 870.858
7.22226, 255.947, -73.6273
4.72425, -906.222, -184.211
6.82086, 495.45, 189.412
5.82654, -789.924, -737.083
5.79297, 163.589, 666.071
7.10736, -961.091, 962.981
5.11536, 939.578, -614.409
5.45229, 439.375, -442.23
5.79944, 668.738, 670.8
4.24765, 292.462, 460.428
4.11714, 334.602, 61.3402
7.08984, -112.404, 738.775
3.08619, 903.598, -446.335
7.31268, 676.214, -171.15
5.17978, 46.4646, -332.565
5.81447, 857.073, 635.344
5.48362, 887.76, -508.196
6.93363, -506.132, -746.773
6.67999, -671.268, -607.576
6.69339, 246.623, 204.085
6.85642, -215.385, 341.721
2.5002, -768.776, 334.294
4.77274, 258.098, 351.272
4.25696, -933.479, 151.643
5.80713, -258.1, 709.446
6.22234, -872.94, 152.824
3.3821, -118.076, -445.342
7.4621, 794.495, -814.558
5.95466, -933.133, 174.749
6.97862, 141.046, -18.5229
3.51579, 374.996, -131.5
7.2356, -456.216, -36.4726
4.88476, 897.389, -506.283
6.78578, 921.99, -746.46
6.41237, -982.539, -561.208
5.70687, 914.902, -903.599
3.14521, -724.939, 147.595
5.77944, 4.01698, 649.623
3.09199, 53.0522, 9.66716
3.88793, 336.466, 804.918
6.65548, -219.551, -226.97
6.14153, -752.443, -513.644
6.74348, -597.781, 295.954
3.43989, -785.426, -948.767
6.09602, 558.614, -278.697
4.25586, 160.791, 332.591
3.34555, -415.871, -687.137
4.52383, 339.91, -550.138
4.20924, 158.981, 771.722
6.67141, 395.395, -125.554
3.9111, 698.036, 584.075
5.16766, -672.96, -477.343
6.25085, 995.17, -853.046
4.62554, -685.283, -763.314
4.66964, -570.782, 546.985
3.03022, 858.086, -932.876
6.4639, -37.5572, -466.648
3.91232, -572.96, -484.016
7.14264, -580.041, -236.946
5.37926, 239.446, 520.934
3.4895, 816.881, -288.583
5.99081, 575.219, -757.851
3.07265, 495.549, -961.011
4.22945, 307.476, 788.389
4.15646, -582.877, -238.046
6.42735, 828.502, -962.893
6.65775, 459.703, -212.901
4.21712, -740.177, 755.206
4.2603, -274.777, 886.656
6.38197, 145.914, -833.945
6.58658, -12.9297, 688.149
4.26157, -130.113, 285.367
7.09559, -433.148, -301.297
3.2877, 490.534, 253.131
5.56029, -488.466, 564.209
5.54222, -374.176, 710.177
3.16647, -252.19, -746.616
3.51409, -746.51, -477.222
4.79457, -857.295, 501.134
3.48759, -528.334, 927.295
6.77118, -839.99, 373.122
6.54562, -759.624, -693.508
2.80131, -907.547, 886.902
6.50584, -718.063, 656.557
5.49597, -193.066, -543.859
7.43182, -891.477, 308.54
2.65919, -163.316, 638.523
6.8356, 946.685, -773.159
3.69109, 669.075, 347.944
3.6127, 177.069, 432.325
4.73907, -991.623, -542.421
2.61231, 861.341, -172.789
6.79755, -253.074, 22.5093
4.15902, 213.7, 590.885
5.72195, 306.759, 249.611
7.43521, -946.294, -482.481
5.30162, 284.606, -584.001
4.74553, -758.238, -246.208
5.213, 171.336, -716.671
2.90797, 773.114, -32.8089
3.99606, -804.149, -272.495
6.63964, 823.811, 680.484
6.48936, 625.884, 938.362
5.71048, -102.968, 679.712
4.84105, 630.973, 386.896
7.15326, -197.724, -611.011
5.08798, -249.202, -71.3787
7.42924, 798.148, -541.677
5.94567, -81.6479, -724.176
6.19966, -181.068, -445.175
3.46323, -392.402, -935.587
6.08881, -451.276, 625.237
6.11146, 570.048, -181.635
6.49298, 266.281, 153.907
4.23216, 255.405, -997.609
5.1481, -15.7458, -58.4829
3.19001, 715.891, -361.609
6.73218, -225.46, -205.125
6.32766, -84.9444, -885.827
7.5, 923.505, -416.88
4.24891, 483.092, 994.938
5.50367, -601.256, 591.711
3.50808, -496.302, 84.7468
6.2385, 28.2275, 152.143
6.49225, 977.182, 216.186
3.03505, -706.201, 109.362
5.35813, -507.237, 47.3836
2.84683, 358.445, -333.247
4.16036, 749.544, 689.378
5.80945, 487.227, -708.44
5.27726, 172.257, -194.678
7.12415, 228.955, -11.7307
2.69832, -486.251, 226.969
2.62083, -312.022, 240.522
4.61923, 214.605, -656.955
4.36987, 460.799, 136.27
2.93303, -235.79, -259.544
3.05403, -162.861, 166.366
5.31992, 368.982, -348.558
7.37269, 62.124, 742.697
3.05066, -47.9285, -881.926
5.99352, 99.0433, 982.189
2.79674, -50.2566, -743.596
4.69755, 835.594, -108.722
5.24651, 992.828, 716.345
3.45129, 691.769, -750.603
7.36597, 313.569, 327.678
3.19593, -676.272, -71.6695
5.48978, 942.355, -432.853
7.12812, -873.314, 704.214
3.91116, -75.9031, 890.334
6.8307, -139.937, -81.1744
6.29598, -228.648, -601.308
6.10793, 353.895, 623.489
3.34241, -377.225, 370.539
3.32882, 838.388, 374.753
3.39076, -647.391, -990.519
5.87226, 335.795, -602.702
4.83484, -355.305, 40.2077
6.85219, -811.513, -358.208
5.76023, -696.395, -117.659
5.80464, 763.135, 881.879
2.58037, -660.976, -596.226
4.30596, -779.677, -667.662
3.72747, 925.697, 120.171
6.93086, -938.138, -950.724
5.23701, 825.251, 773.484
6.57209, -26.279, -652.188
5.24453, 174.2, 868.631
4.16156, 506.411, -55.9462
4.40213, 24.807, -654.826
2.52389, 932.45, 655.166
6.95226, -90.6314, -397.303
6.16955, -497.952, 686.247
6.04239, -153.73, 668.674
5.1278, 54.3413, -187.428
6.41065, -191.689, -815.56
3.42484, -385.363, -470.453
5.72673, 244.631, 511.675
3.42178, -689.959, -343.626
3.31214, 64.0991, -85.4212
2.65594, -181.925, 850.715
7.42716, 130.319, -665.602
4.04559, -332.078, -717.86
4.11075, -668.824, -297.355
5.51155, 288.002, -232.866
2.89107, -329.571, -923.24
3.93936, -19.0191, 88.9446
5.79307, -122.709, -493.847
7.36348, -994.067, -349.02
7.27758, -363.189, -796.763
7.42745, -670.958, -289.263
7.30478, -914.429, -764.475
3.0073, -558.784, 568.828
3.71505, -126.249, -490.225
6.91151, 98.9013, -433.725
5.28805, 340.651, 701.436
6.7669, 803.144, 515.921
7.49145, -535.338, 523.056
3.99751, -257.927, -481.911
6.33157, 979.915, 488.694
4.81901, 284.116, -143.395
6.8168, -636.258, -793.576
6.99018, 860.918, 5.34356
7.377, 258.002, -416.844
2.77405, 661.033, 79.3725
6.32605, 948.808, -618.165
5.09219, -934.03, 739.451
3.46574, 931.495, -242.411
6.98252, 195.316, -543.167
6.38492, -831.571, 98.2866
2.75968, 416.115, 541.494
7.47331, -854.767, 765.867
5.93659, -2.34708, -459.385
5.94854, 888.377, 496.79
6.57666, -657.319, 820.832
7.05426, -36.5834, -436.092
3.34218, -201.384, 404.713
5.24183, -580.125, 804.268
6.53351, -481.778, -252.165
4.17803, 320.367, -531.718
5.53435, -101.487, 39.604
6.59602, -953.489, 334.095
7.3485, 85.4393, -247.322
6.29349, 585.149, 492.947
3.72113, -183.594, -93.0357
5.80589, -572.226, 403.743
4.21574, -447.962, -186.523
7.27146, 376.17, -396.463
2.60828, 803.838, 555.88
4.54979, -892.019, 947.127
2.55789, 590.763, -672.939
3.04964, 841.686, 200.953
5.28259, -850.514, 91.4302
4.45466, -31.7432, -235.2
7.20539, 117.963, -182.69
2.55572, 179.298, 396.047
6.22897, -223.72, -435.425
3.84293, 109.837, 128.734
4.27153, -679.005, -760.61
3.45835, -465.464, 617.075
5.14832, 295.919, -170.126
4.39478, -58.679, -855.158
3.16407, -12.8585, -802.713
4.26563, -124.996, -565.718
4.2497, 783.94, 986.078
7.41084, 610.931, -121.003
5.25961, 150.607, -385.202
4.99918, 13.4636, -714.068
3.58531, -834.665, 457.556
4.37311, -231.729, -652.001
6.78251, -663.219, -471.875
6.45578, 788.99, -510.425
3.9204, -491.412, 929.09
5.07645, 437.482, 100.514
6.79238, -294.15, -25.4233
7.07844, -945.984, -172.76
7.48941, 136.64, 916.997
6.53177, 172.802, -195.094
5.22718, -904.569, -184.764
7.3461, 149.766, -737.708
5.31931, -585.286, 362.642
4.03031, -415.605, 660.313
5.41853, 967.304, 953.654
2.91197, 55.6304, -332.344
5.47382, 354.099, 624.107
3.31968, -598.745, -591.673
6.46527, -610.01, -436.672
2.95373, 578.919, 741.236
6.3072, -505.497, -679.808
6.83996, -219.412, 32.7506
6.40105, 192.15, -334.472
6.61399, 908.618, 970.751
6.70974, 372.604, 553.441
4.48328, 532.529, 256.243
6.508, -159.388, 170.313
6.56811, 380.848, -44.1815
5.43493, -409.975, 101.342
4.64621, 796.263, -50.4016
2.5002, -68.4244, -479.34
5.31153, -815.521, 316.585
6.22632, 335.968, 355.711
3.89846, 965.512, 297.527
2.93406, -987.418, 565.152
3.5733, 853.477, -880.921
3.93296, -493.441, 555.313
4.86595, -407.011, 475.468
6.95893, 845.454, 819.891
5.91955, 507.514, -500.289
3.54376, -50.8247, -65.5631
6.67533, 794.502, 12.1529
7.09218, 941.281, 917.605
4.48244, -474.77, -701.484
6.37858, 541.755, 537.9
5.68161, -161.606, -90.6233
6.64746, 483.583, 292.291
3.40204, 558.838, -458.224
7.45927, 579.766, -765.656
6.70558, -150.881, -844.99
4.65177, 888.607, 266.236
4.38589, 596.801, 890.296
2.70802, 655.822, -505.843
6.80715, -807.941, -539.927
6.62116, 912.167, -906.924
6.25052, 16.2518, 733.606
3.55801, -165.176, 994.027
4.31029, -781.902, -192.302
4.43545, -591.469, -803.628
7.32918, 805.281, 640.126
6.5872, -168.381, 630.997
4.5755, -82.4395, 449.421
5.83759, 205.937, 184.111
2.52101, 477.432, 975.411
6.98048, -742.057, 254.702
3.68416, -343.443, 355.303
3.79415, 359.559, -96.1179
5.4939, 407.013, -708.004
6.89823, -845.213, 378.839
6.16299, -565.578, -592.339
6.0773, 913.992, 570.767
3.57724, -608.557, 481.045
6.30413, 678.577, -958.185
3.85351, -160.403, -560.757
2.75246, 667.735, 342.478
4.78866, 268.65, 245.672
2.58759, 449.295, -779.382
3.01129, 75.4142, -175.684
2.639, -129.378, 281.229
5.65921, -340.781, -515.586
6.34425, 84.7725, -246.9
2.74132, 525.586, -840.835
6.6924, -58.1493, -630.678
6.76899, -263.097, -320.81
6.57649, -444.604, 573.985
6.85188, 795.17, 405.795
5.27222, -634.244, -172.302
6.12646, -296.294, 59.9053
3.20424, -527.677, 938.29
6.6115, 601.094, -530.678
5.51185, 734.104, -197.454
4.93856, 509.155, -921.071
6.14942, -288.602, 953.78
4.05164, 757.614, -669.331
3.93925, -699.35, 354.207
5.45857, -953.542, 811.143
5.34055, 656.636, 886.281
5.41059, -928.386, -578.901
2.84132, -689.49, 283.209
4.34304, 152.921, -382.015
6.28475, -937.476, -576.204
6.35297, -447.066, -875.044
4.27217, -394.088, -252.273
5.98913, 243.234, 932.841
5.08005, -683.855, -303.55
5.94494, 391.588, 131.803
6.18066, -82.1707, 615.688
2.56231, -343.654, -675.309
7.16549, 605.706, -122.872
5.37826, 133.65, 126.529
3.05587, 459.019, 974.764
4.87388, -109.221, 24.9785
3.24247, 173.604, 94.241
4.22594, 50.9691, 449.968
7.04476, -933.095, 184.37
4.54571, 15.415, 516.333
5.96642, -679.063, -76.9629
3.35865, 383.101, -934.564
6.21715, 893.55, -505.121
4.16319, -423.678, 641.332
4.62157, 668.046, 311.451
2.79523, -137.261, -115.376
5.09005, 282.213, -239.905
5.94425, 474.705, -581.536
5.01149, -257.074, 21.9474
6.56617, -169.085, -751.568
3.07974, 81.7055, -939.796
5.24841, 266.666, 465.524
5.06046, 411.821, 21.349
6.02649, 953.352, 441.666
5.65083, -236.886, 890.003
4.0207, -24.1066, -633.872
6.74719, 400.145, 372.175
3.39619, 602.222, -20.3384
2.61737, -530.803, -100.28
4.19467, 740.611, 54.1639
3.43818, 350.605, -84.778
6.60467, -286.349, 190.297
6.72507, -895.73, -156.272
6.78031, 846.007, -720.091
7.37454, -954.62, 640.965
2.99587, 470.35, -448.458
2.56182, 564.463, 657.063
2.58614, 219.833, 585.573
2.64527, 252.42, 95.0129
4.1031, 150.874, -390.679
6.17815, 627.79, 302.684
3.14876, 364.621, 475.548
2.5161, -367.983, 507.518
6.91905, 139.072, -791.054
3.70482, 231.526, -574.831
4.38481, -821.42, 759.406
4.44879, 609.838, 186.268
2.81534, 595.888, 295.17
7.30792, 183.708, 958.882
3.75349, 726.895, -338.119
6.85376, -680.559, -58.2284
2.85991, -919.069, 427.613
2.70653, -625.204, 578.011
3.46378, 363.218, -523.736
3.86708, -310.624, 302.856
7.4007, -953.419, -365.662
3.60607, 324.848, -539.908
6.43119, -875.922, 856.626
4.42306, 301.288, -422.354
3.78593, 480.299, -637.141
3.91087, -948.201, 65.9004
7.33834, 868.634, -33.9268
4.22841, 768.782, 172.734
3.45922, -984.624, 737.943
5.05037, -547.998, -378.853
5.21857, -558.192, 634.773
5.72333, -636.919, -615.708
3.89738, -10.231, 787.975
3.41887, -296.563, -720.231
2.71579, -842.649, 378.027
3.98408, -503.169, -265.245
4.25548, -231.567, 140.856
7.09372, -421.317, 728.548
5.81225, 505.635, -362.792
5.08041, 866.996, 586.393
4.03763, 616.527, 588.55
3.0007, -353.162, 155.394
3.47502, 380.134, -881.057
4.11407, 31.5197, -132.231
5.56182, 965.182, 86.6298
5.13511, 961.417, -984.603
3.45653, 256.71, 285.296
4.7178, -649.486, -428.463
4.48693, -710.068, 855.499
6.28051, -607.313, 744.823
6.6213, 737.007, 602.627
5.51573, 141.983, -344.339
3.04573, 610.333, -829.65
4.11797, 487.358, -165.414
5.03403, 8.21515, 318.818
4.76521, -648.254, 798.545
4.77315, -181.296, -461.366
4.91125, 917.94, 910.184
5.07896, 369.59, -651.343
4.50207, 197.879, 817.788
4.22945, 962.539, 485.082
6.64533, 928.547, -240.31
3.02204, -733.081, -799.021
6.40057, 586.777, 569.094
3.19919, -297.667, -239.505
2.62171, -801.575, -515.812
6.0664, 407.144, -755.675
7.15538, 155.54, -822.411
7.47667, 181.347, 174.827
3.86264, -882.25, 152.895
3.6923, -477.124, -254.492
3.87328, 963.662, 620.234
5.70836, -909.258, -731.154
5.17637, 310.792, 156.142
6.8967, 836.651, -297.133
6.75968, -663.644, -840.278
2.98004, 909.878, -35.4019
4.66818, -750.949, 198.914
3.17045, -205.671, -757.817
5.86802, -161.023, 316.847
5.34964, -53.4242, -480.502
3.66474, -624.071, 563.003
5.50306, 266.744, -689.936
2.6551, -803.87, -28.2744
7.08512, 569.016, -312.42
3.82958, 864.481, -179.126
6.50016, -184.939, -509.458
5.46389, 169.263, -724.414
5.0822, 358.755, 616.877
5.2567, 319.46, 644.39
3.47225, 507.264, -233.523
5.36152, 121.362, -743.483
3.81992, 213.953, 402.847
4.41648, -765.329, 539.794
2.73626, -754.685, -897.573
4.22823, 587.146, -670.733
3.61594, 679.261, -437.06
3.81264, 16.9579, -737.649
3.05141, -430.221, -402.272
7.40088, -705.971, 20.2713
5.93794, 797.496, 641.697
5.82158, -547.908, -379.52
5.99501, -601.97, -673.202
2.68746, -833.285, -775.559
3.6706, -628.96, -745.74
3.95397, 717.466, 694.011
3.50543, -39.7178, -259.937
2.7177, 376.042, 332.574
2.56571, -532.889, 521.492
6.07297, -527.707, 765.57
6.88348, -871.351, -630.132
5.35088, -887.73, 271.722
6.92743, 865.999, 871.039
5.20042, -356.496, -280.128
3.31357, 930.057, -647.781
3.30492, 968.04, 440.286
7.19182, 319.381, 287.491
3.45628, 554.348, -852.87
3.15761, -4.63262, -108.855
4.41122, -315.393, -5.26283
6.12674, 257.809, -265.447
2.50651, 539.664, 874.804
4.60222, 21.557, 736.064
5.18984, 308.176, -214.037
4.86596, -238.816, 247.361
6.33003, 544.646, 869.985
2.9396, 555.028, -469.955
7.04284, 133.637, 323.905
3.20818, -877, -395.597
2.54782, 436.368, -51.8069
2.82267, 239.584, 521.068
4.96742, 381.872, 222.492
5.40914, 532.701, 985.337
4.03373, -948.904, 544.877
4.57091, 917.488, -68.1059
4.33401, -574.511, -689.078
3.42687, 185.28, 669.031
2.76788, 639.103, 161.972
4.47222, 541.502, -65.4698
3.98388, -347.986, -132.039
5.05388, -396.316, 820.865
3.75392, -699.861, 230.343
5.01589, 965.148, 885.042
2.51168, -15.8979, 797.632
7.01807, 997.097, -448.216
2.79181, -906.06, -948.389
5.17506, -688.603, 804.949
3.95754, -384.312, 875.4
7.3023, -814.318, -272.655
4.73406, 319.736, -109.224
5.08479, 894.982, 167.695
5.93861, -256.176, 15.1747
2.72187, -160.634, 76.1196
7.2946, -798.246, 606.924
5.70852, 363.494, 155.533
2.80215, 630.362, -781.095
3.33964, 48.5458, 268.189
5.76491, 487.606, -249.465
6.19864, -769.51, 339.577
3.57011, 860.333, 200.737
4.31441, 157.358, -874.671
6.56981, -648.134, 934.889
5.32057, 807.809, -470.611
7.45886, -42.3564, -897.102
6.5669, -763.67, 397.584
3.49157, -994.081, -23.036
2.50003, -161.638, -853.972
4.62608, 944.055, -775.435
4.07406, 834.388, 195.12
5.56218, 606.906, -933.894
3.83351, -202.508, -544.307
4.39881, -595.086, -61.168
5.43397, 966.584, 296.076
5.95636, -141.535, -515.483
7.26736, -459.328, -571.883
4.89785, -292.859, -954.74
3.60319, 375.947, -730.633
5.33741, -724.815, -447.067
6.09873, 433.137, 364.257
4.4953, -488.862, 563.267
3.48326, -689.639, 990.361
6.66971, -674.196, -759.138
5.59561, -449.349, -868.531
7.26866, -294.561, 172.415
3.23222, -14.3696, -279.907
5.38953, 40.6618, -460.011
7.26796, -392.307, 722.951
3.62331, 720.497, -977.738
7.25137, -490.258, 808.715
3.07874, 798.979, -518.233
2.58372, 29.6466, -262.363
3.90465, -352.458, -171.015
7.15042, 647.548, 168.102
3.04796, 746.559, 871.979
6.77266, 30.3958, 830.257
5.68532, -726.543, -732.316
5.63853, 409.177, -711.383
3.80589, 727.299, 743.604
5.13936, -950.979, 219.997
7.16608, -268.41, 913.404
3.98055, 923.418, 101.354
4.78006, 155.838, 456.524
6.35659, -656.597, -621.428
4.17193, 99.585, 116.146
6.31775, -39.5422, -944.27
6.65892, -30.0696, 943.192
2.64618, -725.183, 568.347
4.31315, 715.428, -267.65
4.16221, 283.791, 461.171
3.17675, -519.214, -304.776
3.00839, -306.701, 623.693
5.11327, -610.018, 815.339
3.52046, 30.6555, -534.478
5.00728, -868.709, -630.977
5.1371, 2.96304, 961.782
4.13422, -269.155, -292.967
4.75888, 226.151, -445.243
6.85263, -7.42665, 985.784
4.72884, 645.752, 865.322
6.03726, -458.925, -919.827
6.83171, 915.321, -699.267
6.5822, 870.633, 221.269
2.67504, 895.863, 837.678
3.8644, -654.141, -236.417
5.21858, -422.811, -430.851
3.19942, -991.66, -546.767
5.57408, -779.315, -936.046
3.29182, -693.036, -605.604
4.41129, 99.0114, 221.17
5.94997, -94.3422, 189.528
3.21128, -389.074, 460.783
5.65284, -785.079, 794.539
3.15973, 199.467, 936.358
7.13583, -739.821, 251.117
5.53465, -939.421, 784.885
5.50388, -922.094, 370.651
3.33635, 598.672, -527.139
3.301, -863.55, -401.327
5.91628, 624.072, -29.8766
5.1456, -714.961, -13.9339
3.65264, -132.008, 811.515
6.55373, -502.335, -58.2527
5.76477, -420.479, -560.867
4.08597, -552.019, -584.164
2.53953, -262.612, -816.043
3.49176, 728.907, 742.065
3.78831, -8.60412, 382.067
3.03825, 891.549, 38.6982
3.49545, 132.53, -435.376
6.75079, 803.754, -772.037
6.63912, -985.097, 213.001
6.76813, -960.362, -552.178
5.71027, 285.654, 779.767
3.6787, 728.366, -988.876
6.80638, -502.643, -809.972
5.4745, 36.8718, -102.391
2.52745, 507.295, -29.9512
6.84925, -662.834, -471.527
7.37729, 650.141, 106.559
5.59653, 379.31, 13.5616
3.85574, -943.367, 380.04
7.46973, -159.159, -634.859
4.60751, -723.437, -530.097
4.20537, -794.87, -615.458
4.80717, 363.105, -137.74
4.44822, 264.43, -379.25
4.613, -50.3272, 515.451
2.84879, 131.925, 287.413
5.5153, -58.0909, -127.087
7.36114, -49.7108, 230.965
5.07406, -696.803, -535.85
7.45461, 955.767, -137.695
5.84906, 625.555, -148.161
4.01716, -605.776, 70.6367
3.47371, 875.27, 566.315
4.0109, -709.809, -937.51
4.93946, -334.871, 461.351
4.72438, 530.899, 980.581
5.7844, 319.743, -941.703
3.74227, -779.642, -667.46
4.72007, 54.9127, 555.91
5.75894, -691.875, 53.8268
6.67472, -713.791, 188.778
6.03698, 199.803, 820.024
4.93928, -871.442, -602.509
6.72039, 399.868, -239.132
7.00296, -498.832, -183.615
6.33082, -650.975, -526.599
5.29453, 628.775, 848.642
2.70603, -21.4863, 91.759
5.46749, 564.299, 65.5216
2.68674, -680.918, 827.724
4.53488, 23.0205, 437.015
2.84243, -976.386, -882.088
7.38558, -778.035, -882.491
2.5956, -517.365, -233.54
6.60363, -160.139, -272.778
5.2195, -374.859, 878.088
5.72828, 791.978, -332.556
3.62934, -260.75, 57.092
2.733, 828.383, -694.952
3.63154, 214.635, -555.974
4.58371, -633.576, 135.234
6.40126, 266.023, -631.951
3.72852, -922.439, 388.741
4.81411, 659.206, 88.2352
6.14756, 928.932, 291.265
5.35237, -330.438, 816.031
5.45997, 928.354, 924.891
4.98425, -943.903, 281.051
3.951, 494.304, 109.209
4.71107, -5.30221, -226.676
2.53669, 854.757, -395.973
7.41683, 496.792, -359.234
2.52822, -810.09, -145.771
4.8676, -98.6919, 735.922
5.86497, -310.371, -122
