6.27803, -736.859, -999.537
3.5948, 65.7825, -87.5
5.89648, 357.893, -905.704
5.09708, -233.128, 869.752
2.76731, -930.985, 661.6
2.53849, 336.423, 53.9698
4.58743, -865.729, -233.093
7.15218, 177.99, 373.674
2.95982, 53.6821, 692.305
6.00595, -167.632, 308.454
3.81226, 524.626, 820.43
4.14117, 472.127, -904.812
7.45519, 512.6, 265.008
7.41275, -506.499, -270.308
5.75759, 506.526, 445.186
6.92354, 263.21, -854.352
6.33247, -126.895, -454.5
3.87453, -523.886, -44.8651
4.93259, -667.734, -283.461
2.80282, 818.582, 794.939
5.08146, 8.96005, 808.955
4.96988, 972.925, -362.005
7.23882, -818.264, -467.783
4.42071, -3.63992, -851.943
5.14874, 827.385, -446.027
2.75042, 881.707, -70.7178
6.63909, 540.434, 523.741
5.94228, -967.755, -749.048
6.18112, 259.074, 736.391
6.94286, 998.187, 450.772
4.25508, -386.989, -533.694
6.72991, 182.241, 26.5114
3.84659, 680.939, -174.326
4.83959, 75.7194, -173.202
3.2686, -643.671, -425.143
2.66527, 605.268, 143.22
7.2768, -3.24523, 69.1626
6.95369, 109.235, 496.395
3.29884, 683.753, 249.536
3.15214, 429.37, -574.359
2.515, -450.918, -817.882
6.0491, -947.385, -172.092
3.40448, -519.738, 875.394
5.76029, 773.861, -364.693
4.42907, 362.873, -699.256
3.23766, -5.97861, -225.903
5.45054, 690.53, 174.223
3.24076, 112.804, 910.69
3.2091, -182.395, 966.324
4.94257, -495.546, 129.624
3.13015, 922.837, -66.5792
5.64635, -361.272, -600.238
5.60817, 302.38, -746.297
4.88216, -503.998, 605.884
2.64188, -592.759, -222.544
3.21011, -146.548, 803.127
3.15594, -179.481, 894.642
3.31099, -815.897, 770.506
3.76529, -269.241, -857.501
4.77654, 566.762, -730.103
6.54472, -95.3269, -300.87
3.57624, 303.227, 862.995
3.75063, 817.284, 362.677
5.02978, -57.5294, 721.631
6.27922, 635.097, 199.891
5.66369, 902.725, -75.055
5.9449, 648.639, -121.784
7.27207, 973.967, 404.723
5.18713, -421.477, 703.034
4.57014, -789.883, 34.2326
4.70019, 752.979, 153.581
6.07821, 738.356, 459.428
6.20858, 412.759, 601.179
5.12494, 771.956, -961.642
6.06711, -869.32, -73.4227
5.91025, 335.275, -22.077
6.82941, 833.155, -600.742
3.19597, 87.6993, 779.682
3.57766, 978.164, -99.4254
5.0733, -368.257, -108.206
4.83766, -120.467, 762.275
3.55759, -269.511, 613.178
5.65244, -690.359, 994.623
2.5044, -997.349, 231.561
4.09589, 454.526, 546.526
5.90281, 364.836, -163.935
6.0446, 672.671, -589.304
2.90869, -810.727, 657.223
3.56926, 259.336, 528.226
4.44412, -837.619, -572.781
4.44927, 895.453, 904.174
3.92018, 384.21, -461.525
4.6123, 567.504, 553.556
2.55658, -605.918, -438.125
3.72027, 964.816, -616.669
4.49072, -726.735, 639.861
6.64177, -646.345, 201.967
3.78584, 975.609, -684.712
3.59705, -797.183, -532.717
6.47385, 391.86, 269.381
5.8476, 505.637, 392.42
5.49108, -887.424, 268.238
5.99917, -362.527, -545.726
5.13062, 525.259, -764.842
4.14833, 176.628, 107.301
3.30844, -713.969, 405.74
6.56633, 720.275, -29.2655
4.08004, 477.978, 113.834
4.05369, 56.9059, -729.495
4.65424, 36.1099, 175.754
4.46509, -257.711, -481.461
4.43916, -48.2923, -106.871
4.34871, -843.051, -441.549
5.88118, 343.527, -492.25
6.10384, 456.887, 27.8937
7.20082, -77.9095, 889.793
5.08573, -79.1591, -356.938
5.5282, -196.153, 322.732
5.85049, -698.82, 973.339
5.11404, 83.2261, -312.075
3.87105, -969.254, 657.765
7.08924, 92.4531, 285.889
3.73367, 939.746, -466.479
4.77876, 387.779, 687.613
3.30374, -955.244, 641.633
4.68319, 415.463, 413.544
7.45767, 503.008, 165.133
6.26931, -440.831, 391.323
4.97846, -991.039, -657.471
7.01651, -672.708, -839.997
4.68213, 493.29, 565.654
5.09239, 169.477, -986.926
4.44866, 88.0592, -865.919
5.63431, -228.079, -568.318
5.19331, 418.359, 318.107
4.35955, 631.903, -439.337
2.54674, -377.897, 370.948
6.3794, 41.8499, -792.097
2.85317, -889.25, -558.81
3.98511, 447.331, -679.465
4.78581, -39.6552, -901.899
3.25156, -105.757, 39.7579
5.97819, 667.418, -428.325
4.15587, 365.815, 157.699
5.21197, 973.509, -884.721
2.64678, 712.829, -995.922
5.38086, -20.7224, -244.287
5.18133, 359.154, 477.645
7.36678, -755.18, -928.487
5.57063, -297.398, -623.132
5.26431, -747.907, 215.017
6.69051, -285.315, 907.825
3.75764, -482.32, 947.614
6.98957, 630.131, -149.52
5.97428, 520.649, -510.285
5.82752, -472.786, -96.2301
3.06838, -580.784, -767.089
3.37987, -987.318, 94.0235
2.91253, -136.178, 198.429
6.68103, -249.177, 374.557
2.64818, 945.962, -753.669
6.34719, -10.6945, -840.218
4.29829, -499.937, 867.859
6.24626, 0.149276, 537.944
6.28385, 363.251, 343.61
3.60834, -538.764, -926.904
5.58305, 305.228, 125.392
3.66846, -550.32, -256.718
6.22052, -668.246, 305.82
5.80997, -905.039, -680.743
4.9209, 898.803, -749.78
2.58972, 828.05, 241.804
4.98291, 443.927, 187.792
5.09587, -116.282, -892.13
4.71395, -870.065, 542.258
4.14528, -64.2753, 953.903
3.52671, 486.411, -108.061
7.19863, -254.606, -656.824
2.85168, -493.189, 929.163
3.30042, 52.5888, -751.877
6.70788, -791.261, 31.6644
4.13614, -152.839, -263.64
6.85942, 153.937, 427.115
5.99896, 673.035, 516.443
5.52801, 870.36, -221.744
4.77536, 79.0487, -275.18
2.91543, -519.273, -194.842
3.94883, -55.2127, -156.207
6.51009, -567.528, -789.78
6.81821, 339.556, 56.9554
3.81831, 422.973, -512.372
4.79881, -837.805, -234.494
4.95672, 591.824, -533.303
5.82344, -467.719, -993.16
7.31738, -626.387, -149.964
7.23022, 591.006, -732.138
2.81902, 214.846, -657.444
5.04829, -413.226, -306.231
6.13222, 668.643, 652.118
5.65882, 603.861, -340.953
3.26658, -916.988, -909.253
5.09652, -875.283, 535.159
3.52281, -558.752, 857.991
6.03231, 399.437, -821.903
6.05786, -476.272, -11.1235
3.66304, -596.954, -242.552
6.80594, -62.9533, -129.698
2.67122, -110.824, 954.102
6.26587, -936.595, 47.9068
4.14789, 645.452, 182.464
4.65309, 72.8992, -535.644
7.33455, 974.069, -192.913
4.05803, 734.853, 700.568
5.69762, 994.542, -703.015
5.95386, 864.137, -63.664
5.36403, 82.7492, 630.622
6.60667, 890.609, -681.754
4.21807, -916.561, -688.483
5.09387, -807.151, -779.546
6.78438, 122.921, -954.818
6.18587, 348.797, 34.3531
3.45992, -953.535, 396.201
2.83145, -308.245, 341.842
3.60828, 847.867, -722.308
3.33656, 171.882, -239.335
6.31172, 382.212, -946.318
5.44905, -845.172, 427.106
4.65223, 859.396, 851.143
7.09618, 662.323, 11.96
5.09668, 447.459, 202.336
7.38058, -677.305, -18.638
5.15714, -453.451, 148.565
2.98716, 334.105, 396.722
5.83983, 221.189, 97.5824
5.44444, 142.94, -10.8969
5.01137, -699.381, -115.268
2.75808, -936.293, 462.453
2.6753, -357.348, 42.1534
4.41484, -785.613, -510.014
5.55555, 193.999, 103.646
5.06574, 542.826, 874.326
5.98498, 300.461, -26.6163
4.89891, -26.2002, -184.976
3.88323, 68.3943, 420.983
6.01685, -439.735, 210.917
3.67701, 876.354, 60.7188
6.41501, 194.323, -173.265
6.60589, 362.77, 840.17
3.21842, -539.109, 54.6927
5.75757, -496.608, 799.644
3.87677, 871.674, -989.984
7.26215, -441.297, 717.401
4.58238, -753.879, 13.6763
3.03869, -126.984, 404.79
4.70633, -800.09, 532.276
6.28811, -408.047, -309.327
2.77803, -338.494, -322.707
3.51241, -29.2941, 146.219
6.82305, 948.033, -772.939
6.52456, -265.232, -15.9176
2.78861, -680.7, -675.356
4.40304, -63.8372, -701.478
4.56124, -151.244, 767.203
2.80071, -383.178, 302.58
7.09746, 795.692, 630.093
3.35398, 539.909, 802.572
6.51634, -935.573, 148.164
3.88599, 723.263, 44.5587
4.44586, 173.635, 738.919
7.19936, 51.4867, 623.771
6.24573, 159.822, -160.296
3.44774, -323.942, 761.407
6.89581, 437.678, 486.145
6.8953, 420.003, -853.919
3.30515, -819.296, -279.433
5.87346, -806.886, -166.402
6.89096, 626.24, 125.348
6.98262, 269.598, 537.798
3.06535, -26.8898, 756.622
5.93789, -234.533, -245.486
3.21651, -845.803, -756.999
3.6901, 416.916, -44.7074
5.64383, 951.347, -218.051
4.312, 817.725, 359.61
4.64437, 588.552, 718.347
4.91936, 0.306074, -851.471
6.20379, -0.80393, -99.1329
3.23098, -399.112, 865.813
7.36238, -836.931, -778.703
7.3158, -522.449, -184.575
3.14741, -603.609, 666.77
5.3784, -321.546, -607.329
4.66439, 171.266, -119.765
5.50066, -236.034, -262.947
5.85098, -702.087, -140.361
4.5137, 396.168, 990.527
6.46691, 639.146, 698.222
4.89889, -980.391, -251.428
5.72449, 293.33, 277.978
4.28836, -245.36, 598.175
5.96794, -331.3, -220.974
5.83428, -416.953, -709.745
3.22071, -371.435, 709.506
7.10415, -988.006, 205.698
4.22228, 32.9671, -236.053
6.66824, -417.773, -471.574
2.74349, 269.364, -750.887
3.27936, -246.439, -82.6572
2.55765, 331.887, 511.46
3.94327, 121.75, 589.672
5.07295, -357.864, -169.123
3.65948, 683.958, 438.253
2.75022, -251.058, -69.5466
5.33091, -595.155, -851.77
6.69774, -154.775, 663.828
4.28763, -638.064, -415.228
4.3452, 177.536, 868.427
7.22226, 255.714, -73.8354
4.72425, -899.844, -187.843
6.82086, 496.402, 191.421
5.82654, -790.669, -737.792
5.79297, 162.749, 666.627
7.10736, -961.968, 963.864
5.11536, 936.052, -611.271
5.45229, 439.548, -442.375
5.79944, 669.263, 673.586
4.24765, 288.933, 460.724
4.11714, 329.215, 68.5346
7.08984, -114.774, 738.449
3.08619, 903.517, -446.608
7.31268, 673.156, -168.403
5.17978, 50.524, -333.843
5.81447, 859.279, 636.053
5.48362, 883.508, -512.719
6.93363, -506.067, -747.718
6.67999, -673.598, -607.632
6.69339, 246.51, 204.677
6.85642, -216.616, 343.007
2.5002, -769.793, 341.88
4.77274, 257.616, 351.972
4.25696, -936.95, 145.173
5.80713, -258.284, 710.032
6.22234, -877.422, 152.867
3.3821, -115.293, -441.725
7.4621, 794.49, -816.058
5.95466, -933.876, 186.035
6.97862, 138.994, -24.6698
3.51579, 376.821, -131.06
7.2356, -455.313, -36.5476
4.88476, 905.199, -510.63
6.78578, 922.724, -745.928
6.41237, -985.342, -564.483
5.70687, 919.35, -899.773
3.14521, -725.65, 146.946
5.77944, 3.76523, 649.321
3.09199, 52.9349, 10.0346
3.88793, 337.56, 805.891
6.65548, -217.482, -226.662
6.14153, -752.988, -513.932
6.74348, -597.607, 296.114
3.43989, -788.271, -953.81
6.09602, 559.185, -278.179
4.25586, 161.733, 332.708
3.34555, -415.826, -685.938
4.52383, 342.201, -552.17
4.20924, 158.773, 772.782
6.67141, 398.573, -125.519
3.9111, 698.117, 583.985
5.16766, -666.302, -473.62
6.25085, 997.044, -853.522
4.62554, -672.298, -757.127
4.66964, -572.48, 546.506
3.03022, 858.541, -933.666
6.4639, -36.1943, -467.279
3.91232, -572.314, -484.777
7.14264, -583.336, -238.448
5.37926, 234.123, 527.027
3.4895, 815.895, -287.556
5.99081, 581.115, -769.596
3.07265, 495.866, -963.038
4.22945, 308.938, 789.647
4.15646, -571.43, -235.65
6.42735, 828.692, -964.145
6.65775, 459.917, -213.061
4.21712, -740.669, 755.522
4.2603, -275.464, 884.564
6.38197, 144.136, -837.869
6.58658, -13.3212, 688.357
4.26157, -128.81, 281.895
7.09559, -436.24, -301.598
3.2877, 489.397, 252.448
5.56029, -495.169, 554.978
5.54222, -371.257, 709.041
3.16647, -252.586, -747.87
3.51409, -747.674, -476.448
4.79457, -857.951, 501.061
3.48759, -530.226, 926.576
6.77118, -837.698, 368.617
6.54562, -759.639, -694.626
2.80131, -908.698, 888.111
6.50584, -717.704, 658.941
5.49597, -198.944, -544.83
7.43182, -892.35, 310.066
2.65919, -171.241, 626.882
6.8356, 946.153, -785.14
3.69109, 668.694, 342.738
3.6127, 179.005, 433.591
4.73907, -995.52, -541.054
2.61231, 863.867, -176.539
6.79755, -247.817, 26.316
4.15902, 218.156, 588.145
5.72195, 307.565, 248.297
7.43521, -947.683, -481.893
5.30162, 284.641, -584.409
4.74553, -758.547, -246.147
5.213, 172.099, -720.352
2.90797, 773.18, -32.7987
3.99606, -799.213, -274.415
6.63964, 825.601, 682.811
6.48936, 626.435, 940.184
5.71048, -102.633, 679.614
4.84105, 631.418, 387.675
7.15326, -197.04, -612.417
5.08798, -244.247, -66.3351
7.42924, 798.467, -543.981
5.94567, -82.7841, -725.674
6.19966, -181.375, -442.526
3.46323, -392.184, -937.136
6.08881, -450.428, 626.18
6.11146, 570.127, -182.542
6.49298, 265.951, 154.079
4.23216, 255.555, -999.108
5.1481, -15.6141, -56.6923
3.19001, 715.854, -362.666
6.73218, -226.041, -202.324
6.32766, -86.0052, -887.377
7.5, 923.771, -415.346
4.24891, 483.211, 997.592
5.50367, -601.858, 592.903
3.50808, -496.556, 85.4826
6.2385, 27.645, 151.403
6.49225, 978.884, 216.067
3.03505, -706.573, 109.519
5.35813, -507.367, 47.5335
2.84683, 357.596, -331.615
4.16036, 751.995, 689.289
5.80945, 487.978, -709.059
5.27726, 174.354, -197.823
7.12415, 228.994, -11.7606
2.69832, -487.051, 227.688
2.62083, -312.836, 241.261
4.61923, 219.772, -657.172
4.36987, 460.752, 136.765
2.93303, -245.882, -267.735
3.05403, -158.843, 171.569
5.31992, 370.086, -349.317
7.37269, 63.4241, 743.549
3.05066, -49.0886, -879.883
5.99352, 99.0322, 983.956
2.79674, -50.0714, -745.17
4.69755, 835.887, -109.589
5.24651, 994.07, 716.897
3.45129, 692.487, -751.278
7.36597, 312.733, 328.504
3.19593, -680.523, -83.2277
5.48978, 945.278, -433.254
7.12812, -874.058, 704.378
3.91116, -67.7919, 897.695
6.8307, -138.631, -79.8035
6.29598, -230.137, -602.474
6.10793, 346.572, 627.724
3.34241, -373.01, 367.468
3.32882, 841.241, 375.845
3.39076, -647.388, -992.021
5.87226, 336.409, -603.674
4.83484, -353.513, 35.851
6.85219, -812.49, -358.324
5.76023, -702.227, -111.818
5.80464, 764.421, 883.582
2.58037, -659.584, -592.854
4.30596, -780.369, -665.838
3.72747, 927.311, 121.896
6.93086, -939.591, -951.991
5.23701, 826.226, 772.838
6.57209, -25.9728, -654.379
5.24453, 167.128, 872.601
4.16156, 506.624, -56.3949
4.40213, 25.7204, -655.035
2.52389, 933.774, 656.114
6.95226, -90.8246, -397.237
6.16955, -499.041, 686.914
6.04239, -153.948, 677.724
5.1278, 52.9093, -188.108
6.41065, -192.452, -816.678
3.42484, -384.477, -470.429
5.72673, 242.09, 512.812
3.42178, -691.244, -345.05
3.31214, 65.4649, -84.9845
2.65594, -181.892, 851.386
7.42716, 130.159, -665.459
4.04559, -332.716, -719.182
4.11075, -672.166, -293.085
5.51155, 284.931, -237.862
2.89107, -329.753, -924.375
3.93936, -17.8609, 88.0808
5.79307, -124.316, -491.667
7.36348, -996.19, -348.875
7.27758, -363.236, -797.982
7.42745, -670.116, -299.398
7.30478, -915.897, -766.63
3.0073, -559.137, 570.248
3.71505, -120.983, -495.056
6.91151, 98.5373, -434.612
5.28805, 340.882, 702.954
6.7669, 803.835, 515.713
7.49145, -532.45, 519.922
3.99751, -251.395, -478.258
6.33157, 982.999, 490.619
4.81901, 283.474, -142.89
6.8168, -636.239, -794.787
6.99018, 861.758, 6.46204
7.377, 258.23, -417.516
2.77405, 661.206, 86.0284
6.32605, 950.229, -620.334
5.09219, -935.082, 739.699
3.46574, 938.191, -248.116
6.98252, 194.151, -542.909
6.38492, -830.639, 98.839
2.75968, 416.671, 542.053
7.47331, -856.368, 766.894
5.93659, -0.799099, -460.022
5.94854, 889.125, 496.855
6.57666, -657.501, 823.052
7.05426, -36.3074, -434.659
3.34218, -201.384, 406.061
5.24183, -579.916, 804.854
6.53351, -474.759, -254.159
4.17803, 318.243, -528.873
5.53435, -95.175, 43.6894
6.59602, -955.917, 334.187
7.3485, 87.0545, -247.402
6.29349, 586.309, 492.636
3.72113, -185.977, -93.4505
5.80589, -572.336, 404.409
4.21574, -447.352, -186.016
7.27146, 376.685, -396.961
2.60828, 804.464, 556.275
4.54979, -892.408, 948.229
2.55789, 586.813, -669.863
3.04964, 842.77, 203.499
5.28259, -853.317, 90.2817
4.45466, -36.2229, -233.561
7.20539, 118.169, -182.661
2.55572, 179.276, 397.702
6.22897, -224.955, -434.649
3.84293, 108.856, 130.908
4.27153, -678.392, -763.587
3.45835, -468, 616.679
5.14832, 296.238, -170.925
4.39478, -59.8443, -854.446
3.16407, -13.3753, -802.365
4.26563, -123.709, -567.179
4.2497, 784.232, 987.327
7.41084, 607.878, -120.276
5.25961, 152.789, -395.906
4.99918, 13.156, -713.606
3.58531, -834.78, 458.964
4.37311, -229.941, -653.744
6.78251, -665.777, -475.016
6.45578, 787.114, -509.346
3.9204, -496.261, 928.574
5.07645, 437.736, 99.7908
6.79238, -295.873, -26.7401
7.07844, -957.082, -175.129
7.48941, 137.157, 918.654
6.53177, 171.701, -195.561
5.22718, -912.071, -183.611
7.3461, 149.459, -739.424
5.31931, -585.528, 362.665
4.03031, -414.501, 661.181
5.41853, 969.377, 955.542
2.91197, 46.7855, -333.923
5.47382, 361.495, 619.611
3.31968, -599.113, -591.694
6.46527, -607.928, -437.332
2.95373, 578.494, 743.211
6.3072, -505.866, -679.951
6.83996, -216.963, 33.8869
6.40105, 193.173, -334.584
6.61399, 908.69, 972.958
6.70974, 372.814, 553.959
4.48328, 536.022, 256.036
6.508, -161.998, 167.983
6.56811, 381.414, -44.4263
5.43493, -410.333, 101.745
4.64621, 797.092, -51.1837
2.5002, -71.3414, -480.02
5.31153, -816.171, 316.214
6.22632, 335.377, 357.649
3.89846, 964.027, 303.916
2.93406, -989.225, 565.468
3.5733, 853.527, -881.479
3.93296, -492.523, 560.882
4.86595, -408.054, 476.17
6.95893, 845.997, 819.938
5.91955, 505.242, -498.938
3.54376, -51.9113, -64.1147
6.67533, 795.349, 12.6647
7.09218, 945.354, 917.425
4.48244, -474.32, -702.388
6.37858, 541.346, 542.101
5.68161, -162.469, -90.9682
6.64746, 483.924, 293.843
3.40204, 560.159, -456.151
7.45927, 576.109, -760.766
6.70558, -150.251, -845.381
4.65177, 889.433, 266.927
4.38589, 597.057, 891.623
2.70802, 657.115, -506.311
6.80715, -811.306, -542.325
6.62116, 909.656, -912.107
6.25052, 22.9963, 737.413
3.55801, -165.101, 996.123
4.31029, -782.135, -192.534
4.43545, -592.029, -805.768
7.32918, 799.465, 645.965
6.5872, -166.635, 633.677
4.5755, -82.8568, 449.833
5.83759, 206.586, 185.175
2.52101, 478.059, 974.951
6.98048, -742.154, 254.802
3.68416, -343.36, 355.597
3.79415, 361.149, -96.9267
5.4939, 409.941, -711.709
6.89823, -851.506, 381.462
6.16299, -566.376, -593.766
6.0773, 915.98, 571.156
3.57724, -609.359, 480.971
6.30413, 678.367, -958.916
3.85351, -159.75, -562.381
2.75246, 671.102, 352.283
4.78866, 267.615, 245.632
2.58759, 450.252, -780.666
3.01129, 74.1457, -168.579
2.639, -129.589, 286.539
5.65921, -340.304, -515.142
6.34425, 84.8378, -246.216
2.74132, 525.467, -841.88
6.6924, -59.1253, -630.784
6.76899, -263.262, -322.676
6.57649, -443.194, 573.529
6.85188, 795.669, 406.504
5.27222, -635.713, -174.01
6.12646, -297.738, 61.5014
3.20424, -529.041, 942.989
6.6115, 602.782, -525.424
5.51185, 735.466, -197.874
4.93856, 510.057, -922.382
6.14942, -289.33, 956.572
4.05164, 757.731, -669.805
3.93925, -699.274, 354.99
5.45857, -955.272, 812.997
5.34055, 658.294, 888.661
5.41059, -935.157, -578.162
2.84132, -689.812, 283.275
4.34304, 149.947, -384.343
6.28475, -933.209, -578.766
6.35297, -447.856, -873.443
4.27217, -394.226, -251.71
5.98913, 244.319, 934.197
5.08005, -689.896, -306.314
5.94494, 392.609, 131.081
6.18066, -82.2906, 615.399
2.56231, -344.196, -676.201
7.16549, 606.664, -120.803
5.37826, 134.043, 126.897
3.05587, 457.283, 975.418
4.87388, -110.737, 22.2275
3.24247, 170.903, 90.6963
4.22594, 50.9248, 451.01
7.04476, -933.872, 177.026
4.54571, 15.8458, 515.353
5.96642, -675.635, -73.8113
3.35865, 385.102, -931.151
6.21715, 893.906, -499.479
4.16319, -422.793, 640.389
4.62157, 669.693, 311.166
2.79523, -137.156, -116.887
5.09005, 286.086, -236.469
5.94425, 475.481, -582.101
5.01149, -264.688, 25.9348
6.56617, -168.869, -752.37
3.07974, 81.2204, -941.384
5.24841, 264.524, 465.735
5.06046, 413.304, 21.5233
6.02649, 951.638, 441.857
5.65083, -235.839, 892.425
4.0207, -22.802, -631.731
6.74719, 400.408, 373.4
3.39619, 601.232, -19.6346
2.61737, -531.761, -100.336
4.19467, 743.06, 55.1598
3.43818, 349.458, -82.9417
6.60467, -285.787, 192.917
6.72507, -896.149, -154.241
6.78031, 845.051, -720.342
7.37454, -955.503, 637.248
2.99587, 471.614, -448.764
2.56182, 564.371, 657.902
2.58614, 212.076, 593.352
2.64527, 253.421, 94.4977
4.1031, 152.904, -377.994
6.17815, 628.43, 303.14
3.14876, 371.979, 474.263
2.5161, -367.706, 508.284
6.91905, 138.849, -791.659
3.70482, 232.122, -576.12
4.38481, -822.469, 756.884
4.44879, 607.985, 187.145
2.81534, 595.693, 295.637
7.30792, 183.771, 961.321
3.75349, 727.409, -337.559
6.85376, -681.961, -55.1543
2.85991, -920.235, 429.175
2.70653, -627.686, 579.915
3.46378, 364.91, -524.182
3.86708, -311.098, 302.836
7.4007, -954.335, -365.918
3.60607, 324.483, -542.771
6.43119, -876.397, 857.586
4.42306, 302.26, -422.897
3.78593, 481.129, -637.581
3.91087, -950.833, 66.8638
7.33834, 869.491, -32.7975
4.22841, 770.571, 173.885
3.45922, -986.469, 738.447
5.05037, -547.839, -381.589
5.21857, -558.986, 635.685
5.72333, -634.409, -616.116
3.89738, -10.1419, 787.374
3.41887, -296.479, -721.557
2.71579, -836.259, 385.24
3.98408, -510.209, -276.156
4.25548, -231.681, 141.262
7.09372, -421.395, 732.509
5.81225, 496.062, -359.2
5.08041, 867.691, 587.438
4.03763, 617.868, 589.756
3.0007, -353.996, 155.875
3.47502, 380.547, -881.524
4.11407, 31.7102, -133.089
5.56182, 967.335, 86.4826
5.13511, 962.363, -985.806
3.45653, 255.101, 286.232
4.7178, -655.487, -429.571
4.48693, -711.43, 857.192
6.28051, -608.01, 744.878
6.6213, 737.481, 602.645
5.51573, 141.883, -343.785
3.04573, 611.27, -831.174
4.11797, 488.066, -165.481
5.03403, 7.72751, 319.285
4.76521, -648.384, 797.28
4.77315, -182.026, -463.548
4.91125, 917.811, 908.97
5.07896, 369.993, -651.56
4.50207, 193.844, 813.701
4.22945, 961.157, 486.058
6.64533, 926.175, -239.43
3.02204, -734.24, -800.553
6.40057, 588.167, 570.64
3.19919, -297.854, -239.745
2.62171, -805.419, -513.717
6.0664, 407.608, -757.567
7.15538, 158.52, -822.344
7.47667, 179.646, 175.204
3.86264, -875.016, 152.841
3.6923, -485.495, -249.171
3.87328, 965.372, 620.752
5.70836, -910.413, -731.655
5.17637, 311.211, 157.311
6.8967, 838.753, -297.682
6.75968, -657.7, -844.169
2.98004, 912.543, -33.553
4.66818, -753.335, 195.966
3.17045, -206.546, -758.863
5.86802, -157.453, 321.499
5.34964, -53.2256, -483.626
3.66474, -625.517, 561.28
5.50306, 267.182, -691.001
2.6551, -805.339, -28.74
7.08512, 569.763, -313.226
3.82958, 863.81, -176.404
6.50016, -185.672, -509.15
5.46389, 172.219, -720.263
5.0822, 361.198, 619.465
5.2567, 318.053, 646.137
3.47225, 509.106, -233.162
5.36152, 119.629, -744.27
3.81992, 214.907, 403.409
4.41648, -765.101, 540.13
2.73626, -753.753, -897.632
4.22823, 590.838, -672.302
3.61594, 682.961, -439.309
3.81264, 16.401, -739.515
3.05141, -430.806, -401.661
7.40088, -706.542, 21.1743
5.93794, 810.713, 644.64
5.82158, -548.227, -377.986
5.99501, -602.471, -673.787
2.68746, -840.51, -779.971
3.6706, -628.554, -745.687
3.95397, 715.747, 694.321
3.50543, -42.1097, -262.246
2.7177, 378.743, 330.843
2.56571, -543.15, 526.625
6.07297, -528.598, 765.693
6.88348, -869.593, -632.587
5.35088, -890.878, 279.219
6.92743, 866.488, 873.351
5.20042, -356.219, -280.528
3.31357, 930.531, -648.652
3.30492, 970.974, 439.945
7.19182, 320.893, 287.907
3.45628, 555.244, -854.385
3.15761, -6.70902, -113.532
4.41122, -317.799, -4.57482
6.12674, 257.492, -267.017
2.50651, 541.082, 874.434
4.60222, 12.3605, 732.534
5.18984, 310.046, -213.954
4.86596, -239.12, 247.766
6.33003, 542.737, 873.341
2.9396, 555.15, -472.08
7.04284, 132.509, 324.401
3.20818, -880.274, -394.716
2.54782, 438.75, -52.5283
2.82267, 245.09, 507.301
4.96742, 382.156, 222.635
5.40914, 534.965, 991.071
4.03373, -950.171, 545.133
4.57091, 921.404, -71.1081
4.33401, -573.754, -690.207
3.42687, 187.302, 669.992
2.76788, 635.567, 159.533
4.47222, 542.51, -65.6213
3.98388, -348.267, -131.805
5.05388, -396.564, 821.51
3.75392, -698.787, 230.727
5.01589, 967.418, 884.366
2.51168, -18.8391, 801.38
7.01807, 999.259, -448.499
2.79181, -905.703, -949.714
5.17506, -690.677, 804.579
3.95754, -387.178, 877.837
7.3023, -816.073, -267.651
4.73406, 319.155, -109.319
5.08479, 896.537, 167.425
5.93861, -256.212, 9.94975
2.72187, -160.69, 76.8219
7.2946, -798.971, 607.439
5.70852, 367.418, 158.718
2.80215, 632.041, -782.333
3.33964, 47.6453, 268.411
5.76491, 487.655, -250.862
6.19864, -769.12, 337.034
3.57011, 862.567, 199.04
4.31441, 158.084, -877.157
6.56981, -648.337, 935.89
5.32057, 807.869, -470.692
7.45886, -41.7839, -900.303
6.5669, -763.784, 398.701
3.49157, -995.587, -23.2216
2.50003, -164.911, -857.967
4.62608, 948.421, -782.577
4.07406, 832.281, 192.811
5.56218, 607.195, -935.029
3.83351, -195.532, -544.668
4.39881, -595.31, -60.7096
5.43397, 971.353, 292.175
5.95636, -141.677, -517.548
7.26736, -460.354, -572.601
4.89785, -292.76, -956.29
3.60319, 374.919, -732.472
5.33741, -726.071, -446.042
6.09873, 435.212, 364.856
4.4953, -482.109, 568.402
3.48326, -693.445, 998.302
6.66971, -685.3, -763.166
5.59561, -448.175, -872.582
7.26866, -295.951, 170.928
3.23222, -14.4271, -282.222
5.38953, 41.5709, -460.716
7.26796, -391.716, 725.437
3.62331, 720.19, -976.249
7.25137, -487.882, 813.625
3.07874, 802.86, -518.919
2.58372, 29.3929, -264.427
3.90465, -345.897, -174.159
7.15042, 651.675, 166.377
3.04796, 745.073, 871.84
6.77266, 31.3601, 832.485
5.68532, -727.354, -733.029
5.63853, 407.901, -708.522
3.80589, 732.378, 740.747
5.13936, -951.197, 221.529
7.16608, -266.114, 916.943
3.98055, 924.37, 100.149
4.78006, 155.289, 458.83
6.35659, -656.983, -624.962
4.17193, 97.4247, 114.479
6.31775, -39.487, -947.456
6.65892, -29.9709, 943.952
2.64618, -725.318, 568.689
4.31315, 716.084, -267.984
4.16221, 291.01, 460.541
3.17675, -520.2, -307.302
3.00839, -307.189, 623.949
5.11327, -610.571, 816.793
3.52046, 30.6638, -535.495
5.00728, -873.256, -631.372
5.1371, 4.5327, 962.224
4.13422, -270.444, -293.17
4.75888, 225.907, -446.435
6.85263, -7.54667, 988.892
4.72884, 646.953, 865.668
6.03726, -459.236, -921.909
6.83171, 917.02, -699.489
6.5822, 872.575, 222.637
2.67504, 897.917, 837.289
3.8644, -655.318, -235.897
5.21858, -423.185, -431.002
3.19942, -995.851, -543.507
5.57408, -781.434, -936.54
3.29182, -696.976, -606.099
4.41129, 98.7049, 221.407
5.94997, -94.2453, 189.747
3.21128, -388.366, 460.06
5.65284, -785.317, 795.964
3.15973, 200.579, 936.779
7.13583, -741.149, 253.283
5.53465, -940.143, 785.244
5.50388, -922.284, 369.534
3.33635, 612.177, -533.086
3.301, -863.377, -401.716
5.91628, 625.415, -30.327
5.1456, -716.883, -14.4457
3.65264, -130.82, 814.186
6.55373, -502.455, -58.523
5.76477, -420.9, -561.541
4.08597, -549.19, -582.903
2.53953, -263.061, -817.062
3.49176, 724.206, 749.117
3.78831, -9.17969, 382.387
3.03825, 893.826, 38.8164
3.49545, 133.503, -437.046
6.75079, 803.754, -772.5
6.63912, -985.981, 220.027
6.76813, -960.653, -550.846
5.71027, 284.934, 780.477
3.6787, 731.224, -991.676
6.80638, -502.612, -811.295
5.4745, 37.186, -101.568
2.52745, 508.016, -28.7876
6.84925, -667.026, -472.735
7.37729, 651.306, 107.031
5.59653, 380.139, 13.0984
3.85574, -946.636, 379.319
7.46973, -158.384, -636.512
4.60751, -724.475, -531.132
4.20537, -795.4, -615.885
4.80717, 360.994, -138.364
4.44822, 264.988, -378.65
4.613, -51.2149, 515.682
2.84879, 132.307, 286.712
5.5153, -65.6006, -132.017
7.36114, -49.6896, 231.649
5.07406, -696.742, -536.951
7.45461, 957.289, -137.831
5.84906, 628.8, -149.954
4.01716, -606.024, 71.0343
3.47371, 876.473, 564.888
4.0109, -709.16, -939.059
4.93946, -334.572, 461.726
4.72438, 529.698, 976.846
5.7844, 319.276, -943.374
3.74227, -781.601, -669.355
4.72007, 55.0573, 556.341
5.75894, -691.746, 55.3149
6.67472, -713.334, 188.119
6.03698, 203.791, 824.409
4.93928, -872.591, -601.158
6.72039, 400.261, -239.932
7.00296, -496.421, -182.17
6.33082, -650.419, -527.672
5.29453, 628.299, 847.931
2.70603, -26.5299, 96.8226
5.46749, 564.783, 65.1989
2.68674, -682.998, 830.443
4.53488, 21.704, 437.068
2.84243, -977.682, -882.753
7.38558, -779.618, -882.619
2.5956, -518.219, -232.826
6.60363, -162.274, -276.187
5.2195, -371.448, 880.428
5.72828, 792.925, -332.454
3.62934, -260.757, 60.2156
2.733, 827.235, -693.835
3.63154, 215.521, -556.638
4.58371, -633.558, 135.451
6.40126, 266.387, -632.655
3.72852, -922.57, 391.856
4.81411, 662.192, 80.709
6.14756, 929.407, 291.635
5.35237, -330.252, 816.837
5.45997, 927.603, 929.229
4.98425, -945.933, 281.411
3.951, 497.421, 107.891
4.71107, -1.56473, -224.962
2.53669, 855.586, -395.683
7.41683, 505.021, -362.798
2.52822, -811.539, -143.273
4.8676, -95.1797, 736.15
5.86497, -310.042, -121.798
