6.27803, -736.543, -997.361
3.5948, 64.2441, -89.0464
5.89648, 358.693, -904.713
5.09708, -233.849, 871.741
2.76731, -931.706, 659.941
2.53849, 339.423, 59.47
4.58743, -862.836, -232.752
7.15218, 178.173, 374.356
2.95982, 52.8167, 692.174
6.00595, -164.861, 312.589
3.81226, 525.781, 819.353
4.14117, 471.952, -903.556
7.45519, 511.55, 263.665
7.41275, -508.597, -273.781
5.75759, 505.623, 444.528
6.92354, 262.921, -853.011
6.33247, -125.283, -453.821
3.87453, -521.027, -46.5213
4.93259, -671.787, -298.571
2.80282, 819.394, 793.023
5.08146, 8.50808, 807.216
4.96988, 971.177, -362.353
7.23882, -816.952, -468.131
4.42071, -6.4743, -844.103
5.14874, 826.16, -446.981
2.75042, 880.227, -68.6666
6.63909, 540.681, 528.096
5.94228, -965.273, -747.971
6.18112, 259.011, 735.889
6.94286, 994.598, 450.52
4.25508, -385.126, -534.119
6.72991, 182.321, 26.3373
3.84659, 668.727, -165.496
4.83959, 73.6298, -170.773
3.2686, -643.34, -422.022
2.66527, 607.557, 142.775
7.2768, -4.28986, 70.4953
6.95369, 109.56, 495.475
3.29884, 682.17, 248.741
3.15214, 429.131, -573.69
2.515, -451.375, -817.212
6.0491, -954.683, -175.656
3.40448, -517.464, 873.388
5.76029, 773.282, -363.571
4.42907, 363.778, -698.911
3.23766, -3.72656, -226.379
5.45054, 687.472, 173.497
3.24076, 115.431, 910.111
3.2091, -182.042, 964.941
4.94257, -494.568, 128.782
3.13015, 915.641, -71.4504
5.64635, -360.16, -599.04
5.60817, 301.748, -744.951
4.88216, -502.458, 604.582
2.64188, -588.221, -229.686
3.21011, -144.178, 802.174
3.15594, -180.01, 893.032
3.31099, -817.621, 765.824
3.76529, -268.847, -855.695
4.77654, 569.266, -731.755
6.54472, -94.9782, -300.478
3.57624, 302.91, 861.274
3.75063, 817.113, 362.148
5.02978, -57.7872, 721.198
6.27922, 634.984, 195.33
5.66369, 903.229, -72.7376
5.9449, 644.792, -124.074
7.27207, 972.383, 406.27
5.18713, -422.156, 705.809
4.57014, -788.903, 32.6386
4.70019, 752.269, 154.327
6.07821, 737.522, 459.099
6.20858, 411.248, 599.905
5.12494, 771.436, -960.799
6.06711, -867.9, -73.7535
5.91025, 334.852, -21.9031
6.82941, 832.608, -600.023
3.19597, 86.7314, 777.954
3.57766, 975.436, -100.02
5.0733, -366.887, -109.453
4.83766, -119.944, 758.561
3.55759, -268.646, 612.575
5.65244, -692.645, 993.69
2.5044, -989.812, 224.864
4.09589, 453.83, 545.66
5.90281, 364.134, -160.811
6.0446, 671.849, -588.473
2.90869, -809.876, 656.285
3.56926, 262.29, 530.901
4.44412, -836.364, -572.187
4.44927, 897.318, 903.564
3.92018, 383.592, -461.309
4.6123, 566.411, 552.646
2.55658, -606.56, -438.002
3.72027, 954.886, -618.276
4.49072, -724.858, 642.154
6.64177, -646.859, 201.708
3.78584, 974.374, -685.619
3.59705, -800, -532.761
6.47385, 391.107, 269.116
5.8476, 504.453, 392.106
5.49108, -889.707, 278.145
5.99917, -362.967, -544.442
5.13062, 525.853, -763.462
4.14833, 180.189, 104.437
3.30844, -714.261, 404.575
6.56633, 719.417, -28.8572
4.08004, 478.027, 114.596
4.05369, 55.9456, -730.34
4.65424, 35.7901, 173.294
4.46509, -249.283, -477.563
4.43916, -48.7741, -109.904
4.34871, -840.989, -442.228
5.88118, 343.33, -492.735
6.10384, 455.282, 27.9951
7.20082, -72.6408, 892.721
5.08573, -79.2915, -357.227
5.5282, -195.256, 322.852
5.85049, -696.809, 975.303
5.11404, 82.2759, -310.672
3.87105, -964.862, 653.951
7.08924, 93.3333, 285.561
3.73367, 937.659, -465.014
4.77876, 386.472, 685.967
3.30374, -954.865, 636.223
4.68319, 414.541, 411.799
7.45767, 500.968, 166.657
6.26931, -440.126, 391.152
4.97846, -988.839, -656.642
7.01651, -664.707, -839.826
4.68213, 492.959, 564.05
5.09239, 169.004, -985.029
4.44866, 88.1261, -864.063
5.63431, -226.223, -568.19
5.19331, 416.992, 318.113
4.35955, 632.108, -438.925
2.54674, -370.044, 365.495
6.3794, 41.507, -790.601
2.85317, -888.324, -559.678
3.98511, 446.37, -679.533
4.78581, -41.4002, -897.827
3.25156, -96.2626, 41.3286
5.97819, 667.914, -429.492
4.15587, 371.003, 160.282
5.21197, 972.27, -883.121
2.64678, 715.328, -991.94
5.38086, -21.104, -241.024
5.18133, 363.377, 475.829
7.36678, -756.205, -926.878
5.57063, -297.608, -621.578
5.26431, -746.853, 213.768
6.69051, -280.753, 906.827
3.75764, -484.201, 943.116
6.98957, 630.624, -146.432
5.97428, 517.337, -507.32
5.82752, -472.915, -95.8939
3.06838, -580.302, -768.329
3.37987, -984.782, 94.3828
2.91253, -136.17, 197.011
6.68103, -248.189, 373.236
2.64818, 942.455, -758.406
6.34719, -3.82136, -848.499
4.29829, -501.251, 866.934
6.24626, 1.34377, 536.517
6.28385, 362.926, 342.592
3.60834, -538.316, -925.156
5.58305, 305.152, 126.351
3.66846, -549.981, -255.054
6.22052, -668.751, 304.824
5.80997, -908.429, -683.405
4.9209, 901.381, -748.217
2.58972, 828.058, 240.389
4.98291, 445.276, 193.012
5.09587, -114.046, -889.8
4.71395, -874.403, 533.273
4.14528, -63.0758, 951.684
3.52671, 485.752, -107.678
7.19863, -252.782, -654.774
2.85168, -499.765, 927.278
3.30042, 52.1727, -749.71
6.70788, -789.085, 32.2759
4.13614, -157.072, -268.896
6.85942, 155.886, 427.268
5.99896, 672.254, 516.205
5.52801, 869.762, -221.081
4.77536, 79.2636, -271.798
2.91543, -520.779, -182.431
3.94883, -55.1301, -152.834
6.51009, -569.05, -788.392
6.81821, 336.141, 56.5148
3.81831, 422.214, -511.75
4.79881, -836.941, -235.147
4.95672, 602.457, -527.431
5.82344, -467.509, -991.302
7.31738, -626.597, -151.75
7.23022, 587.403, -733.32
2.81902, 223.878, -656.353
5.04829, -407.329, -309.397
6.13222, 668.473, 654.585
5.65882, 602.362, -340.078
3.26658, -916.161, -908.946
5.09652, -868.684, 541.118
3.52281, -557.696, 856.489
6.03231, 399.712, -821.38
6.05786, -475.419, -13.0451
3.66304, -585.6, -238.018
6.80594, -65.6443, -133.79
2.67122, -110.15, 952.281
6.26587, -936.031, 49.7533
4.14789, 644.043, 178.139
4.65309, 72.1307, -534.675
7.33455, 971.238, -193.293
4.05803, 733.97, 698.097
5.69762, 991.318, -701.991
5.95386, 865.766, -62.7434
5.36403, 81.1433, 629.686
6.60667, 891.174, -682.697
4.21807, -907.767, -683.21
5.09387, -808.37, -777.51
6.78438, 122.695, -953.014
6.18587, 347.454, 37.1433
3.45992, -949.123, 392.435
2.83145, -308.187, 341.159
3.60828, 845.42, -719.584
3.33656, 171.152, -237.202
6.31172, 382.134, -940.547
5.44905, -844.297, 425.715
4.65223, 859.479, 851.971
7.09618, 661.404, 12.0562
5.09668, 446, 195.985
7.38058, -678.008, -19.9402
5.15714, -453.224, 147.808
2.98716, 334.145, 394.795
5.83983, 219.764, 98.1122
5.44444, 140.819, -19.7658
5.01137, -702.708, -109.885
2.75808, -934.382, 461.117
2.6753, -350.362, 32.3369
4.41484, -785.656, -511.525
5.55555, 191.849, 103.577
5.06574, 542.04, 874.829
5.98498, 301.48, -26.5052
4.89891, -25.6938, -185.236
3.88323, 68.3657, 421.393
6.01685, -439.46, 210.143
3.67701, 875.618, 59.4301
6.41501, 191.117, -174.583
6.60589, 361.738, 838.547
3.21842, -537.375, 54.0417
5.75757, -492.913, 804.252
3.87677, 870.709, -988.114
7.26215, -436.794, 716.776
4.58238, -752.815, 13.8571
3.03869, -126.826, 404.05
4.70633, -799.217, 531.925
6.28811, -416.397, -304.033
2.77803, -338.55, -321.373
3.51241, -28.6394, 145.512
6.82305, 945.319, -783.229
6.52456, -265.366, -13.9433
2.78861, -680.023, -674.21
4.40304, -64.0537, -701.426
4.56124, -148.836, 766.181
2.80071, -382.368, 302.539
7.09746, 799.843, 639.484
3.35398, 538.976, 803.295
6.51634, -934.89, 148.484
3.88599, 723.465, 45.2349
4.44586, 173.2, 738.59
7.19936, 52.2332, 623.681
6.24573, 160.349, -162.184
3.44774, -324.488, 760.627
6.89581, 436.897, 485.625
6.8953, 418.912, -852.238
3.30515, -812.318, -266.425
5.87346, -805.648, -166.338
6.89096, 626.95, 125.949
6.98262, 264.358, 532.266
3.06535, -26.0609, 755.643
5.93789, -233.821, -248.261
3.21651, -842.917, -759.667
3.6901, 415.666, -44.66
5.64383, 949.284, -218.023
4.312, 817.243, 361.334
4.64437, 588.517, 717.985
4.91936, -8.21872, -843.905
6.20379, -1.70324, -102.772
3.23098, -395.674, 866.578
7.36238, -837.068, -776.68
7.3158, -518.278, -190.52
3.14741, -602.483, 665.906
5.3784, -320.459, -607.068
4.66439, 170.862, -121.243
5.50066, -240.506, -261.417
5.85098, -700.468, -136.796
4.5137, 396.338, 989.198
6.46691, 639.599, 696.584
4.89889, -978.477, -251.069
5.72449, 295.055, 277.315
4.28836, -245.814, 598.699
5.96794, -330.882, -220.856
5.83428, -416.971, -707.43
3.22071, -374.393, 710.051
7.10415, -983.983, 214.703
4.22228, 32.4949, -235.909
6.66824, -416.657, -470.805
2.74349, 269.99, -749.276
3.27936, -247.033, -73.8589
2.55765, 331.593, 510.244
3.94327, 121.368, 589.238
5.07295, -350.984, -171.458
3.65948, 683.331, 437.976
2.75022, -241.039, -66.9405
5.33091, -595.41, -849.193
6.69774, -153.782, 670.717
4.28763, -642.989, -423.661
4.3452, 167.995, 870.997
7.22226, 255.971, -73.6051
4.72425, -907.057, -183.76
6.82086, 495.35, 189.187
5.82654, -789.846, -737.008
5.79297, 163.683, 666.013
7.10736, -960.998, 962.888
5.11536, 940.089, -614.789
5.45229, 439.357, -442.215
5.79944, 668.682, 670.474
4.24765, 292.197, 460.444
4.11714, 335.484, 60.105
7.08984, -112.12, 738.806
3.08619, 903.61, -446.304
7.31268, 676.222, -171.196
5.17978, 46.5154, -332.422
5.81447, 856.838, 635.269
5.48362, 888.552, -507.553
6.93363, -506.139, -746.672
6.67999, -670.997, -607.569
6.69339, 246.635, 204.022
6.85642, -215.251, 341.582
2.5002, -768.78, 334.289
4.77274, 258.15, 351.198
4.25696, -933.218, 152.135
5.80713, -258.08, 709.384
6.22234, -872.985, 152.819
3.3821, -118.429, -445.796
7.4621, 794.496, -814.398
5.95466, -933.041, 174.24
6.97862, 141.325, -17.6936
3.51579, 374.775, -131.566
7.2356, -456.315, -36.4623
4.88476, 896.086, -505.679
6.78578, 921.904, -746.524
6.41237, -982.246, -560.836
5.70687, 914.206, -904.279
3.14521, -724.864, 147.665
5.77944, 4.04349, 649.656
3.09199, 53.0648, 9.62807
3.88793, 336.351, 804.814
6.65548, -219.77, -226.998
6.14153, -752.385, -513.614
6.74348, -597.8, 295.937
3.43989, -785.1, -948.194
6.09602, 558.554, -278.754
4.25586, 160.687, 332.576
3.34555, -415.877, -687.276
4.52383, 339.658, -549.91
4.20924, 159.003, 771.608
6.67141, 395.051, -125.561
3.9111, 698.028, 584.086
5.16766, -672.741, -477.257
6.25085, 994.971, -852.997
4.62554, -686.099, -763.256
4.66964, -570.601, 547.039
3.03022, 858.037, -932.793
6.4639, -37.7104, -466.583
3.91232, -573.029, -483.935
7.14264, -579.834, -236.847
5.37926, 240.191, 520.04
3.4895, 816.998, -288.697
5.99081, 574.939, -757.146
3.07265, 495.516, -960.795
4.22945, 307.315, 788.253
4.15646, -584.391, -238.204
6.42735, 828.483, -962.76
6.65775, 459.681, -212.885
4.21712, -740.125, 755.172
4.2603, -274.701, 886.903
6.38197, 146.132, -833.487
6.58658, -12.8875, 688.126
4.26157, -130.144, 285.087
7.09559, -432.787, -301.273
3.2877, 490.664, 253.209
5.56029, -487.749, 564.745
5.54222, -374.474, 710.231
3.16647, -252.148, -746.483
3.51409, -746.387, -477.305
4.79457, -857.226, 501.144
3.48759, -528.128, 927.417
6.77118, -840.445, 373.913
6.54562, -759.624, -693.387
2.80131, -907.424, 886.774
6.50584, -718.111, 656.283
5.49597, -193.002, -543.77
7.43182, -891.384, 308.376
2.65919, -162.991, 639.015
6.8356, 946.753, -772.038
3.69109, 669.034, 348.207
3.6127, 176.849, 432.19
4.73907, -991.234, -543.198
2.61231, 861.379, -173.002
6.79755, -253.986, 21.9112
4.15902, 213.565, 590.89
5.72195, 306.672, 249.756
7.43521, -946.147, -482.544
5.30162, 284.602, -583.958
4.74553, -758.206, -246.214
5.213, 171.096, -716.958
2.90797, 773.109, -32.8105
3.99606, -804.88, -272.266
6.63964, 823.62, 680.235
6.48936, 625.825, 938.168
5.71048, -103.005, 679.722
4.84105, 630.926, 386.813
7.15326, -197.799, -610.86
5.08798, -249.179, -71.9912
7.42924, 798.111, -541.424
5.94567, -81.5254, -724.015
6.19966, -181.035, -445.481
3.46323, -392.425, -935.422
6.08881, -451.38, 625.129
6.11146, 570.04, -181.539
6.49298, 266.316, 153.889
4.23216, 255.389, -997.45
5.1481, -15.7604, -58.6739
3.19001, 715.896, -361.494
6.73218, -225.399, -205.436
6.32766, -84.8295, -885.663
7.5, 923.482, -417.049
4.24891, 483.077, 994.651
5.50367, -601.194, 591.582
3.50808, -496.275, 84.6683
6.2385, 28.292, 152.228
6.49225, 977.002, 216.199
3.03505, -706.161, 109.346
5.35813, -507.224, 47.3683
2.84683, 358.543, -333.433
4.16036, 749.27, 689.392
5.80945, 487.147, -708.374
5.27726, 171.61, -193.964
7.12415, 228.951, -11.7274
2.69832, -486.166, 226.892
2.62083, -311.936, 240.444
4.61923, 214.561, -656.906
4.36987, 460.806, 136.216
2.93303, -235.126, -258.522
3.05403, -162.956, 166.192
5.31992, 368.861, -348.471
7.37269, 61.9858, 742.606
3.05066, -47.7838, -882.202
5.99352, 99.0446, 982.001
2.79674, -50.2772, -743.428
4.69755, 835.563, -108.63
5.24651, 992.696, 716.287
3.45129, 691.693, -750.531
7.36597, 313.658, 327.591
3.19593, -676.181, -70.7455
5.48978, 942.037, -432.806
7.12812, -873.235, 704.197
3.91116, -76.739, 889.558
6.8307, -140.084, -81.3231
6.29598, -228.487, -601.184
6.10793, 355.005, 622.929
3.34241, -377.237, 370.554
3.32882, 838.076, 374.633
3.39076, -647.393, -990.36
5.87226, 335.73, -602.599
4.83484, -355.263, 40.2837
6.85219, -811.41, -358.196
5.76023, -696.23, -117.807
5.80464, 762.992, 881.695
2.58037, -661.146, -596.63
4.30596, -779.348, -667.128
3.72747, 925.525, 119.977
6.93086, -937.982, -950.589
5.23701, 825.147, 773.558
6.57209, -26.312, -651.941
5.24453, 174.653, 868.308
4.16156, 506.389, -55.8973
4.40213, 24.7096, -654.804
2.52389, 932.309, 655.065
6.95226, -90.6107, -397.31
6.16955, -497.836, 686.176
6.04239, -153.749, 667.564
5.1278, 54.5009, -187.351
6.41065, -191.608, -815.441
3.42484, -385.46, -470.455
5.72673, 244.652, 512.008
3.42178, -689.821, -343.474
3.31214, 64.0309, -86.2326
2.65594, -181.928, 850.644
7.42716, 130.336, -665.617
4.04559, -332.009, -717.72
4.11075, -669.356, -296.649
5.51155, 287.921, -232.835
2.89107, -329.552, -923.12
3.93936, -19.3514, 89.2749
5.79307, -122.913, -493.706
7.36348, -993.841, -349.036
7.27758, -363.183, -796.634
7.42745, -670.77, -288.938
7.30478, -914.273, -764.245
3.0073, -558.748, 568.673
3.71505, -126.229, -490.298
6.91151, 98.941, -433.63
5.28805, 340.627, 701.274
6.7669, 803.071, 515.944
7.49145, -535.666, 523.399
3.99751, -257.994, -481.982
6.33157, 979.572, 488.484
4.81901, 284.185, -143.451
6.8168, -636.261, -793.447
6.99018, 860.829, 5.2243
7.377, 257.978, -416.772
2.77405, 660.877, 79.5023
6.32605, 948.703, -617.904
5.09219, -933.919, 739.425
3.46574, 930.39, -241.518
6.98252, 195.443, -543.198
6.38492, -831.683, 98.2242
2.75968, 416.056, 541.434
7.47331, -854.595, 765.758
5.93659, -2.51431, -459.317
5.94854, 888.298, 496.783
6.57666, -657.301, 820.591
7.05426, -36.6131, -436.249
3.34218, -201.384, 404.569
5.24183, -580.148, 804.206
6.53351, -482.393, -252.063
4.17803, 320.636, -532.089
5.53435, -101.976, 39.1252
6.59602, -953.231, 334.086
7.3485, 84.8354, -247.082
6.29349, 585.026, 492.981
3.72113, -183.333, -92.991
5.80589, -572.214, 403.673
4.21574, -448.027, -186.577
7.27146, 376.115, -396.41
2.60828, 803.772, 555.837
4.54979, -891.977, 947.01
2.55789, 590.279, -672.719
3.04964, 841.51, 200.641
5.28259, -850.201, 91.5571
4.45466, -31.2059, -235.402
7.20539, 117.942, -182.694
2.55572, 179.3, 395.862
6.22897, -223.588, -435.508
3.84293, 109.932, 128.492
4.27153, -678.021, -761.01
3.45835, -465.172, 617.132
5.14832, 295.884, -170.039
4.39478, -58.5549, -855.237
3.16407, -12.8029, -802.75
4.26563, -125.133, -565.562
4.2497, 783.909, 985.946
7.41084, 610.527, -121.372
5.25961, 150.487, -383.917
4.99918, 13.498, -714.122
3.58531, -834.652, 457.406
4.37311, -231.932, -651.818
6.78251, -663.52, -471.155
6.45578, 789.214, -510.566
3.9204, -491.415, 929.073
5.07645, 437.456, 100.591
6.79238, -293.966, -25.2793
7.07844, -945.316, -172.682
7.48941, 136.58, 916.82
6.53177, 173.268, -195.338
5.22718, -903.626, -184.936
7.3461, 149.807, -737.52
5.31931, -585.26, 362.64
4.03031, -415.725, 660.216
5.41853, 967.082, 953.453
2.91197, 55.7139, -332.187
5.47382, 353.24, 624
3.31968, -598.706, -591.669
6.46527, -609.827, -436.762
2.95373, 578.966, 741.023
6.3072, -505.458, -679.794
6.83996, -219.675, 32.6275
6.40105, 192.041, -334.461
6.61399, 908.61, 970.516
6.70974, 372.582, 553.386
4.48328, 532.144, 256.269
6.508, -159.266, 170.383
6.56811, 380.788, -44.1558
5.43493, -409.938, 101.299
4.64621, 796.175, -50.3179
2.5002, -68.0798, -479.261
5.31153, -815.451, 316.624
6.22632, 336.033, 355.503
3.89846, 965.922, 296.483
2.93406, -987.226, 565.119
3.5733, 853.472, -880.862
3.93296, -493.24, 555.56
4.86595, -406.898, 475.391
6.95893, 845.397, 819.886
5.91955, 507.809, -500.47
3.54376, -50.7081, -65.7173
6.67533, 794.412, 12.0981
7.09218, 940.804, 917.64
4.48244, -474.818, -701.388
6.37858, 541.784, 537.341
5.68161, -161.509, -90.585
6.64746, 483.548, 292.125
3.40204, 558.689, -458.472
7.45927, 579.876, -765.722
6.70558, -150.963, -844.96
4.65177, 888.52, 266.163
4.38589, 596.774, 890.155
2.70802, 655.685, -505.792
6.80715, -807.541, -539.627
6.62116, 912.626, -906.139
6.25052, 15.7673, 733.316
3.55801, -165.184, 993.805
4.31029, -781.878, -192.277
4.43545, -591.406, -803.397
7.32918, 805.168, 639.531
6.5872, -168.357, 631.014
4.5755, -82.3952, 449.378
5.83759, 205.861, 183.995
2.52101, 477.363, 975.466
6.98048, -741.626, 254.033
3.68416, -343.453, 355.272
3.79415, 359.379, -96.0159
5.4939, 406.764, -707.709
6.89823, -844.187, 378.386
6.16299, -565.474, -592.178
6.0773, 913.78, 570.727
3.57724, -608.472, 481.053
6.30413, 678.6, -958.108
3.85351, -160.474, -560.584
2.75246, 667.487, 341.824
4.78866, 268.762, 245.678
2.58759, 449.194, -779.246
3.01129, 75.3293, -175.82
2.639, -129.532, 281.717
5.65921, -340.833, -515.634
6.34425, 85.2629, -247.253
2.74132, 525.599, -840.724
6.6924, -58.0424, -630.669
6.76899, -263.079, -320.609
6.57649, -444.754, 574.033
6.85188, 795.118, 405.719
5.27222, -634.084, -172.107
6.12646, -296.139, 59.7344
3.20424, -527.53, 937.743
6.6115, 600.745, -530.909
5.51185, 733.96, -197.41
4.93856, 509.059, -920.933
6.14942, -288.525, 953.482
4.05164, 757.601, -669.28
3.93925, -699.358, 354.124
5.45857, -953.358, 810.943
5.34055, 656.457, 886.024
5.41059, -928.385, -578.776
2.84132, -689.454, 283.204
4.34304, 152.692, -382.68
6.28475, -937.316, -576.105
6.35297, -447.217, -874.554
4.27217, -394.073, -252.333
5.98913, 243.118, 932.698
5.08005, -683.144, -303.193
5.94494, 391.478, 131.881
6.18066, -82.1582, 615.72
2.56231, -343.596, -675.214
7.16549, 606.376, -122.806
5.37826, 133.602, 126.489
3.05587, 459.211, 974.697
4.87388, -109.034, 25.2958
3.24247, 173.937, 94.6619
4.22594, 50.9728, 449.856
7.04476, -933.023, 184.552
4.54571, 15.3652, 516.443
5.96642, -679.229, -77.0829
3.35865, 382.852, -935.192
6.21715, 893.584, -505.975
4.16319, -423.768, 641.436
4.62157, 667.871, 311.481
2.79523, -137.275, -115.212
5.09005, 282.245, -239.726
5.94425, 474.623, -581.476
5.01149, -255.85, 21.3206
6.56617, -169.109, -751.483
3.07974, 81.7574, -939.628
5.24841, 266.916, 465.494
5.06046, 411.663, 21.3306
6.02649, 953.558, 441.643
5.65083, -236.996, 889.732
4.0207, -24.249, -634.121
6.74719, 400.119, 372.044
3.39619, 602.334, -20.4156
2.61737, -530.701, -100.274
4.19467, 740.343, 54.0543
3.43818, 350.739, -84.9936
6.60467, -286.417, 189.998
6.72507, -895.69, -156.496
6.78031, 846.478, -720.322
7.37454, -954.544, 641.36
2.99587, 470.215, -448.424
2.56182, 564.473, 656.974
2.58614, 220.114, 585.206
2.64527, 252.314, 95.0676
4.1031, 151.094, -391.25
6.17815, 627.722, 302.636
3.14876, 363.334, 475.822
2.5161, -368.012, 507.436
6.91905, 139.096, -790.993
3.70482, 231.461, -574.693
4.38481, -821.259, 759.757
4.44879, 610.047, 186.172
2.81534, 595.91, 295.122
7.30792, 183.703, 958.621
3.75349, 726.839, -338.181
6.85376, -680.412, -58.6005
2.85991, -918.945, 427.446
2.70653, -624.938, 577.791
3.46378, 363.035, -523.689
3.86708, -310.574, 302.858
7.4007, -953.323, -365.635
3.60607, 324.849, -539.536
6.43119, -875.871, 856.524
4.42306, 301.184, -422.296
3.78593, 480.211, -637.095
3.91087, -947.914, 65.7863
7.33834, 868.547, -34.0525
4.22841, 768.588, 172.608
3.45922, -984.428, 737.89
5.05037, -548.074, -377.985
5.21857, -558.108, 634.676
5.72333, -637.208, -615.665
3.89738, -10.2532, 788.071
3.41887, -296.572, -720.09
2.71579, -843.711, 376.925
3.98408, -502.894, -264.865
4.25548, -231.555, 140.813
7.09372, -421.325, 728.101
5.81225, 505.996, -362.908
5.08041, 866.924, 586.277
4.03763, 616.385, 588.422
3.0007, -353.074, 155.343
3.47502, 380.089, -881.008
4.11407, 31.4986, -132.137
5.56182, 964.954, 86.6458
5.13511, 961.316, -984.476
3.45653, 256.882, 285.196
4.7178, -648.715, -428.197
4.48693, -709.924, 855.319
6.28051, -607.239, 744.818
6.6213, 736.956, 602.624
5.51573, 141.993, -344.398
3.04573, 610.234, -829.488
4.11797, 487.283, -165.407
5.03403, 8.26694, 318.769
4.76521, -648.246, 798.688
4.77315, -181.219, -461.102
4.91125, 917.98, 910.328
5.07896, 369.548, -651.32
4.50207, 198.583, 818.538
4.22945, 962.71, 484.98
6.64533, 929.009, -240.548
3.02204, -732.958, -798.858
6.40057, 586.628, 568.928
3.19919, -297.647, -239.479
2.62171, -801.158, -516.054
6.0664, 407.094, -755.473
7.15538, 155.198, -822.453
7.47667, 181.533, 174.789
3.86264, -882.183, 152.902
3.6923, -476.491, -254.866
3.87328, 963.48, 620.18
5.70836, -909.135, -731.104
5.17637, 310.746, 156.016
6.8967, 836.421, -297.072
6.75968, -664.538, -839.798
2.98004, 909.592, -35.6045
4.66818, -750.688, 199.256
3.17045, -205.577, -757.706
5.86802, -161.582, 316.154
5.34964, -53.4478, -480.165
3.66474, -623.916, 563.202
5.50306, 266.697, -689.823
2.6551, -803.714, -28.2247
7.08512, 568.937, -312.333
3.82958, 864.343, -178.999
6.50016, -184.86, -509.492
5.46389, 169.086, -724.219
5.0822, 358.176, 617.364
5.2567, 319.609, 644.205
3.47225, 507.063, -233.565
5.36152, 121.55, -743.397
3.81992, 213.851, 402.787
4.41648, -765.354, 539.758
2.73626, -754.788, -897.568
4.22823, 587.301, -670.898
3.61594, 678.826, -436.795
3.81264, 17.017, -737.447
3.05141, -430.158, -402.338
7.40088, -705.911, 20.1746
5.93794, 796.634, 640.858
5.82158, -547.824, -380.184
5.99501, -601.915, -673.14
2.68746, -833.177, -775.321
3.6706, -629.003, -745.746
3.95397, 717.665, 693.98
3.50543, -39.4562, -259.683
2.7177, 375.732, 332.773
2.56571, -531.736, 520.918
6.07297, -527.613, 765.557
6.88348, -871.725, -629.8
5.35088, -887.515, 271.238
6.92743, 865.943, 870.783
5.20042, -356.526, -280.086
3.31357, 930.009, -647.684
3.30492, 967.693, 440.327
7.19182, 319.216, 287.443
3.45628, 554.253, -852.709
3.15761, -4.31004, -108.15
4.41122, -315.133, -5.33719
6.12674, 257.844, -265.279
2.50651, 539.665, 874.478
4.60222, 22.2188, 736.286
5.18984, 307.974, -214.05
4.86596, -238.784, 247.318
6.33003, 544.339, 870.41
2.9396, 555.026, -469.698
7.04284, 133.758, 323.854
3.20818, -876.635, -395.699
2.54782, 436.111, -51.7292
2.82267, 239.213, 522.121
4.96742, 381.841, 222.477
5.40914, 532.352, 984.443
4.03373, -948.77, 544.85
4.57091, 916.806, -68.5146
4.33401, -574.593, -688.957
3.42687, 185.056, 668.928
2.76788, 639.577, 162.342
4.47222, 541.395, -65.4533
3.98388, -347.957, -132.064
5.05388, -396.289, 820.797
3.75392, -699.978, 230.302
5.01589, 964.905, 885.114
2.51168, -15.5562, 797.192
7.01807, 996.868, -448.186
2.79181, -906.1, -948.249
5.17506, -688.377, 804.992
3.95754, -383.929, 875.168
7.3023, -814.03, -273.026
4.73406, 319.8, -109.214
5.08479, 894.817, 167.724
5.93861, -256.12, 16.1255
2.72187, -160.627, 76.0452
7.2946, -798.169, 606.87
5.70852, 363.553, 155.503
2.80215, 630.183, -780.964
3.33964, 48.6415, 268.165
5.76491, 487.602, -249.314
6.19864, -769.507, 339.524
3.57011, 860.09, 200.919
4.31441, 157.281, -874.407
6.56981, -648.113, 934.783
5.32057, 807.804, -470.602
7.45886, -41.9794, -897.105
6.5669, -763.658, 397.465
3.49157, -993.921, -23.0163
2.50003, -161.251, -853.516
4.62608, 943.57, -775.836
4.07406, 834.67, 195.405
5.56218, 606.875, -933.773
3.83351, -202.443, -544.249
4.39881, -595.063, -61.2167
5.43397, 965.894, 296.752
5.95636, -141.518, -515.26
7.26736, -459.218, -571.806
4.89785, -292.87, -954.576
3.60319, 376.058, -730.437
5.33741, -724.682, -447.177
6.09873, 432.914, 364.194
4.4953, -489.847, 562.542
3.48326, -689.844, 990.185
6.66971, -674.079, -758.749
5.59561, -449.207, -868.851
7.26866, -294.405, 172.592
3.23222, -14.3639, -279.658
5.38953, 40.5653, -459.936
7.26796, -392.363, 722.678
3.62331, 720.543, -977.936
7.25137, -490.645, 807.974
3.07874, 798.523, -518.123
2.58372, 29.6734, -262.14
3.90465, -353.427, -170.532
7.15042, 647.051, 168.317
3.04796, 746.73, 872.001
6.77266, 30.2923, 830.019
5.68532, -726.457, -732.24
5.63853, 409.25, -711.593
3.80589, 726.701, 744.016
5.13936, -950.965, 219.832
7.16608, -268.702, 912.997
3.98055, 923.318, 101.491
4.78006, 155.899, 456.272
6.35659, -656.559, -621.035
4.17193, 99.8297, 116.335
6.31775, -39.5486, -943.931
6.65892, -30.0799, 943.113
2.64618, -725.169, 568.31
4.31315, 715.359, -267.614
4.16221, 283.65, 461.2
3.17675, -519.108, -304.506
3.00839, -306.65, 623.666
5.11327, -609.958, 815.185
3.52046, 30.6548, -534.37
5.00728, -867.969, -631.023
5.1371, 2.79304, 961.741
4.13422, -269.02, -292.95
4.75888, 226.178, -445.116
6.85263, -7.41287, 985.448
4.72884, 645.625, 865.286
6.03726, -458.892, -919.606
6.83171, 915.138, -699.241
6.5822, 870.422, 221.119
2.67504, 895.643, 837.721
3.8644, -654.016, -236.471
5.21858, -422.771, -430.835
3.19942, -991.13, -546.231
5.57408, -779.096, -936.009
3.29182, -692.605, -605.554
4.41129, 99.044, 221.145
5.94997, -94.3527, 189.504
3.21128, -389.154, 460.863
5.65284, -785.053, 794.388
3.15973, 199.346, 936.317
7.13583, -740.09, 251.528
5.53465, -939.345, 784.849
5.50388, -922.082, 370.787
3.33635, 597.007, -527.095
3.301, -863.586, -401.277
5.91628, 623.926, -29.8273
5.1456, -714.756, -13.8789
3.65264, -132.146, 811.22
6.55373, -502.327, -58.2204
5.76477, -420.434, -560.795
4.08597, -552.349, -584.314
2.53953, -262.565, -815.935
3.49176, 729.472, 741.197
3.78831, -8.54303, 382.033
3.03825, 891.307, 38.6871
3.49545, 132.425, -435.2
6.75079, 803.754, -771.989
6.63912, -984.965, 212.123
6.76813, -960.345, -552.321
5.71027, 285.735, 779.694
3.6787, 728.024, -988.56
6.80638, -502.646, -809.832
5.4745, 36.8384, -102.481
2.52745, 507.22, -30.0776
6.84925, -662.517, -472.144
7.37729, 650.023, 106.502
5.59653, 379.223, 13.6108
3.85574, -943.017, 380.134
7.46973, -159.242, -634.684
4.60751, -723.325, -529.988
4.20537, -794.814, -615.413
4.80717, 363.353, -137.666
4.44822, 264.37, -379.315
4.613, -50.2328, 515.427
2.84879, 131.885, 287.488
5.5153, -57.8958, -127.054
7.36114, -49.7131, 230.892
5.07406, -696.812, -535.732
7.45461, 955.605, -137.68
5.84906, 626.057, -147.706
4.01716, -605.75, 70.5945
3.47371, 875.14, 566.473
4.0109, -709.878, -937.346
4.93946, -334.903, 461.311
4.72438, 531.15, 981.304
5.7844, 319.793, -941.525
3.74227, -779.726, -668.101
4.72007, 54.897, 555.865
5.75894, -691.889, 53.6674
6.67472, -713.841, 188.851
6.03698, 199.175, 819.323
4.93928, -871.32, -602.662
6.72039, 399.826, -239.047
7.00296, -499.118, -183.777
6.33082, -651.034, -526.484
5.29453, 628.829, 848.723
2.70603, -20.6362, 90.8622
5.46749, 564.247, 65.5559
2.68674, -680.692, 827.427
4.53488, 23.1621, 437.01
2.84243, -976.248, -882.018
7.38558, -777.866, -882.481
2.5956, -517.273, -233.619
6.60363, -159.777, -272.246
5.2195, -375.299, 877.812
5.72828, 791.877, -332.568
3.62934, -260.748, 56.7545
2.733, 828.508, -695.075
3.63154, 214.535, -555.898
4.58371, -633.579, 135.211
6.40126, 265.984, -631.876
3.72852, -922.436, 388.389
4.81411, 658.959, 88.5702
6.14756, 928.884, 291.225
5.35237, -330.458, 815.946
5.45997, 928.466, 924.393
4.98425, -943.686, 281.013
3.951, 493.958, 109.355
4.71107, -4.88721, -226.69
2.53669, 854.669, -396.004
7.41683, 496.432, -359.063
2.52822, -809.934, -146.046
4.8676, -99.125, 735.917
5.86497, -310.407, -122.022
