6.27803, -736.643, -998.05
3.5948, 64.906, -90.1242
5.89648, 358.439, -905.024
5.09708, -233.605, 871.07
2.76731, -931.46, 660.477
2.53849, 337.613, 56.1142
4.58743, -863.759, -232.855
7.15218, 178.114, 374.13
2.95982, 53.0924, 692.213
6.00595, -166.041, 310.933
3.81226, 525.409, 819.703
4.14117, 472.007, -903.952
7.45519, 511.876, 264.097
7.41275, -508.625, -273.793
5.75759, 505.909, 444.737
6.92354, 263.012, -853.435
6.33247, -125.85, -454.106
3.87453, -521.953, -45.9859
4.93259, -670.789, -293.541
2.80282, 819.137, 793.649
5.08146, 8.65765, 807.772
4.96988, 971.729, -362.242
7.23882, -817.366, -468.021
4.42071, -3.23949, -846.618
5.14874, 826.549, -446.675
2.75042, 880.747, -69.3455
6.63909, 540.571, 526.494
5.94228, -966.059, -748.311
6.18112, 259.031, 736.047
6.94286, 995.742, 450.599
4.25508, -385.73, -533.981
6.72991, 182.294, 26.3922
3.84659, 671.213, -167.224
4.83959, 74.0443, -170.795
3.2686, -644.363, -423.272
2.66527, 606.821, 142.918
7.2768, -3.95084, 70.0637
6.95369, 109.457, 495.766
3.29884, 682.67, 248.993
3.15214, 429.206, -573.901
2.515, -451.23, -817.423
6.0491, -953.711, -174.995
3.40448, -518.211, 874.035
5.76029, 773.465, -363.928
4.42907, 363.488, -699.017
3.23766, -1.49998, -225.604
5.45054, 688.445, 173.726
3.24076, 114.574, 910.287
3.2091, -182.155, 965.377
4.94257, -494.878, 129.048
3.13015, 917.335, -72.2549
5.64635, -360.511, -599.419
5.60817, 301.949, -745.376
4.88216, -502.945, 605
2.64188, -589.911, -227.054
3.21011, -144.958, 802.451
3.15594, -179.842, 893.542
3.31099, -816.935, 767.523
3.76529, -268.972, -856.266
4.77654, 568.412, -731.208
6.54472, -95.0877, -300.602
3.57624, 303.009, 861.819
3.75063, 817.464, 360.199
5.02978, -57.7067, 721.336
6.27922, 635.018, 196.81
5.66369, 902.943, -73.4906
5.9449, 646.045, -123.321
7.27207, 972.885, 405.772
5.18713, -421.91, 704.855
4.57014, -788.074, 35.2778
4.70019, 752.487, 154.085
6.07821, 737.786, 459.203
6.20858, 411.726, 600.308
5.12494, 771.601, -961.066
6.06711, -868.349, -73.6489
5.91025, 334.989, -21.9573
6.82941, 832.78, -600.25
3.19597, 87.0393, 778.5
3.57766, 976.299, -99.83
5.0733, -367.323, -109.055
4.83766, -120.134, 759.764
3.55759, -268.925, 612.768
5.65244, -692.684, 994.903
2.5044, -992.276, 227.244
4.09589, 454.05, 545.934
5.90281, 364.348, -161.822
6.0446, 672.109, -588.736
2.90869, -810.145, 656.582
3.56926, 260.666, 529.512
4.44412, -836.759, -572.372
4.44927, 896.709, 903.739
3.92018, 383.787, -461.377
4.6123, 566.755, 552.944
2.55658, -603.945, -438.974
3.72027, 958.541, -617.773
4.49072, -725.483, 641.364
6.64177, -646.696, 201.789
3.78584, 974.755, -685.322
3.59705, -798.972, -532.627
6.47385, 391.346, 269.2
5.8476, 504.827, 392.205
5.49108, -889.125, 275.286
5.99917, -362.82, -544.853
5.13062, 525.661, -763.898
4.14833, 178.975, 105.411
3.30844, -714.168, 404.944
6.56633, 719.688, -28.9863
4.08004, 477.987, 114.362
4.05369, 56.2558, -730.058
4.65424, 35.8994, 174.093
4.46509, -250.475, -478.048
4.43916, -48.6022, -108.903
4.34871, -841.642, -442.01
5.88118, 343.391, -492.577
6.10384, 455.79, 27.9631
7.20082, -74.5264, 891.605
5.08573, -79.2497, -357.135
5.5282, -195.544, 322.811
5.85049, -697.468, 974.609
5.11404, 82.5781, -311.113
3.87105, -966.31, 655.233
7.08924, 93.0539, 285.664
3.73367, 938.321, -465.483
4.77876, 386.887, 686.489
3.30374, -954.974, 638.591
4.68319, 414.833, 412.354
7.45767, 501.62, 166.152
6.26931, -440.349, 391.206
4.97846, -989.535, -656.905
7.01651, -667.931, -839.702
4.68213, 493.063, 564.557
5.09239, 169.154, -985.629
4.44866, 88.1048, -864.65
5.63431, -226.811, -568.229
5.19331, 417.424, 318.109
4.35955, 632.04, -439.054
2.54674, -371.004, 366.128
6.3794, 41.6156, -791.074
2.85317, -888.614, -559.404
3.98511, 446.675, -679.511
4.78581, -38.9216, -900.681
3.25156, -99.1509, 40.4178
5.97819, 667.706, -429.09
4.15587, 371.094, 160.601
5.21197, 972.66, -883.628
2.64678, 714.462, -993.259
5.38086, -20.918, -242.117
5.18133, 361.4, 476.576
7.36678, -755.866, -927.38
5.57063, -297.535, -622.073
5.26431, -747.178, 214.216
6.69051, -282.31, 907.11
3.75764, -483.575, 944.582
6.98957, 632.217, -146.916
5.97428, 518.494, -508.335
5.82752, -472.873, -96.0016
3.06838, -580.461, -767.915
3.37987, -985.583, 94.2691
2.91253, -136.17, 197.461
6.68103, -248.502, 373.654
2.64818, 943.54, -756.821
6.34719, -6.4909, -845.29
4.29829, -500.813, 867.216
6.24626, 0.95933, 536.977
6.28385, 363.014, 342.927
3.60834, -538.458, -925.709
5.58305, 305.176, 126.04
3.66846, -550.082, -255.573
6.22052, -668.589, 305.14
5.80997, -906.77, -682.104
4.9209, 900.527, -748.703
2.58972, 828.053, 240.84
4.98291, 444.704, 190.772
5.09587, -114.76, -890.536
4.71395, -874.009, 534.826
4.14528, -63.4595, 952.385
3.52671, 485.96, -107.799
7.19863, -253.379, -655.426
2.85168, -499.638, 927.538
3.30042, 52.3028, -750.414
6.70788, -790.55, 30.6294
4.13614, -155.353, -266.756
6.85942, 155.255, 427.212
5.99896, 672.501, 516.28
5.52801, 869.951, -221.292
4.77536, 79.1902, -272.907
2.91543, -520.756, -185.124
3.94883, -55.1411, -153.944
6.51009, -568.557, -788.835
6.81821, 337.854, 56.7895
3.81831, 422.454, -511.947
4.79881, -837.209, -234.943
4.95672, 597.673, -529.372
5.82344, -467.575, -991.889
7.31738, -626.524, -151.164
7.23022, 588.584, -732.922
2.81902, 223.253, -656.584
5.04829, -407.414, -309.549
6.13222, 668.527, 653.74
5.65882, 602.837, -340.356
3.26658, -916.422, -909.041
5.09652, -869.866, 540.429
3.52281, -558.03, 856.965
6.03231, 399.624, -821.542
6.05786, -475.693, -12.4282
3.66304, -590.056, -239.737
6.80594, -66.1203, -133.563
2.67122, -110.364, 952.857
6.26587, -936.198, 49.1531
4.14789, 644.44, 179.722
4.65309, 72.3745, -534.982
7.33455, 972.135, -193.17
4.05803, 734.255, 698.893
5.69762, 992.345, -702.321
5.95386, 865.224, -63.0364
5.36403, 81.6606, 629.983
6.60667, 890.988, -682.392
4.21807, -911.352, -685.507
5.09387, -807.964, -778.158
6.78438, 122.766, -953.584
6.18587, 347.902, 36.2259
3.45992, -950.562, 393.682
2.83145, -308.206, 341.376
3.60828, 848.251, -721.887
3.33656, 171.383, -237.88
6.31172, 382.123, -942.634
5.44905, -844.573, 426.156
4.65223, 859.438, 851.677
7.09618, 661.695, 12.0266
5.09668, 446.599, 198.572
7.38058, -677.785, -19.5322
5.15714, -453.296, 148.048
2.98716, 334.131, 395.406
5.83983, 220.22, 97.9456
5.44444, 141.744, -16.1766
5.01137, -703.033, -110.077
2.75808, -934.986, 461.54
2.6753, -351.48, 33.6183
4.41484, -785.609, -511.034
5.55555, 192.643, 103.603
5.06574, 540.527, 876.538
5.98498, 301.154, -26.5416
4.89891, -25.8571, -185.151
3.88323, 68.3773, 421.261
6.01685, -439.547, 210.387
3.67701, 875.849, 59.842
6.41501, 192.158, -174.15
6.60589, 362.065, 839.06
3.21842, -537.928, 54.2481
5.75757, -494.398, 802.28
3.87677, 871.015, -988.705
7.26215, -438.3, 716.971
4.58238, -753.151, 13.7994
3.03869, -126.876, 404.284
4.70633, -799.494, 532.035
6.28811, -415.109, -304.799
2.77803, -338.532, -321.795
3.51241, -28.8473, 145.735
6.82305, 946.196, -782.194
6.52456, -265.319, -14.5726
2.78861, -680.237, -674.572
4.40304, -63.9811, -701.436
4.56124, -149.603, 766.508
2.80071, -382.625, 302.552
7.09746, 797.845, 635.567
3.35398, 539.279, 803.053
6.51634, -935.156, 148.293
3.88599, 723.38, 45.0117
4.44586, 173.338, 738.693
7.19936, 51.9904, 623.708
6.24573, 160.171, -161.571
3.44774, -324.315, 760.873
6.89581, 437.143, 485.789
6.8953, 419.258, -852.772
3.30515, -814.761, -270.348
5.87346, -806.038, -166.366
6.89096, 626.727, 125.76
6.98262, 266.417, 534.331
3.06535, -26.3245, 755.95
5.93789, -233.956, -247.262
3.21651, -843.87, -758.752
3.6901, 416.058, -44.6739
5.64383, 949.945, -218.023
4.312, 817.124, 362.619
4.64437, 588.531, 718.095
4.91936, -6.97622, -847.018
6.20379, -1.32481, -101.421
3.23098, -396.823, 866.309
7.36238, -837.435, -777.494
7.3158, -519.478, -189.147
3.14741, -602.839, 666.18
5.3784, -320.81, -607.148
4.66439, 170.99, -120.773
5.50066, -239.355, -261.647
5.85098, -700.987, -137.969
4.5137, 396.284, 989.618
6.46691, 639.454, 697.104
4.89889, -979.083, -251.183
5.72449, 294.495, 277.524
4.28836, -245.666, 598.532
5.96794, -331.014, -220.893
5.83428, -416.966, -708.178
3.22071, -373.308, 709.556
7.10415, -985.199, 211.231
4.22228, 32.6451, -235.948
6.66824, -417.012, -471.048
2.74349, 269.789, -749.785
3.27936, -246.638, -77.4301
2.55765, 331.686, 510.628
3.94327, 121.489, 589.375
5.07295, -353.88, -170.363
3.65948, 683.529, 438.063
2.75022, -242.102, -66.8221
5.33091, -595.33, -850.009
6.69774, -154.201, 667.948
4.28763, -640.444, -420.459
4.3452, 170.631, 870.266
7.22226, 255.89, -73.6781
4.72425, -904.019, -185.338
6.82086, 495.68, 189.919
5.82654, -790.104, -737.256
5.79297, 163.376, 666.205
7.10736, -961.305, 963.196
5.11536, 938.537, -613.575
5.45229, 439.416, -442.265
5.79944, 668.866, 671.523
4.24765, 292.878, 460.408
4.11714, 332.948, 63.5998
7.08984, -113.026, 738.699
3.08619, 903.573, -446.404
7.31268, 675.979, -170.878
5.17978, 46.4824, -332.89
5.81447, 857.612, 635.517
5.48362, 886.361, -509.506
6.93363, -506.116, -747.003
6.67999, -671.87, -607.591
6.69339, 246.595, 204.23
6.85642, -215.69, 342.037
2.5002, -768.889, 335.171
4.77274, 257.98, 351.443
4.25696, -934.32, 150.016
5.80713, -258.145, 709.589
6.22234, -872.996, 152.834
3.3821, -117.319, -444.364
7.4621, 794.492, -814.924
5.95466, -933.344, 176.276
6.97862, 140.39, -20.5122
3.51579, 375.479, -131.365
7.2356, -455.992, -36.4945
4.88476, 899.862, -507.587
6.78578, 922.18, -746.319
6.41237, -983.214, -562.045
5.70687, 916.293, -902.291
3.14521, -725.112, 147.435
5.77944, 3.95592, 649.548
3.09199, 53.0233, 9.75687
3.88793, 336.733, 805.155
6.65548, -219.047, -226.901
6.14153, -752.576, -513.714
6.74348, -597.739, 295.993
3.43989, -786.154, -950.051
6.09602, 558.752, -278.568
4.25586, 161.026, 332.624
3.34555, -415.859, -686.825
4.52383, 340.482, -550.652
4.20924, 158.93, 771.981
6.67141, 396.182, -125.54
3.9111, 698.055, 584.053
5.16766, -673.149, -477.362
6.25085, 995.627, -853.161
4.62554, -682.681, -763.126
4.66964, -571.197, 546.863
3.03022, 858.198, -933.068
6.4639, -37.2119, -466.798
3.91232, -572.802, -484.201
7.14264, -580.975, -237.282
5.37926, 237.841, 522.875
3.4895, 816.622, -288.325
5.99081, 576.107, -759.874
3.07265, 495.626, -961.505
4.22945, 307.842, 788.7
4.15646, -579.322, -237.512
6.42735, 828.548, -963.198
6.65775, 459.755, -212.94
4.21712, -740.297, 755.283
4.2603, -274.947, 886.108
6.38197, 145.439, -834.961
6.58658, -13.026, 688.2
4.26157, -129.96, 285.54
7.09559, -433.947, -301.358
3.2877, 490.241, 252.956
5.56029, -490.247, 562.718
5.54222, -373.487, 710.019
3.16647, -252.286, -746.921
3.51409, -746.794, -477.032
4.79457, -857.454, 501.113
3.48759, -528.804, 927.058
6.77118, -839.23, 371.685
6.54562, -759.625, -693.784
2.80131, -907.827, 887.197
6.50584, -717.96, 657.168
5.49597, -193.375, -544.07
7.43182, -891.69, 308.914
2.65919, -164.283, 637.071
6.8356, 946.232, -776.318
3.69109, 669.046, 346.835
3.6127, 177.563, 432.635
4.73907, -992.509, -541.096
2.61231, 861.359, -172.514
6.79755, -251.339, 23.6448
4.15902, 214.163, 590.741
5.72195, 306.958, 249.282
7.43521, -946.633, -482.337
5.30162, 284.614, -584.101
4.74553, -758.312, -246.193
5.213, 171.82, -716.271
2.90797, 773.127, -32.8057
3.99606, -802.665, -272.997
6.63964, 824.249, 681.053
6.48936, 626.019, 938.807
5.71048, -102.885, 679.689
4.84105, 631.082, 387.087
7.15326, -197.553, -611.356
5.08798, -248.891, -70.2044
7.42924, 798.23, -542.251
5.94567, -81.9279, -724.543
6.19966, -181.143, -444.493
3.46323, -392.348, -935.964
6.08881, -451.049, 625.479
6.11146, 570.067, -181.857
6.49298, 266.2, 153.949
4.23216, 255.442, -997.974
5.1481, -15.7129, -58.0448
3.19001, 715.879, -361.87
6.73218, -225.602, -204.422
6.32766, -85.2066, -886.204
7.5, 923.562, -416.497
4.24891, 483.125, 995.593
5.50367, -601.401, 592.004
3.50808, -496.363, 84.9268
6.2385, 28.0815, 151.952
6.49225, 977.597, 216.157
3.03505, -706.291, 109.4
5.35813, -507.267, 47.4192
2.84683, 358.226, -332.83
4.16036, 750.163, 689.348
5.80945, 487.41, -708.59
5.27726, 173.855, -196.399
7.12415, 228.965, -11.7381
2.69832, -486.446, 227.144
2.62083, -312.22, 240.703
4.61923, 214.847, -657.06
4.36987, 460.784, 136.392
2.93303, -238.221, -262.206
3.05403, -161.999, 167.498
5.31992, 369.257, -348.753
7.37269, 62.441, 742.905
3.05066, -48.2412, -881.339
5.99352, 99.0403, 982.619
2.79674, -50.2099, -743.982
4.69755, 835.665, -108.934
5.24651, 993.131, 716.479
3.45129, 691.944, -750.767
7.36597, 313.364, 327.88
3.19593, -676.905, -74.5056
5.48978, 943.079, -432.958
7.12812, -873.496, 704.254
3.91116, -73.5065, 892.481
6.8307, -139.607, -80.8352
6.29598, -229.016, -601.592
6.10793, 351.412, 624.703
3.34241, -377.064, 370.412
3.32882, 839.096, 375.026
3.39076, -647.388, -990.885
5.87226, 335.945, -602.939
4.83484, -355.315, 39.8908
6.85219, -811.751, -358.237
5.76023, -696.912, -117.181
5.80464, 763.459, 882.3
2.58037, -660.605, -595.337
4.30596, -780.415, -668.823
3.72747, 926.09, 120.607
6.93086, -938.494, -951.033
5.23701, 825.489, 773.317
6.57209, -26.2037, -652.744
5.24453, 172.59, 869.598
4.16156, 506.462, -56.0576
4.40213, 25.0303, -654.877
2.52389, 932.772, 655.397
6.95226, -90.6789, -397.287
6.16955, -498.217, 686.41
6.04239, -153.699, 671.431
5.1278, 53.9805, -187.602
6.41065, -191.876, -815.832
3.42484, -385.143, -470.448
5.72673, 244.487, 511.099
3.42178, -690.273, -343.973
3.31214, 64.3042, -84.1305
2.65594, -181.917, 850.877
7.42716, 130.28, -665.566
4.04559, -332.234, -718.182
4.11075, -668.223, -298.526
5.51155, 288.059, -233.094
2.89107, -329.616, -923.516
3.93936, -18.5417, 88.5175
5.79307, -122.62, -493.786
7.36348, -994.585, -348.984
7.27758, -363.2, -797.06
7.42745, -671.396, -290.653
7.30478, -914.786, -765.003
3.0073, -558.868, 569.18
3.71505, -125.707, -490.662
6.91151, 98.8108, -433.942
5.28805, 340.706, 701.806
6.7669, 803.312, 515.87
7.49145, -534.391, 522.147
3.99751, -257.556, -481.639
6.33157, 980.69, 489.172
4.81901, 283.958, -143.269
6.8168, -636.251, -793.87
6.99018, 861.123, 5.61709
7.377, 258.057, -417.009
2.77405, 661.345, 79.3124
6.32605, 949.108, -618.745
5.09219, -934.286, 739.511
3.46574, 933.617, -244.162
6.98252, 195.026, -543.099
6.38492, -831.323, 98.4269
2.75968, 416.251, 541.63
7.47331, -855.162, 766.117
5.93659, -1.96515, -459.541
5.94854, 888.559, 496.806
6.57666, -657.362, 821.381
7.05426, -36.5154, -435.734
3.34218, -201.384, 405.042
5.24183, -580.071, 804.41
6.53351, -479.929, -252.623
4.17803, 319.791, -530.93
5.53435, -99.842, 40.8581
6.59602, -954.081, 334.116
7.3485, 86.8265, -247.874
6.29349, 585.432, 492.869
3.72113, -184.188, -93.1379
5.80589, -572.252, 403.906
4.21574, -447.813, -186.398
7.27146, 376.296, -396.584
2.60828, 803.99, 555.977
4.54979, -892.113, 947.395
2.55789, 591.227, -673.051
3.04964, 842.029, 201.631
5.28259, -851.22, 91.1427
4.45466, -32.9212, -234.759
7.20539, 118.012, -182.682
2.55572, 179.292, 396.464
6.22897, -224.022, -435.234
3.84293, 109.611, 129.281
4.27153, -681.071, -759.707
3.45835, -466.115, 616.956
5.14832, 295.998, -170.324
4.39478, -58.9636, -854.98
3.16407, -12.9857, -802.628
4.26563, -124.681, -566.075
4.2497, 784.011, 986.382
7.41084, 611.566, -120.272
5.25961, 151.178, -388.385
4.99918, 13.386, -713.948
3.58531, -834.694, 457.901
4.37311, -231.273, -652.422
6.78251, -662.593, -473.634
6.45578, 788.498, -510.125
3.9204, -491.54, 929.117
5.07645, 437.543, 100.337
6.79238, -294.571, -25.7507
7.07844, -947.897, -173.061
7.48941, 136.773, 917.402
6.53177, 171.647, -194.457
5.22718, -906.989, -184.28
7.3461, 149.678, -738.134
5.31931, -585.345, 362.646
4.03031, -415.332, 660.532
5.41853, 967.811, 954.116
2.91197, 55.2006, -332.709
5.47382, 356.211, 624.089
3.31968, -598.836, -591.681
6.46527, -610.162, -436.57
2.95373, 578.813, 741.722
6.3072, -505.588, -679.842
6.83996, -218.809, 33.0316
6.40105, 192.4, -334.499
6.61399, 908.634, 971.29
6.70974, 372.655, 553.567
4.48328, 533.401, 256.188
6.508, -159.97, 169.808
6.56811, 380.985, -44.2408
5.43493, -410.062, 101.44
4.64621, 796.466, -50.5935
2.5002, -69.1879, -479.517
5.31153, -815.679, 316.495
6.22632, 335.821, 356.186
3.89846, 964.757, 299.673
2.93406, -987.858, 565.229
3.5733, 853.489, -881.057
3.93296, -493.744, 555.055
4.86595, -407.27, 475.643
6.95893, 845.585, 819.904
5.91955, 506.886, -499.907
3.54376, -51.0916, -65.2093
6.67533, 794.708, 12.2783
7.09218, 942.337, 917.539
4.48244, -474.658, -701.705
6.37858, 541.674, 539.07
5.68161, -161.824, -90.7099
6.64746, 483.664, 292.672
3.40204, 559.174, -457.679
7.45927, 579.316, -765.163
6.70558, -150.706, -845.069
4.65177, 888.809, 266.404
4.38589, 596.862, 890.62
2.70802, 656.137, -505.957
6.80715, -808.821, -540.573
6.62116, 911.291, -908.511
6.25052, 17.8786, 734.511
3.55801, -165.157, 994.539
4.31029, -781.958, -192.36
4.43545, -591.612, -804.155
7.32918, 804.749, 641.518
6.5872, -168.345, 631.09
4.5755, -82.5412, 449.521
5.83759, 206.105, 184.375
2.52101, 477.59, 975.289
6.98048, -742.916, 256.027
3.68416, -343.421, 355.374
3.79415, 359.964, -96.3385
5.4939, 407.854, -709.101
6.89823, -847.201, 379.63
6.16299, -565.8, -592.702
6.0773, 914.478, 570.861
3.57724, -608.752, 481.027
6.30413, 678.525, -958.363
3.85351, -160.241, -561.154
2.75246, 668.471, 344.654
4.78866, 268.395, 245.659
2.58759, 449.528, -779.695
3.01129, 75.3792, -174.71
2.639, -129.159, 280.872
5.65921, -340.662, -515.476
6.34425, 83.6433, -246.099
2.74132, 525.555, -841.089
6.6924, -58.3923, -630.7
6.76899, -263.137, -321.268
6.57649, -444.26, 573.873
6.85188, 795.29, 405.969
5.27222, -634.608, -172.74
6.12646, -296.648, 60.2967
3.20424, -528.013, 939.503
6.6115, 601.699, -529.549
5.51185, 734.435, -197.556
4.93856, 509.375, -921.391
6.14942, -288.781, 954.463
4.05164, 757.643, -669.446
3.93925, -699.331, 354.398
5.45857, -953.966, 811.598
5.34055, 657.046, 886.868
5.41059, -928.621, -579.12
2.84132, -689.57, 283.224
4.34304, 153.083, -381.108
6.28475, -937.646, -576.488
6.35297, -446.833, -875.847
4.27217, -394.121, -252.134
5.98913, 243.499, 933.171
5.08005, -685.418, -304.319
5.94494, 391.839, 131.624
6.18066, -82.1995, 615.617
2.56231, -343.786, -675.526
7.16549, 604.485, -122.917
5.37826, 133.754, 126.62
3.05587, 458.583, 974.919
4.87388, -109.63, 24.273
3.24247, 172.882, 93.3115
4.22594, 50.9597, 450.224
7.04476, -933.262, 183.632
4.54571, 15.5263, 516.085
5.96642, -678.456, -76.2589
3.35865, 383.633, -933.43
6.21715, 893.509, -503.372
4.16319, -423.469, 641.095
4.62157, 668.447, 311.381
2.79523, -137.231, -115.751
5.09005, 282.281, -240.144
5.94425, 474.895, -581.674
5.01149, -259.488, 23.1361
6.56617, -169.032, -751.763
3.07974, 81.5867, -940.182
5.24841, 266.112, 465.585
5.06046, 412.185, 21.3913
6.02649, 952.899, 441.715
5.65083, -236.632, 890.614
4.0207, -23.7825, -633.317
6.74719, 400.207, 372.475
3.39619, 601.971, -20.1629
2.61737, -531.037, -100.295
4.19467, 741.221, 54.4126
3.43818, 350.306, -84.2998
6.60467, -286.198, 190.965
6.72507, -895.826, -155.763
6.78031, 844.933, -719.565
7.37454, -954.828, 639.72
2.99587, 470.661, -448.533
2.56182, 564.441, 657.268
2.58614, 218.943, 586.626
2.64527, 252.665, 94.8874
4.1031, 150.376, -388.411
6.17815, 627.946, 302.795
3.14876, 367.123, 475.043
2.5161, -367.915, 507.705
6.91905, 139.018, -791.195
3.70482, 231.673, -575.146
4.38481, -821.736, 758.686
4.44879, 609.367, 186.487
2.81534, 595.838, 295.283
7.30792, 183.721, 959.48
3.75349, 727.021, -337.98
6.85376, -680.893, -57.4143
2.85991, -919.353, 427.994
2.70653, -625.813, 578.5
3.46378, 363.635, -523.845
3.86708, -310.74, 302.85
7.4007, -953.641, -365.725
3.60607, 324.805, -540.695
6.43119, -876.037, 856.86
4.42306, 301.526, -422.487
3.78593, 480.501, -637.248
3.91087, -948.855, 66.1533
7.33834, 868.838, -33.6424
4.22841, 769.224, 173.019
3.45922, -985.074, 738.066
5.05037, -547.808, -380.979
5.21857, -558.386, 634.996
5.72333, -636.273, -615.808
3.89738, -10.1919, 787.784
3.41887, -296.541, -720.554
2.71579, -840.439, 380.241
3.98408, -503.963, -266.389
4.25548, -231.594, 140.955
7.09372, -421.313, 729.552
5.81225, 504.41, -362.365
5.08041, 867.161, 586.655
4.03763, 616.854, 588.844
3.0007, -353.365, 155.511
3.47502, 380.237, -881.168
4.11407, 31.5675, -132.446
5.56182, 965.708, 86.5933
5.13511, 961.647, -984.896
3.45653, 256.315, 285.525
4.7178, -651.13, -428.929
4.48693, -710.4, 855.912
6.28051, -607.483, 744.836
6.6213, 737.123, 602.631
5.51573, 141.959, -344.204
3.04573, 610.561, -830.021
4.11797, 487.531, -165.43
5.03403, 8.09624, 318.932
4.76521, -648.276, 798.224
4.77315, -181.474, -461.945
4.91125, 917.87, 909.865
5.07896, 369.688, -651.395
4.50207, 196.492, 816.336
4.22945, 962.165, 485.317
6.64533, 927.707, -239.915
3.02204, -733.364, -799.394
6.40057, 587.12, 569.473
3.19919, -297.713, -239.564
2.62171, -802.527, -515.27
6.0664, 407.257, -756.139
7.15538, 156.304, -822.347
7.47667, 180.925, 174.916
3.86264, -882.15, 152.879
3.6923, -479.373, -253.238
3.87328, 964.079, 620.361
5.70836, -909.539, -731.273
5.17637, 310.895, 156.431
6.8967, 837.173, -297.27
6.75968, -661.657, -841.368
2.98004, 910.533, -34.9415
4.66818, -751.544, 198.153
3.17045, -205.886, -758.072
5.86802, -159.956, 318.201
5.34964, -53.3724, -481.272
3.66474, -624.426, 562.559
5.50306, 266.85, -690.196
2.6551, -804.229, -28.3883
7.08512, 569.199, -312.618
3.82958, 864.724, -179.272
6.50016, -185.118, -509.38
5.46389, 169.723, -724.624
5.0822, 359.855, 616.128
5.2567, 319.117, 644.814
3.47225, 507.72, -233.43
5.36152, 120.933, -743.677
3.81992, 214.188, 402.985
4.41648, -765.272, 539.876
2.73626, -754.452, -897.586
4.22823, 587.183, -670.593
3.61594, 680.222, -437.645
3.81264, 16.8223, -738.111
3.05141, -430.364, -402.12
7.40088, -706.109, 20.4928
5.93794, 800.19, 643.242
5.82158, -548.117, -377.881
5.99501, -602.093, -673.343
2.68746, -834.369, -776.396
3.6706, -628.861, -745.725
3.95397, 717.02, 694.083
3.50543, -40.3127, -260.514
2.7177, 376.735, 332.129
2.56571, -536.097, 523.167
6.07297, -527.924, 765.6
6.88348, -870.225, -630.978
5.35088, -888.432, 273.475
6.92743, 866.126, 871.619
5.20042, -356.428, -280.226
3.31357, 930.169, -648
3.30492, 968.806, 440.197
7.19182, 319.756, 287.598
3.45628, 554.568, -853.24
3.15761, -5.25812, -110.24
4.41122, -315.988, -5.09296
6.12674, 257.73, -265.832
2.50651, 540.557, 875.528
4.60222, 19.3394, 735.233
5.18984, 308.638, -214.01
4.86596, -238.891, 247.459
6.33003, 545.065, 869.421
2.9396, 555.043, -470.518
7.04284, 133.359, 324.025
3.20818, -877.824, -395.371
2.54782, 436.955, -51.9845
2.82267, 240.463, 518.512
4.96742, 381.941, 222.527
5.40914, 533.368, 987.036
4.03373, -949.213, 544.939
4.57091, 918.827, -67.7169
4.33401, -574.324, -689.354
3.42687, 185.787, 669.267
2.76788, 638.104, 161.231
4.47222, 541.749, -65.5074
3.98388, -348.055, -131.982
5.05388, -396.378, 821.022
3.75392, -699.594, 230.437
5.01589, 965.704, 884.876
2.51168, -16.6569, 798.604
7.01807, 997.624, -448.285
2.79181, -905.969, -948.712
5.17506, -689.117, 804.852
3.95754, -385.114, 875.961
7.3023, -814.799, -271.386
4.73406, 319.592, -109.248
5.08479, 895.361, 167.628
5.93861, -256.23, 13.4771
2.72187, -160.648, 76.2905
7.2946, -798.423, 607.05
5.70852, 363.51, 155.697
2.80215, 630.772, -781.398
3.33964, 48.3261, 268.243
5.76491, 487.615, -249.809
6.19864, -769.469, 339.348
3.57011, 860.887, 200.321
4.31441, 157.534, -875.279
6.56981, -648.184, 935.132
5.32057, 807.822, -470.632
7.45886, -43.1311, -897.172
6.5669, -763.697, 397.857
3.49157, -994.448, -23.0812
2.50003, -162.493, -854.992
4.62608, 945.599, -774.584
4.07406, 833.794, 194.502
5.56218, 606.976, -934.17
3.83351, -202.422, -544.431
4.39881, -595.14, -61.0562
5.43397, 968.033, 294.702
5.95636, -141.574, -515.993
7.26736, -459.579, -572.058
4.89785, -292.835, -955.118
3.60319, 375.692, -731.085
5.33741, -725.122, -446.817
6.09873, 433.647, 364.403
4.4953, -486.574, 564.986
3.48326, -689.709, 991.384
6.66971, -675.095, -760.244
5.59561, -449.546, -868.161
7.26866, -294.912, 172.026
3.23222, -14.3831, -280.477
5.38953, 40.8835, -460.182
7.26796, -392.174, 723.57
3.62331, 720.404, -977.319
7.25137, -489.521, 810.17
3.07874, 799.987, -518.45
2.58372, 29.585, -262.872
3.90465, -350.11, -172.148
7.15042, 648.636, 167.636
3.04796, 746.177, 871.934
6.77266, 30.6327, 830.802
5.68532, -726.742, -732.49
5.63853, 408.746, -710.493
3.80589, 729.024, 742.331
5.13936, -951.019, 220.373
7.16608, -267.783, 914.309
3.98055, 923.648, 101.046
4.78006, 155.701, 457.096
6.35659, -656.688, -622.316
4.17193, 99.0355, 115.722
6.31775, -39.528, -945.048
6.65892, -30.0458, 943.375
2.64618, -725.216, 568.43
4.31315, 715.588, -267.731
4.16221, 284.289, 461.097
3.17675, -519.456, -305.395
3.00839, -306.82, 623.756
5.11327, -610.153, 815.693
3.52046, 30.6572, -534.726
5.00728, -870.777, -630.75
5.1371, 3.35092, 961.881
4.13422, -269.466, -293.01
4.75888, 226.09, -445.534
6.85263, -7.45749, 986.55
4.72884, 646.046, 865.405
6.03726, -459.001, -920.336
6.83171, 915.74, -699.324
6.5822, 871.113, 221.611
2.67504, 896.366, 837.581
3.8644, -654.426, -236.292
5.21858, -422.902, -430.888
3.19942, -992.852, -547.362
5.57408, -779.824, -936.144
3.29182, -694.016, -605.72
4.41129, 98.9365, 221.227
5.94997, -94.3182, 189.581
3.21128, -388.895, 460.601
5.65284, -785.137, 794.886
3.15973, 199.744, 936.455
7.13583, -739.329, 250.377
5.53465, -939.595, 784.969
5.50388, -922.129, 370.352
3.33635, 603.3, -528.124
3.301, -863.482, -401.434
5.91628, 624.405, -29.9887
5.1456, -715.431, -14.0597
3.65264, -131.701, 812.182
6.55373, -502.357, -58.324
5.76477, -420.581, -561.03
4.08597, -551.286, -583.833
2.53953, -262.722, -816.291
3.49176, 727.229, 744.414
3.78831, -8.74443, 382.145
3.03825, 892.105, 38.7247
3.49545, 132.771, -435.782
6.75079, 803.754, -772.148
6.63912, -985.332, 215.195
6.76813, -960.412, -551.851
5.71027, 285.472, 779.937
3.6787, 729.117, -989.585
6.80638, -502.635, -810.295
5.4745, 36.9484, -102.188
2.52745, 507.47, -29.6631
6.84925, -663.73, -470.141
7.37729, 650.419, 106.684
5.59653, 379.509, 13.4485
3.85574, -944.169, 379.837
7.46973, -158.969, -635.263
4.60751, -723.693, -530.348
4.20537, -794.999, -615.563
4.80717, 362.556, -137.904
4.44822, 264.566, -379.101
4.613, -50.544, 515.507
2.84879, 132.018, 287.24
5.5153, -58.7247, -127.313
7.36114, -49.7055, 231.132
5.07406, -696.786, -536.12
7.45461, 956.138, -137.728
5.84906, 624.845, -149.07
4.01716, -605.836, 70.7337
3.47371, 875.568, 565.957
4.0109, -709.649, -937.887
4.93946, -334.798, 461.442
4.72438, 530.477, 979.325
5.7844, 319.628, -942.11
3.74227, -779.468, -666.067
4.72007, 54.9485, 556.015
5.75894, -691.843, 54.1919
6.67472, -713.676, 188.613
6.03698, 201.076, 821.431
4.93928, -871.722, -602.164
6.72039, 399.963, -239.327
7.00296, -498.199, -183.25
6.33082, -650.839, -526.862
5.29453, 628.654, 848.462
2.70603, -23.0153, 93.3271
5.46749, 564.416, 65.4429
2.68674, -681.432, 828.4
4.53488, 22.6967, 437.027
2.84243, -976.702, -882.25
7.38558, -778.423, -882.516
2.5956, -517.576, -233.361
6.60363, -160.803, -273.791
5.2195, -373.922, 878.695
5.72828, 792.209, -332.53
3.62934, -260.753, 57.8629
2.733, 828.097, -694.672
3.63154, 214.859, -556.143
4.58371, -633.572, 135.287
6.40126, 266.111, -632.122
3.72852, -922.453, 389.534
4.81411, 659.791, 87.3442
6.14756, 929.043, 291.355
5.35237, -330.392, 816.228
5.45997, 928.128, 926.004
4.98425, -944.4, 281.138
3.951, 495.086, 108.878
4.71107, -5.80475, -226.543
2.53669, 854.959, -395.902
7.41683, 497.929, -359.751
2.52822, -810.447, -145.147
4.8676, -97.7493, 735.949
5.86497, -310.289, -121.95
