6.27803, -735.915, -992.978
3.5948, 60.9039, -88.1971
5.89648, 360.345, -902.795
5.09708, -236.168, 877.828
2.76731, -933.772, 656.258
2.53849, 332.757, 54.4151
4.58743, -856.792, -232.199
7.15218, 178.579, 376.098
2.95982, 51.0387, 691.964
6.00595, -159.853, 318.788
3.81226, 528.334, 816.864
4.14117, 471.629, -901.067
7.45519, 509.684, 260.728
7.41275, -505.259, -268.944
5.75759, 503.811, 443.201
6.92354, 262.343, -850.33
6.33247, -120.748, -450.259
3.87453, -514.465, -50.2797
4.93259, -675.599, -301.762
2.80282, 821.045, 788.395
5.08146, 7.39678, 803.531
4.96988, 967.685, -363.066
7.23882, -814.34, -468.819
4.42071, -10.0396, -837.767
5.14874, 823.649, -449.033
2.75042, 874.549, -63.1388
6.63909, 542.676, 538.966
5.94228, -960.262, -745.805
6.18112, 258.893, 734.893
6.94286, 987.129, 450.041
4.25508, -380.886, -535.109
6.72991, 182.503, 25.9895
3.84659, 662.584, -161.825
4.83959, 72.5817, -176.719
3.2686, -646.947, -433.018
2.66527, 612.521, 141.818
7.2768, -6.8588, 73.7733
6.95369, 110.203, 493.632
3.29884, 679.013, 247.133
3.15214, 428.67, -572.359
2.515, -452.293, -815.883
6.0491, -950.258, -176.529
3.40448, -511.632, 868.784
5.76029, 772.152, -361.266
4.42907, 365.725, -698.309
3.23766, -5.148, -229.026
5.45054, 681.151, 172.062
3.24076, 121.708, 909.224
3.2091, -181.315, 962.212
4.94257, -492.607, 127.107
3.13015, 899.595, -72.7907
5.64635, -357.945, -596.651
5.60817, 300.432, -742.264
4.88216, -499.361, 601.817
2.64188, -572.432, -247.892
3.21011, -137.547, 801.992
3.15594, -181.091, 889.811
3.31099, -823.84, 755.961
3.76529, -268.054, -852.073
4.77654, 578.412, -736.698
6.54472, -94.2984, -299.696
3.57624, 302.282, 857.816
3.75063, 816.945, 361.939
5.02978, -58.2719, 720.309
6.27922, 634.867, 184.75
5.66369, 909.863, -68.4662
5.9449, 635.588, -129.835
7.27207, 969.176, 409.63
5.18713, -425.666, 716.909
4.57014, -786.174, 30.7262
4.70019, 751.069, 156.008
6.07821, 735.851, 458.445
6.20858, 408.218, 597.358
5.12494, 770.377, -959.105
6.06711, -865.06, -74.4148
5.91025, 333.912, -21.5777
6.82941, 831.525, -598.59
3.19597, 84.7381, 774.494
3.57766, 969.976, -101.261
5.0733, -364.054, -112.058
4.83766, -117.857, 750.2
3.55759, -266.757, 611.299
5.65244, -693.109, 981.683
2.5044, -973.29, 205.508
4.09589, 452.429, 543.918
5.90281, 363.075, -153.803
6.0446, 670.207, -586.81
2.90869, -808.165, 654.402
3.56926, 264.743, 531.065
4.44412, -833.882, -571.072
4.44927, 901.565, 902.86
3.92018, 382.356, -460.898
4.6123, 564.247, 550.58
2.55658, -616.452, -434.757
3.72027, 934.774, -614.835
4.49072, -718.885, 651.243
6.64177, -647.909, 201.2
3.78584, 972.249, -687.818
3.59705, -806.373, -538.233
6.47385, 389.583, 268.592
5.8476, 502.088, 391.485
5.49108, -889.456, 283.924
5.99917, -364.125, -541.703
5.13062, 527.155, -760.676
4.14833, 188.653, 101.202
3.30844, -714.866, 402.232
6.56633, 717.7, -28.0392
4.08004, 479.368, 115.685
4.05369, 53.8046, -732.573
4.65424, 34.8364, 167.586
4.46509, -247.621, -477.495
4.43916, -50.5007, -117.547
4.34871, -836.829, -443.676
5.88118, 342.959, -493.833
6.10384, 452.057, 28.1977
7.20082, -69.4705, 892.963
5.08573, -79.5528, -357.84
5.5282, -193.417, 323.141
5.85049, -691.263, 984.503
5.11404, 80.3246, -307.943
3.87105, -951.308, 640.84
7.08924, 95.1256, 284.92
3.73367, 933.418, -461.893
4.77876, 383.822, 682.648
3.30374, -954.915, 647.672
4.68319, 412.688, 408.221
7.45767, 496.608, 170.626
6.26931, -438.717, 390.812
4.97846, -984.424, -654.975
7.01651, -655.611, -837.32
4.68213, 492.319, 560.848
5.09239, 168.052, -981.234
4.44866, 88.2611, -860.342
5.63431, -222.48, -568.003
5.19331, 414.238, 318.183
4.35955, 632.601, -438.129
2.54674, -369.517, 365.405
6.3794, 40.8193, -787.611
2.85317, -886.542, -561.396
3.98511, 444.423, -679.692
4.78581, -44.5454, -886.429
3.25156, -95.2214, 39.4708
5.97819, 671.92, -433.394
4.15587, 362.794, 153.441
5.21197, 969.842, -879.882
2.64678, 724.77, -978.136
5.38086, -24.8729, -234.376
5.18133, 367.041, 473.413
7.36678, -758.737, -923.934
5.57063, -298.238, -618.359
5.26431, -745.378, 207.442
6.69051, -267.953, 906.49
3.75764, -489.752, 931.943
6.98957, 623.087, -141.371
5.97428, 507.412, -499.286
5.82752, -473.2, -95.181
3.06838, -579.088, -771.623
3.37987, -979.725, 95.1084
2.91253, -136.232, 194.111
6.68103, -246.195, 370.603
2.64818, 943.498, -772.662
6.34719, -1.0954, -850.881
4.29829, -504.914, 865.576
6.24626, 3.97386, 533.34
6.28385, 363.314, 339.859
3.60834, -537.415, -921.657
5.58305, 305.013, 128.51
3.66846, -549.47, -251.794
6.22052, -669.818, 302.779
5.80997, -909.557, -685.669
4.9209, 908.018, -745.461
2.58972, 828.173, 237.438
4.98291, 447.255, 200.185
5.09587, -109.373, -885.169
4.71395, -871.882, 530.243
4.14528, -60.5318, 947.253
3.52671, 484.442, -106.91
7.19863, -248.306, -650.494
2.85168, -491.056, 929.513
3.30042, 51.414, -744.639
6.70788, -785.201, 32.5841
4.13614, -164.412, -277.059
6.85942, 160.417, 427.876
5.99896, 670.69, 515.73
5.52801, 868.576, -219.718
4.77536, 79.9219, -263.511
2.91543, -515.323, -181.014
3.94883, -55.4461, -144.289
6.51009, -572.489, -785.447
6.81821, 336.138, 58.434
3.81831, 420.693, -510.507
4.79881, -835.354, -236.368
4.95672, 611.474, -525.655
5.82344, -467.089, -987.588
7.31738, -627.286, -156.223
7.23022, 577.114, -736.536
2.81902, 217.786, -655.537
5.04829, -414.964, -304.049
6.13222, 667.955, 663.775
5.65882, 599.343, -338.298
3.26658, -914.526, -908.395
5.09652, -865.795, 539.131
3.52281, -555.572, 853.47
6.03231, 400.297, -820.448
6.05786, -473.567, -17.1911
3.66304, -568.891, -231.967
6.80594, -55.9479, -129.417
2.67122, -108.792, 948.624
6.26587, -935.391, 54.1448
4.14789, 641.798, 162.678
4.65309, 70.5703, -532.739
7.33455, 965.522, -194.139
4.05803, 731.905, 692.794
5.69762, 984.582, -699.718
5.95386, 870.334, -61.0789
5.36403, 77.6217, 627.785
6.60667, 892.551, -684.823
4.21807, -898.034, -676.912
5.09387, -811.543, -773.271
6.78438, 122.23, -949.403
6.18587, 343.884, 45.5738
3.45992, -936.647, 381.601
2.83145, -308.071, 339.767
3.60828, 846.594, -718.287
3.33656, 169.689, -232.843
6.31172, 381.323, -929.225
5.44905, -842.551, 422.893
4.65223, 860.279, 854.98
7.09618, 659.556, 12.2285
5.09668, 443.91, 186.398
7.38058, -679.435, -22.4447
5.15714, -452.783, 146.285
2.98716, 334.27, 390.886
5.83983, 216.743, 99.1329
5.44444, 139.327, -26.8441
5.01137, -695.004, -117.405
2.75808, -930.559, 458.432
2.6753, -347.846, 31.6723
4.41484, -787.016, -515.305
5.55555, 181.596, 100.659
5.06574, 545.805, 868.029
5.98498, 303.637, -26.2456
4.89891, -24.5964, -185.831
3.88323, 68.2321, 422.276
6.01685, -438.916, 208.595
3.67701, 874.201, 56.7084
6.41501, 183.692, -177.864
6.60589, 359.654, 835.296
3.21842, -533.759, 52.7221
5.75757, -487.083, 811.213
3.87677, 868.762, -984.355
7.26215, -422.67, 715.437
4.58238, -750.715, 14.2359
3.03869, -126.518, 402.564
4.70633, -797.43, 531.244
6.28811, -423.051, -301.678
2.77803, -338.674, -318.687
3.51241, -27.31, 144.117
6.82305, 939.811, -772.29
6.52456, -265.708, -9.75162
2.78861, -678.669, -671.901
4.40304, -64.6197, -701.541
4.56124, -143.878, 763.995
2.80071, -380.742, 302.469
7.09746, 807.279, 649.671
3.35398, 536.835, 805.198
6.51634, -929.914, 158.522
3.88599, 724.728, 46.9778
4.44586, 172.319, 737.976
7.19936, 53.9485, 623.531
6.24573, 161.804, -166.519
3.44774, -325.592, 759.082
6.89581, 435.335, 484.598
6.8953, 416.696, -848.8
3.30515, -803.913, -267.876
5.87346, -803.246, -165.909
6.89096, 628.305, 127.134
6.98262, 253.376, 522.251
3.06535, -24.3623, 753.707
5.93789, -235.911, -257.37
3.21651, -834.084, -769.766
3.6901, 413.271, -44.6014
5.64383, 944.941, -218.196
4.312, 816.616, 364.404
4.64437, 588.365, 717.397
4.91936, -13.1154, -838.802
6.20379, -4.08822, -109.842
3.23098, -385.21, 869.807
7.36238, -832.539, -769.402
7.3158, -510.796, -192.132
3.14741, -600.228, 664.169
5.3784, -318.065, -606.635
4.66439, 170.051, -124.285
5.50066, -235.181, -252.537
5.85098, -696.878, -127.622
4.5137, 396.677, 986.547
6.46691, 640.547, 693.239
4.89889, -974.64, -250.347
5.72449, 298.989, 276.057
4.28836, -246.861, 599.81
5.96794, -330.034, -220.629
5.83428, -416.954, -702.153
3.22071, -382.095, 712.348
7.10415, -980.152, 222.377
4.22228, 31.5317, -235.822
6.66824, -414.341, -469.266
2.74349, 271.342, -746.042
3.27936, -250.314, -61.751
2.55765, 330.991, 507.798
3.94327, 120.593, 588.366
5.07295, -345.272, -173.143
3.65948, 682.083, 437.43
2.75022, -247.122, -75.0253
5.33091, -595.927, -843.997
6.69774, -151.746, 674.006
4.28763, -648.432, -432.225
4.3452, 164.417, 870.268
7.22226, 256.496, -73.14
4.72425, -910.333, -179.028
6.82086, 493.423, 183.688
5.82654, -788.266, -735.457
5.79297, 166.027, 664.852
7.10736, -959.056, 960.936
5.11536, 954.031, -620.771
5.45229, 439.031, -441.908
5.79944, 667.706, 659.848
4.24765, 279.18, 462.044
4.11714, 345.879, 44.1102
7.08984, -103.993, 737.636
3.08619, 904.047, -445.573
7.31268, 672.578, -169.266
5.17978, 53.0685, -329.141
5.81447, 851.873, 633.73
5.48362, 901.883, -501.691
6.93363, -506.283, -744.574
6.67999, -662.995, -606.533
6.69339, 246.9, 202.683
6.85642, -212.301, 338.614
2.5002, -769.546, 339.074
4.77274, 259.239, 349.634
4.25696, -931.379, 154.955
5.80713, -257.665, 708.087
6.22234, -879.459, 152.923
3.3821, -127.45, -458.408
7.4621, 794.533, -811.036
5.95466, -931.042, 169.269
6.97862, 143.85, -12.0424
3.51579, 366.797, -136.242
7.2356, -458.525, -36.1162
4.88476, 880.339, -506.68
6.78578, 919.623, -748.052
6.41237, -978.202, -550.866
5.70687, 906.677, -909.35
3.14521, -723.308, 149.16
5.77944, 4.58655, 650.37
3.09199, 53.3327, 8.80886
3.88793, 333.946, 802.669
6.65548, -224.269, -227.205
6.14153, -751.155, -512.98
6.74348, -598.192, 295.577
3.43989, -774.348, -932.458
6.09602, 557.34, -280.016
4.25586, 158.346, 332.113
3.34555, -416.085, -691.091
4.52383, 333.645, -544.23
4.20924, 159.471, 769.22
6.67141, 387.461, -125.931
3.9111, 697.879, 584.303
5.16766, -659.104, -468.939
6.25085, 990.799, -852.001
4.62554, -692.527, -760.387
4.66964, -566.715, 548.307
3.03022, 857.001, -931.06
6.4639, -41.4426, -465.375
3.91232, -574.508, -482.247
7.14264, -587.036, -235.931
5.37926, 251.806, 509.78
3.4895, 820.334, -291.425
5.99081, 573.574, -748.288
3.07265, 494.813, -956.279
4.22945, 303.592, 785.241
4.15646, -584.521, -234.17
6.42735, 828.089, -959.99
6.65775, 459.249, -212.553
4.21712, -739.051, 754.468
4.2603, -272.933, 894.177
6.38197, 152.334, -820.137
6.58658, -11.9834, 687.664
4.26157, -131.803, 285.37
7.09559, -420.943, -301.638
3.2877, 493.996, 255.111
5.56029, -486.391, 565.338
5.54222, -382.247, 712.774
3.16647, -251.27, -743.712
3.51409, -743.802, -479.086
4.79457, -855.828, 501.427
3.48759, -523.766, 932.633
6.77118, -849.045, 382.389
6.54562, -759.715, -690.737
2.80131, -904.866, 884.076
6.50584, -720.46, 647.862
5.49597, -197.946, -542.528
7.43182, -889.466, 304.64
2.65919, -160.496, 643.131
6.8356, 939.255, -762.94
3.69109, 666.748, 347.743
3.6127, 171.158, 429.311
4.73907, -978.16, -553.979
2.61231, 863.73, -180.849
6.79755, -260.182, 11.5375
4.15902, 213.811, 588.329
5.72195, 304.81, 253.065
7.43521, -943.075, -483.88
5.30162, 284.548, -583.05
4.74553, -757.56, -246.332
5.213, 163.959, -726.033
2.90797, 773.086, -32.868
3.99606, -819.594, -271.13
6.63964, 819.563, 674.884
6.48936, 624.596, 934.111
5.71048, -103.796, 679.928
4.84105, 629.941, 385.07
7.15326, -199.514, -607.615
5.08798, -243.576, -72.5311
7.42924, 797.172, -535.721
5.94567, -78.8658, -720.571
6.19966, -180.123, -455.094
3.46323, -392.918, -931.992
6.08881, -455.031, 621.82
6.11146, 569.921, -179.488
6.49298, 267.081, 153.496
4.23216, 255.058, -994.138
5.1481, -16.0801, -62.7187
3.19001, 716.089, -358.986
6.73218, -224.181, -212.771
6.32766, -82.3297, -882.264
7.5, 923.318, -420.962
4.24891, 482.543, 988.332
5.50367, -599.961, 588.784
3.50808, -495.727, 83.0078
6.2385, 29.8161, 154.46
6.49225, 973.232, 216.468
3.03505, -705.338, 109.007
5.35813, -507.012, 47.0768
2.84683, 361.176, -338.277
4.16036, 742.608, 689.967
5.80945, 485.471, -707.008
5.27726, 173.066, -191.187
7.12415, 228.86, -11.6536
2.69832, -484.383, 225.291
2.62083, -310.149, 238.794
4.61923, 218.917, -655.514
4.36987, 461.045, 135.054
2.93303, -233.157, -242.349
3.05403, -157.054, 171.472
5.31992, 366.024, -346.145
7.37269, 59.0212, 740.705
3.05066, -43.0871, -894.534
5.99352, 99.0783, 978.088
2.79674, -50.7547, -739.852
4.69755, 834.936, -106.695
5.24651, 989.95, 715.069
3.45129, 690.104, -749.037
7.36597, 315.568, 325.749
3.19593, -680.948, -58.5473
5.48978, 934.894, -431.457
7.12812, -871.585, 703.849
3.91116, -81.0415, 883.655
6.8307, -143.615, -84.6136
6.29598, -224.96, -598.601
6.10793, 359.097, 614.926
3.34241, -374.02, 368.429
3.32882, 831.045, 371.842
3.39076, -647.412, -987.038
5.87226, 334.344, -600.437
4.83484, -352.369, 38.6431
6.85219, -809.252, -357.945
5.76023, -697.244, -115.898
5.80464, 759.473, 877.551
2.58037, -666.916, -610.62
4.30596, -777.033, -669.255
3.72747, 921.938, 115.182
6.93086, -934.687, -947.76
5.23701, 822.956, 775.475
6.57209, -27.0351, -645.14
5.24453, 176.845, 864.584
4.16156, 505.943, -54.8053
4.40213, 22.6576, -654.333
2.52389, 929.384, 652.955
6.95226, -90.1683, -397.449
6.16955, -495.406, 684.672
6.04239, -153.516, 658.504
5.1278, 58.3001, -185.432
6.41065, -189.889, -812.98
3.42484, -387.622, -470.463
5.72673, 244.66, 523.215
3.42178, -686.89, -340.261
3.31214, 61.1372, -93.2313
2.65594, -182, 849.196
7.42716, 130.701, -665.981
4.04559, -330.57, -714.79
4.11075, -673.13, -288.881
5.51155, 282.247, -236.897
2.89107, -329.141, -920.615
3.93936, -19.7167, 89.8307
5.79307, -126.904, -491.077
7.36348, -989.098, -349.381
7.27758, -363.078, -793.939
7.42745, -673.37, -296.262
7.30478, -911.021, -759.344
3.0073, -558.079, 565.199
3.71505, -126.535, -491.566
6.91151, 99.8301, -431.626
5.28805, 340.15, 697.889
6.7669, 801.552, 516.428
7.49145, -536.779, 526.993
3.99751, -254.105, -480.793
6.33157, 970.355, 483.533
4.81901, 285.673, -144.734
6.8168, -636.363, -790.745
6.99018, 858.987, 2.70796
7.377, 257.483, -415.252
2.77405, 655.578, 89.8119
6.32605, 940.968, -618.034
5.09219, -931.605, 738.885
3.46574, 920.214, -232.081
6.98252, 198.325, -544.013
6.38492, -835.224, 96.579
2.75968, 414.808, 540.203
7.47331, -850.869, 763.512
5.93659, -6.14977, -457.88
5.94854, 886.643, 496.641
6.57666, -656.927, 815.227
7.05426, -37.2771, -439.805
3.34218, -201.388, 401.555
5.24183, -580.708, 802.922
6.53351, -489.22, -253.232
4.17803, 329.087, -540.736
5.53435, -106.85, 28.991
6.59602, -947.832, 333.93
7.3485, 82.8149, -248.135
6.29349, 582.443, 493.742
3.72113, -177.448, -92.019
5.80589, -571.982, 402.175
4.21574, -449.394, -187.739
7.27146, 374.97, -395.302
2.60828, 802.401, 554.936
4.54979, -891.118, 944.574
2.55789, 588.357, -673.064
3.04964, 834.565, 195.848
5.28259, -842.245, 94.6377
4.45466, -15.5908, -238.714
7.20539, 117.534, -182.786
2.55572, 179.357, 391.413
6.22897, -220.794, -437.317
3.84293, 110.539, 122.434
4.27153, -669.849, -756.443
3.45835, -456.574, 620.149
5.14832, 295.12, -168.113
4.39478, -55.9577, -856.993
3.16407, -11.6602, -803.638
4.26563, -128.047, -562.283
4.2497, 783.266, 983.183
7.41084, 608.347, -126.948
5.25961, 151.654, -373.19
4.99918, 14.3146, -715.512
3.58531, -834.364, 454.216
4.37311, -237.181, -648.214
6.78251, -665.084, -474.589
6.45578, 794.479, -516.555
3.9204, -496.413, 927.741
5.07645, 436.938, 102.227
6.79238, -290.093, -22.0591
7.07844, -937.773, -173.116
7.48941, 135.019, 913.035
6.53177, 171.281, -189.746
5.22718, -896.774, -183.757
7.3461, 151.108, -733.241
5.31931, -584.718, 362.614
4.03031, -418.373, 657.903
5.41853, 962.38, 949.208
2.91197, 47.7612, -329.316
5.47382, 356.077, 617.993
3.31968, -597.855, -591.511
6.46527, -610.745, -436.873
2.95373, 580.031, 736.41
6.3072, -504.6, -679.512
6.83996, -225.463, 29.9084
6.40105, 189.74, -334.248
6.61399, 908.477, 965.562
6.70974, 372.121, 552.251
4.48328, 523.254, 257.006
6.508, -160.384, 167.702
6.56811, 379.565, -43.6276
5.43493, -409.156, 100.411
4.64621, 794.291, -48.532
2.5002, -57.9463, -476.449
5.31153, -814.008, 317.448
6.22632, 337.477, 351.072
3.89846, 965.685, 288.852
2.93406, -983.224, 564.417
3.5733, 853.392, -879.637
3.93296, -487.224, 568.333
4.86595, -404.348, 473.651
6.95893, 844.232, 819.756
5.91955, 516.292, -505.658
3.54376, -48.211, -68.9588
6.67533, 792.546, 10.9349
7.09218, 926.499, 918.08
4.48244, -475.877, -699.361
6.37858, 541.243, 525.821
5.68161, -159.125, -89.6929
6.64746, 482.887, 288.574
3.40204, 554.294, -466.816
7.45927, 578.872, -760.91
6.70558, -154.352, -845.491
4.65177, 886.682, 264.649
4.38589, 596.252, 887.204
2.70802, 652.806, -504.746
6.80715, -798.872, -530.46
6.62116, 916.173, -897.592
6.25052, 13.0469, 730.626
3.55801, -165.372, 989.136
4.31029, -781.415, -191.713
4.43545, -589.875, -798.375
7.32918, 792.514, 635.502
6.5872, -165.972, 634.222
4.5755, -81.47, 448.469
5.83759, 203.911, 181.399
2.52101, 475.789, 976.948
6.98048, -737.711, 247.694
3.68416, -343.737, 354.661
3.79415, 354.038, -91.3241
5.4939, 407.521, -711.023
6.89823, -836.619, 369.487
6.16299, -560.702, -587.564
6.0773, 909.317, 569.899
3.57724, -606.697, 481.224
6.30413, 679.094, -956.511
3.85351, -162.039, -556.93
2.75246, 664.175, 335.983
4.78866, 271.188, 245.904
2.58759, 447.066, -776.392
3.01129, 71.6304, -173.632
2.639, -131.231, 282.079
5.65921, -342.003, -516.701
6.34425, 83.0192, -248.412
2.74132, 525.921, -838.431
6.6924, -55.6446, -630.572
6.76899, -262.715, -316.297
6.57649, -447.95, 575.072
6.85188, 794.058, 404.102
5.27222, -630.463, -166.993
6.12646, -292.836, 56.0728
3.20424, -524.081, 923.426
6.6115, 593.921, -526.273
5.51185, 730.963, -196.482
4.93856, 507.036, -918.04
6.14942, -286.876, 947.179
4.05164, 757.343, -668.234
3.93925, -699.539, 352.389
5.45857, -949.447, 806.659
5.34055, 652.505, 880.405
5.41059, -935.57, -573.761
2.84132, -688.65, 283.143
4.34304, 150.127, -392.107
6.28475, -928, -576.044
6.35297, -449.705, -865.963
4.27217, -393.803, -253.645
5.98913, 240.694, 929.707
5.08005, -664.397, -294.038
5.94494, 389.082, 133.597
6.18066, -81.9092, 616.383
2.56231, -342.385, -673.244
7.16549, 615.223, -124.659
5.37826, 132.338, 125.585
3.05587, 463.713, 973.5
4.87388, -103.574, 35.9101
3.24247, 188.825, 104.264
4.22594, 51.0059, 447.455
7.04476, -931.508, 182.017
4.54571, 14.0781, 519.094
5.96642, -679.83, -71.8845
3.35865, 379.503, -942.633
6.21715, 888.129, -506.417
4.16319, -425.406, 643.888
4.62157, 664.216, 312.213
2.79523, -137.72, -111.554
5.09005, 287.34, -230.748
5.94425, 472.895, -580.223
5.01149, -251.282, 13.0322
6.56617, -169.623, -749.724
3.07974, 82.8571, -936.129
5.24841, 273.622, 464.439
5.06046, 408.293, 20.9525
6.02649, 960.785, 441.002
5.65083, -238.902, 882.656
4.0207, -27.4054, -641.865
6.74719, 399.636, 369.281
3.39619, 605.074, -22.1819
2.61737, -528.555, -100.117
4.19467, 734.133, 51.4801
3.43818, 355.272, -92.4619
6.60467, -288.832, 181.572
6.72507, -895.086, -161.583
6.78031, 846.068, -717.937
7.37454, -954.539, 642.63
2.99587, 467.32, -447.708
2.56182, 564.682, 655.118
2.58614, 221.081, 581.813
2.64527, 250.081, 96.2092
4.1031, 148.612, -387.113
6.17815, 626.313, 301.653
3.14876, 353.891, 476.975
2.5161, -368.641, 505.71
6.91905, 139.577, -789.89
3.70482, 230.033, -571.792
4.38481, -817.073, 765.825
4.44879, 615.155, 183.927
2.81534, 596.439, 294.139
7.30792, 183.671, 953.079
3.75349, 725.655, -339.56
6.85376, -676.685, -69.8178
2.85991, -916.363, 423.933
2.70653, -619.536, 570.896
3.46378, 359.05, -522.703
3.86708, -309.531, 302.925
7.4007, -951.353, -365.043
3.60607, 322.688, -531.778
6.43119, -874.828, 854.403
4.42306, 298.98, -421.073
3.78593, 478.376, -636.127
3.91087, -941.296, 62.5165
7.33834, 866.904, -36.9835
4.22841, 764.352, 169.824
3.45922, -980.326, 736.793
5.05037, -547.586, -379.383
5.21857, -556.343, 632.647
5.72333, -644.851, -614.53
3.89738, -11.1782, 792.484
3.41887, -296.799, -717.15
2.71579, -832.947, 372.612
3.98408, -500.739, -263.19
4.25548, -231.317, 139.93
7.09372, -424.03, 715.334
5.81225, 506.024, -362.318
5.08041, 865.611, 583.559
4.03763, 613.41, 585.73
3.0007, -351.231, 154.293
3.47502, 379.106, -880.083
4.11407, 31.0232, -129.986
5.56182, 960.16, 86.9991
5.13511, 959.222, -981.812
3.45653, 260.548, 283.08
4.7178, -635.846, -421.257
4.48693, -706.898, 851.557
6.28051, -605.697, 744.721
6.6213, 735.894, 602.586
5.51573, 142.249, -345.731
3.04573, 608.159, -826.104
4.11797, 485.715, -165.278
5.03403, 9.35029, 317.741
4.76521, -648.503, 802.163
4.77315, -179.866, -451.405
4.91125, 921.403, 914.198
5.07896, 368.683, -650.872
4.50207, 203.257, 823.585
4.22945, 969.414, 483.346
6.64533, 932.094, -240.513
3.02204, -730.359, -795.438
6.40057, 583.395, 565.386
3.19919, -297.204, -238.928
2.62171, -792.229, -521.539
6.0664, 406.044, -751.143
7.15538, 146.586, -826.539
7.47667, 185.699, 174.107
3.86264, -872.03, 152.819
3.6923, -475.398, -257.536
3.87328, 959.688, 619.039
5.70836, -906.592, -730.16
5.17637, 309.745, 153.247
6.8967, 831.171, -295.642
6.75968, -671.005, -833.2
2.98004, 903.437, -40.1814
4.66818, -744.43, 210.216
3.17045, -203.557, -755.391
5.86802, -169.534, 307.623
5.34964, -54.482, -473.179
3.66474, -620.409, 569.22
5.50306, 265.726, -687.456
2.6551, -800.442, -27.1753
7.08512, 567.259, -310.478
3.82958, 860.456, -174.053
6.50016, -183.216, -510.264
5.46389, 166.59, -717.804
5.0822, 346.589, 627.244
5.2567, 322.801, 640.299
3.47225, 502.594, -234.606
5.36152, 125.667, -741.503
3.81992, 211.632, 401.502
4.41648, -765.919, 538.996
2.73626, -757.126, -897.472
4.22823, 585.567, -671.367
3.61594, 665.461, -429.169
3.81264, 18.2235, -732.937
3.05141, -428.839, -403.796
7.40088, -704.667, 18.1061
5.93794, 799.41, 632.827
5.82158, -547.849, -377.117
5.99501, -600.731, -671.911
2.68746, -833.794, -769.339
3.6706, -629.974, -745.953
3.95397, 723.091, 693.363
3.50543, -33.5538, -253.919
2.7177, 366.821, 338.37
2.56571, -524.529, 519.493
6.07297, -525.648, 765.296
6.88348, -866.132, -627.099
5.35088, -885.78, 270.186
6.92743, 864.432, 864.673
5.20042, -357.162, -279.181
3.31357, 929.153, -645.446
3.30492, 955.605, 441.509
7.19182, 315.514, 286.228
3.45628, 552.224, -849.333
3.15761, 1.76432, -97.9314
4.41122, -309.412, -6.94618
6.12674, 258.617, -261.719
2.50651, 544.044, 866.869
4.60222, 26.0874, 736.355
5.18984, 303.601, -214.514
4.86596, -238.101, 246.432
6.33003, 540.452, 873.831
2.9396, 556.425, -460.701
7.04284, 136.379, 322.834
3.20818, -866.599, -398.976
2.54782, 430.519, -50.0504
2.82267, 244.528, 522.514
4.96742, 381.213, 222.172
5.40914, 527.972, 973.844
4.03373, -945.975, 544.286
4.57091, 901.409, -68.182
4.33401, -576.392, -686.389
3.42687, 179.759, 666.7
2.76788, 641.645, 180.227
4.47222, 539.115, -65.0871
3.98388, -347.37, -132.533
5.05388, -395.695, 819.39
3.75392, -702.555, 229.429
5.01589, 959.741, 886.661
2.51168, -7.23991, 784.641
7.01807, 992.068, -447.559
2.79181, -907.078, -945.312
5.17506, -683.342, 806.132
3.95754, -375.721, 873.38
7.3023, -805.632, -269.585
4.73406, 321.218, -108.988
5.08479, 891.349, 168.358
5.93861, -251.995, 29.5293
2.72187, -160.484, 74.4941
7.2946, -796.57, 605.732
5.70852, 369.495, 157.684
2.80215, 626.407, -778.187
3.33964, 50.6467, 267.678
5.76491, 487.674, -246.045
6.19864, -769.183, 336.477
3.57011, 854.814, 204.705
4.31441, 155.703, -868.844
6.56981, -647.668, 932.59
5.32057, 807.781, -470.342
7.45886, -43.5797, -889.43
6.5669, -763.422, 394.975
3.49157, -990.593, -22.605
2.50003, -148.678, -840.841
4.62608, 941.523, -779.737
4.07406, 843.669, 200.545
5.56218, 606.233, -931.264
3.83351, -191.956, -542.167
4.39881, -594.586, -62.2361
5.43397, 957.682, 300.684
5.95636, -141.019, -510.364
7.26736, -456.904, -570.204
4.89785, -293.095, -951.15
3.60319, 378.53, -726.234
5.33741, -721.87, -449.482
6.09873, 428.116, 362.898
4.4953, -495.109, 554.027
3.48326, -691.867, 981.519
6.66971, -670.986, -760.102
5.59561, -447.013, -873.726
7.26866, -290.259, 178.266
3.23222, -14.2525, -274.259
5.38953, 38.5469, -458.393
7.26796, -392.72, 716.452
3.62331, 721.796, -986.878
7.25137, -494.943, 798.464
3.07874, 788.177, -510.398
2.58372, 30.2185, -257.306
3.90465, -358.02, -167.041
7.15042, 639.22, 172.595
3.04796, 751.324, 873.024
6.77266, 28.0769, 824.986
5.68532, -724.647, -730.69
5.63853, 404.849, -706.845
3.80589, 723.051, 743.207
5.13936, -951.023, 216.359
7.16608, -277.171, 901.966
3.98055, 921.302, 105.024
4.78006, 157.286, 450.673
6.35659, -656.282, -611.669
4.17193, 106.57, 121.316
6.31775, -39.7073, -936.811
6.65892, -30.2954, 941.524
2.64618, -724.875, 567.555
4.31315, 713.908, -266.878
4.16221, 286.408, 461.179
3.17675, -516.826, -298.693
3.00839, -305.571, 623.095
5.11327, -608.693, 811.97
3.52046, 30.6505, -532.117
5.00728, -870.933, -625.546
5.1371, -0.945394, 961.261
4.13422, -266.25, -292.794
4.75888, 226.76, -442.448
6.85263, -7.05846, 978.096
4.72884, 642.929, 864.582
6.03726, -458.198, -914.944
6.83171, 911.148, -698.602
6.5822, 865.748, 217.688
2.67504, 890.96, 838.697
3.8644, -651.451, -237.6
5.21858, -421.933, -430.49
3.19942, -980.749, -547.954
5.57408, -776.473, -937.099
3.29182, -682.886, -604.66
4.41129, 99.7291, 220.627
5.94997, -94.5833, 189.012
3.21128, -391.066, 462.759
5.65284, -784.536, 791.243
3.15973, 196.63, 935.667
7.13583, -740.696, 252.513
5.53465, -937.825, 784.218
5.50388, -922.37, 375.453
3.33635, 590.345, -531.206
3.301, -866.676, -399.102
5.91628, 620.658, -28.7064
5.1456, -710.404, -12.7014
3.65264, -136.431, 803.674
6.55373, -502.477, -57.3248
5.76477, -419.513, -559.322
4.08597, -563.208, -589.35
2.53953, -261.577, -813.698
3.49176, 731.622, 733.234
3.78831, -7.26625, 381.327
3.03825, 886.206, 38.543
3.49545, 130.145, -431.522
6.75079, 803.754, -771.011
6.63912, -978.454, 209.504
6.76813, -960.958, -555.138
5.71027, 287.685, 778.305
3.6787, 717.878, -981.035
6.80638, -502.714, -806.908
5.4745, 36.1498, -104.406
2.52745, 505.669, -32.8641
6.84925, -667.338, -471.612
7.37729, 647.953, 104.701
5.59653, 377.494, 14.6525
3.85574, -937.162, 384.163
7.46973, -160.997, -630.995
4.60751, -720.902, -527.745
4.20537, -793.651, -614.451
4.80717, 371.109, -133.949
4.44822, 263.134, -380.751
4.613, -48.2478, 514.918
2.84879, 131.041, 289.103
5.5153, -60.0315, -132.537
7.36114, -49.7632, 229.376
5.07406, -697.068, -533.224
7.45461, 952.225, -137.367
5.84906, 630.366, -139.267
4.01716, -605.207, 69.712
3.47371, 872.213, 570.19
4.0109, -711.358, -933.927
4.93946, -335.573, 460.493
4.72438, 533.018, 987.175
5.7844, 320.869, -937.815
3.74227, -776.096, -666.459
4.72007, 54.5548, 554.904
5.75894, -692.198, 50.2657
6.67472, -714.993, 190.502
6.03698, 193.525, 812.644
4.93928, -868.787, -606.481
6.72039, 398.966, -237.279
7.00296, -507.17, -188.11
6.33082, -652.273, -524.043
5.29453, 630.132, 850.65
2.70603, -11.3858, 79.9639
5.46749, 563.195, 66.2739
2.68674, -675.778, 820.71
4.53488, 26.2112, 436.924
2.84243, -973.378, -880.555
7.38558, -774.261, -882.421
2.5956, -515.171, -235.419
6.60363, -155.538, -265.828
5.2195, -386.562, 868.803
5.72828, 789.749, -332.848
3.62934, -260.641, 49.3894
2.733, 831.344, -697.893
3.63154, 212.113, -554.034
4.58371, -633.627, 134.736
6.40126, 265.18, -630.332
3.72852, -923.091, 378.756
4.81411, 654.296, 92.4414
6.14756, 928.012, 290.422
5.35237, -330.894, 814.169
5.45997, 934.006, 913.4
4.98425, -939.112, 280.236
3.951, 485.536, 112.925
4.71107, -9.49419, -230
2.53669, 852.844, -396.654
7.41683, 494.809, -357.863
2.52822, -806.512, -152.432
4.8676, -112.314, 739.266
5.86497, -311.2, -122.502
