6.27803, -736.135, -994.522
3.5948, 61.8878, -86.2703
5.89648, 359.753, -903.459
5.09708, -235.098, 875.125
2.76731, -932.93, 657.62
2.53849, 331.936, 55.3872
4.58743, -858.959, -232.372
7.15218, 178.43, 375.416
2.95982, 51.6693, 692.029
6.00595, -160.441, 318.085
3.81226, 527.39, 817.806
4.14117, 471.738, -901.938
7.45519, 510.285, 261.806
7.41275, -506.876, -271.272
5.75759, 504.449, 443.669
6.92354, 262.546, -851.272
6.33247, -121.685, -450.878
3.87453, -516.942, -48.868
4.93259, -674.532, -304.294
2.80282, 820.462, 790.187
5.08146, 7.82049, 804.862
4.96988, 968.911, -362.813
7.23882, -815.255, -468.578
4.42071, -11.8033, -839.309
5.14874, 824.541, -448.289
2.75042, 877.283, -65.4507
6.63909, 541.957, 536.859
5.94228, -962.03, -746.568
6.18112, 258.933, 735.241
6.94286, 989.802, 450.205
4.25508, -382.472, -534.735
6.72991, 182.438, 26.1122
3.84659, 663.914, -162.496
4.83959, 73.6596, -176.408
3.2686, -644.2, -429.122
2.66527, 610.713, 142.164
7.2768, -5.82127, 72.4424
6.95369, 109.978, 494.28
3.29884, 680.121, 247.701
3.15214, 428.829, -572.826
2.515, -451.97, -816.348
6.0491, -952.758, -176.505
3.40448, -513.998, 870.55
5.76029, 772.545, -362.086
4.42907, 365.019, -698.506
3.23766, -6.50978, -228.527
5.45054, 683.406, 172.565
3.24076, 119.291, 909.48
3.2091, -181.574, 963.165
4.94257, -493.297, 127.694
3.13015, 906.578, -69.5785
5.64635, -358.722, -597.489
5.60817, 300.903, -743.207
4.88216, -500.453, 602.812
2.64188, -577.001, -244.142
3.21011, -140.473, 801.463
3.15594, -180.708, 890.943
3.31099, -822.498, 757.604
3.76529, -268.333, -853.347
4.77654, 573.919, -734.533
6.54472, -94.5351, -299.97
3.57624, 302.502, 859.033
3.75063, 817.027, 361.601
5.02978, -58.106, 720.623
6.27922, 634.848, 188.79
5.66369, 908.096, -69.476
5.9449, 639.159, -127.53
7.27207, 970.308, 408.405
5.18713, -423.89, 711.189
4.57014, -788.722, 28.4295
4.70019, 751.451, 155.383
6.07821, 736.438, 458.675
6.20858, 409.287, 598.251
5.12494, 770.752, -959.701
6.06711, -866.057, -74.1825
5.91025, 334.257, -21.6886
6.82941, 831.903, -599.093
3.19597, 85.4474, 775.71
3.57766, 971.895, -100.817
5.0733, -365.064, -111.125
4.83766, -118.804, 753.304
3.55759, -267.448, 611.759
5.65244, -690.919, 984.965
2.5044, -976.767, 211.676
4.09589, 452.923, 544.531
5.90281, 363.375, -156.394
6.0446, 670.784, -587.394
2.90869, -808.767, 655.065
3.56926, 265.719, 532.622
4.44412, -834.75, -571.454
4.44927, 899.998, 903.027
3.92018, 382.79, -461.04
4.6123, 565.013, 551.336
2.55658, -616.109, -434.653
3.72027, 937.615, -616.187
4.49072, -721.619, 646.781
6.64177, -647.537, 201.377
3.78584, 972.928, -686.972
3.59705, -806.034, -537.055
6.47385, 390.121, 268.775
5.8476, 502.918, 391.702
5.49108, -889.801, 282.669
5.99917, -363.664, -542.694
5.13062, 526.681, -761.659
4.14833, 187.244, 100.651
3.30844, -714.65, 403.057
6.56633, 718.303, -28.3267
4.08004, 478.575, 115.43
4.05369, 54.5972, -731.675
4.65424, 35.2367, 169.754
4.46509, -247.485, -477.15
4.43916, -49.7444, -114.57
4.34871, -838.296, -443.153
5.88118, 343.086, -493.427
6.10384, 453.192, 28.1266
7.20082, -69.9744, 893.358
5.08573, -79.4615, -357.62
5.5282, -194.058, 323.04
5.85049, -693.65, 979.625
5.11404, 81.0178, -308.891
3.87105, -957.585, 647.028
7.08924, 94.4912, 285.143
3.73367, 934.92, -463.019
4.77876, 384.758, 683.817
3.30374, -953.853, 643.416
4.68319, 413.34, 409.492
7.45767, 498.196, 169.033
6.26931, -439.212, 390.931
4.97846, -985.976, -655.562
7.01651, -657.252, -838.639
4.68213, 492.54, 561.97
5.09239, 168.387, -982.568
4.44866, 88.2133, -861.65
5.63431, -223.799, -568.054
5.19331, 415.208, 318.15
4.35955, 632.414, -438.405
2.54674, -368.951, 364.914
6.3794, 41.0608, -788.662
2.85317, -887.158, -560.797
3.98511, 445.111, -679.633
4.78581, -46.3239, -888.316
3.25156, -94.4637, 40.8058
5.97819, 670.293, -432.039
4.15587, 365.062, 155.418
5.21197, 970.689, -881.027
2.64678, 721.165, -984.476
5.38086, -24.2944, -235.804
5.18133, 366.811, 473.978
7.36678, -757.765, -924.912
5.57063, -297.98, -619.509
5.26431, -745.727, 210.855
6.69051, -271.834, 906.872
3.75764, -487.277, 936.417
6.98957, 623.657, -144.035
5.97428, 510.047, -501.434
5.82752, -473.096, -95.4377
3.06838, -579.563, -770.305
3.37987, -981.499, 94.8522
2.91253, -136.197, 195.14
6.68103, -246.898, 371.526
2.64818, 941.645, -767.894
6.34719, -1.08895, -851.204
4.29829, -503.375, 865.932
6.24626, 3.00367, 534.518
6.28385, 362.842, 341.017
3.60834, -537.732, -922.886
5.58305, 305.059, 127.712
3.66846, -549.618, -252.946
6.22052, -669.434, 303.506
5.80997, -910.162, -685.58
4.9209, 905.382, -746.336
2.58972, 828.115, 238.495
4.98291, 446.975, 199.412
5.09587, -111.047, -886.791
4.71395, -873.265, 530.632
4.14528, -61.4498, 948.808
3.52671, 484.901, -107.18
7.19863, -250.061, -652.038
2.85168, -495.404, 927.616
3.30042, 51.6622, -746.572
6.70788, -785.49, 34.5053
4.13614, -163.208, -276.013
6.85942, 158.678, 427.605
5.99896, 671.24, 515.897
5.52801, 868.989, -220.202
4.77536, 79.6389, -266.734
2.91543, -517.872, -180.102
3.94883, -55.2663, -147.693
6.51009, -571.209, -786.519
6.81821, 336.081, 59.3409
3.81831, 421.228, -510.944
4.79881, -835.886, -235.952
4.95672, 610.149, -525.819
5.82344, -467.236, -988.892
7.31738, -626.984, -154.444
7.23022, 581.683, -735.235
2.81902, 222.062, -655.656
5.04829, -410.99, -306.498
6.13222, 668.221, 659.435
5.65882, 600.407, -338.928
3.26658, -915.097, -908.578
5.09652, -866.358, 540.467
3.52281, -556.32, 854.533
6.03231, 400.085, -820.757
6.05786, -474.244, -15.6819
3.66304, -571.647, -232.871
6.80594, -60.1099, -131.752
2.67122, -109.271, 949.91
6.26587, -935.504, 52.4425
4.14789, 643.119, 166.291
4.65309, 71.1219, -533.419
7.33455, 967.537, -193.829
4.05803, 732.711, 694.696
5.69762, 987.002, -700.559
5.95386, 868.38, -61.5689
5.36403, 78.9132, 628.458
6.60667, 892.023, -684.034
4.21807, -900.066, -678.15
5.09387, -810.29, -774.795
6.78438, 122.395, -950.672
6.18587, 345.281, 41.5853
3.45992, -942.38, 386.339
2.83145, -308.112, 340.26
3.60828, 843.167, -716.646
3.33656, 170.203, -234.388
6.31172, 381.85, -931.938
5.44905, -843.161, 423.892
4.65223, 859.856, 853.62
7.09618, 660.207, 12.1711
5.09668, 444.22, 188.072
7.38058, -678.928, -21.5796
5.15714, -452.936, 146.821
2.98716, 334.219, 392.268
5.83983, 217.834, 98.7826
5.44444, 139.401, -25.8946
5.01137, -698.512, -112.91
2.75808, -931.902, 459.378
2.6753, -348.213, 31.0704
4.41484, -786.281, -513.763
5.55555, 185.509, 102.545
5.06574, 544.625, 868.275
5.98498, 302.86, -26.3426
4.89891, -24.9936, -185.611
3.88323, 68.2916, 421.956
6.01685, -439.106, 209.138
3.67701, 874.689, 57.6893
6.41501, 186.502, -176.576
6.60589, 360.389, 836.438
3.21842, -535.053, 53.1885
5.75757, -488.015, 810.551
3.87677, 869.448, -985.679
7.26215, -429.095, 715.961
4.58238, -751.448, 14.1004
3.03869, -126.625, 403.087
4.70633, -798.064, 531.479
6.28811, -420.243, -302.393
2.77803, -338.629, -319.633
3.51241, -27.7794, 144.605
6.82305, 941.09, -776.746
6.52456, -265.591, -11.2904
2.78861, -679.144, -672.715
4.40304, -64.3979, -701.462
4.56124, -145.637, 764.786
2.80071, -381.314, 302.493
7.09746, 805.815, 648.241
3.35398, 537.64, 804.441
6.51634, -931.254, 155.383
3.88599, 724.094, 46.279
4.44586, 172.631, 738.184
7.19936, 53.3066, 623.578
6.24573, 161.216, -164.89
3.44774, -325.203, 759.622
6.89581, 435.884, 484.957
6.8953, 417.479, -850.02
3.30515, -805.367, -264.651
5.87346, -804.074, -166.122
6.89096, 627.845, 126.716
6.98262, 256.875, 525.299
3.06535, -24.9656, 754.386
5.93789, -233.991, -254.827
3.21651, -838.265, -764.665
3.6901, 414.092, -44.6158
5.64383, 946.494, -218.104
4.312, 816.718, 363.615
4.64437, 588.432, 717.58
4.91936, -9.9084, -839.701
6.20379, -3.74118, -108.516
3.23098, -390.08, 868.028
7.36238, -832.655, -771.934
7.3158, -513.795, -192.44
3.14741, -601.021, 664.78
5.3784, -318.944, -606.772
4.66439, 170.337, -123.204
5.50066, -238.981, -256.362
5.85098, -698.191, -131.314
4.5137, 396.558, 987.477
6.46691, 640.207, 694.425
4.89889, -975.989, -250.602
5.72449, 297.522, 276.482
4.28836, -246.47, 599.409
5.96794, -330.335, -220.709
5.83428, -416.971, -704.151
3.22071, -379.179, 711.72
7.10415, -981.548, 221.745
4.22228, 31.872, -235.818
6.66824, -415.169, -469.806
2.74349, 270.851, -747.18
3.27936, -250.157, -63.7841
2.55765, 331.204, 508.661
3.94327, 120.866, 588.673
5.07295, -346.298, -172.995
3.65948, 682.521, 437.621
2.75022, -243.544, -70.6771
5.33091, -595.742, -845.829
6.69774, -152.365, 674.131
4.28763, -649.738, -430.754
4.3452, 164.787, 870.899
7.22226, 256.31, -73.3039
4.72425, -910.353, -180.328
6.82086, 494.056, 185.841
5.82654, -788.81, -735.999
5.79297, 165.106, 665.246
7.10736, -959.738, 961.621
5.11536, 951.215, -619.851
5.45229, 439.136, -442.014
5.79944, 667.96, 664.742
4.24765, 283.866, 461.262
4.11714, 344.052, 49.1674
7.08984, -106.598, 738.471
3.08619, 903.85, -445.851
7.31268, 674.321, -170.296
5.17978, 49.7988, -330.386
5.81447, 853.63, 634.262
5.48362, 899.556, -502.276
6.93363, -506.232, -745.312
6.67999, -666.454, -607.16
6.69339, 246.805, 203.158
6.85642, -213.372, 339.676
2.5002, -769.809, 341.255
4.77274, 258.853, 350.186
4.25696, -932.609, 152.605
5.80713, -257.812, 708.543
6.22234, -877.213, 152.842
3.3821, -125.464, -455.108
7.4621, 794.517, -812.223
5.95466, -931.761, 170.559
6.97862, 143.311, -12.8313
3.51579, 370.519, -133.42
7.2356, -457.713, -36.2698
4.88476, 882.657, -505.172
6.78578, 920.568, -747.494
6.41237, -978.645, -555
5.70687, 908.142, -909.065
3.14521, -723.852, 148.626
5.77944, 4.39804, 650.112
3.09199, 53.2377, 9.09738
3.88793, 334.788, 803.421
6.65548, -222.703, -227.238
6.14153, -751.59, -513.201
6.74348, -598.054, 295.704
3.43989, -779.518, -938.897
6.09602, 557.758, -279.554
4.25586, 159.211, 332.31
3.34555, -415.989, -689.499
4.52383, 336.038, -546.514
4.20924, 159.304, 770.064
6.67141, 390.22, -125.744
3.9111, 697.927, 584.224
5.16766, -663.312, -472.074
6.25085, 992.269, -852.341
4.62554, -691.415, -761.488
4.66964, -568.108, 547.829
3.03022, 857.367, -931.666
6.4639, -39.9947, -465.762
3.91232, -573.982, -482.84
7.14264, -584.088, -236.133
5.37926, 248.779, 511.142
3.4895, 818.909, -290.37
5.99081, 573.452, -750.942
3.07265, 495.06, -957.871
4.22945, 304.989, 786.341
4.15646, -588.622, -235.184
6.42735, 828.223, -960.963
6.65775, 459.395, -212.666
4.21712, -739.426, 754.716
4.2603, -273.592, 890.998
6.38197, 150.394, -825.105
6.58658, -12.3066, 687.825
4.26157, -130.742, 282.726
7.09559, -426.442, -301.205
3.2877, 492.67, 254.38
5.56029, -484.627, 565.988
5.54222, -379.106, 711.604
3.16647, -251.579, -744.685
3.51409, -744.711, -478.45
4.79457, -856.309, 501.31
3.48759, -525.215, 931.767
6.77118, -847.414, 381.297
6.54562, -759.662, -691.696
2.80131, -905.766, 885.027
6.50584, -719.195, 651.696
5.49597, -195.421, -542.792
7.43182, -890.135, 306.036
2.65919, -160.851, 642.424
6.8356, 943.002, -763.948
3.69109, 667.697, 348.528
3.6127, 173.471, 430.339
4.73907, -984.266, -551.428
2.61231, 863.825, -179.927
6.79755, -260.202, 14.0482
4.15902, 213.325, 589.579
5.72195, 305.474, 251.834
7.43521, -944.154, -483.405
5.30162, 284.563, -583.37
4.74553, -757.78, -246.292
5.213, 166.272, -724.608
2.90797, 773.074, -32.842
3.99606, -816.971, -270.88
6.63964, 821.011, 676.814
6.48936, 625.029, 935.54
5.71048, -103.512, 679.856
4.84105, 630.287, 385.685
7.15326, -198.878, -608.777
5.08798, -245.68, -74.6
7.42924, 797.541, -537.825
5.94567, -79.8241, -721.803
6.19966, -180.547, -450.669
3.46323, -392.743, -933.197
6.08881, -453.224, 623.376
6.11146, 569.957, -180.215
6.49298, 266.807, 153.636
4.23216, 255.174, -995.301
5.1481, -15.9656, -61.2845
3.19001, 716.003, -359.895
6.73218, -224.584, -209.973
6.32766, -83.2317, -883.454
7.5, 923.291, -419.486
4.24891, 482.792, 990.635
5.50367, -600.378, 589.794
3.50808, -495.917, 83.5961
6.2385, 29.2327, 153.555
6.49225, 974.557, 216.372
3.03505, -705.627, 109.125
5.35813, -507.074, 47.1731
2.84683, 360.083, -336.298
4.16036, 745.201, 689.7
5.80945, 486.061, -707.487
5.27726, 170.389, -190.454
7.12415, 228.892, -11.6809
2.69832, -485.011, 225.855
2.62083, -310.775, 239.376
4.61923, 216.078, -656.108
4.36987, 460.941, 135.471
2.93303, -232.667, -245.637
3.05403, -157.579, 171.384
5.31992, 367.109, -347.109
7.37269, 60.0828, 741.375
3.05066, -45.1613, -889.295
5.99352, 99.0651, 979.463
2.79674, -50.5764, -741.123
4.69755, 835.153, -107.377
5.24651, 990.914, 715.496
3.45129, 690.662, -749.562
7.36597, 314.888, 326.397
3.19593, -679.121, -60.519
5.48978, 937.535, -432.028
7.12812, -872.166, 703.969
3.91116, -80.6572, 884.836
6.8307, -142.253, -83.4125
6.29598, -226.238, -599.508
6.10793, 360.544, 616.328
3.34241, -375.739, 369.583
3.32882, 833.653, 372.896
3.39076, -647.406, -988.205
5.87226, 334.835, -601.198
4.83484, -353.68, 39.6833
6.85219, -810.009, -358.032
5.76023, -696.117, -117.717
5.80464, 760.863, 879.092
2.58037, -664.474, -604.076
4.30596, -778.045, -668.891
3.72747, 923.202, 117.077
6.93086, -935.857, -948.758
5.23701, 823.731, 774.705
6.57209, -26.7656, -648.115
5.24453, 176.813, 865.58
4.16156, 506.096, -55.2057
4.40213, 23.3828, -654.5
2.52389, 930.411, 653.698
6.95226, -90.3256, -397.4
6.16955, -496.263, 685.204
6.04239, -153.661, 660.368
5.1278, 56.8451, -186.184
6.41065, -190.497, -813.843
3.42484, -386.829, -470.468
5.72673, 243.967, 519.567
3.42178, -687.933, -341.404
3.31214, 62.409, -93.1539
2.65594, -181.975, 849.7
7.42716, 130.572, -665.846
4.04559, -331.08, -715.82
4.11075, -675.028, -288.709
5.51155, 283.882, -235.944
2.89107, -329.286, -921.494
3.93936, -20.4923, 90.6274
5.79307, -127.201, -490.23
7.36348, -990.772, -349.256
7.27758, -363.115, -794.885
7.42745, -671.29, -292.485
7.30478, -912.164, -761.087
3.0073, -558.295, 566.482
3.71505, -123.705, -493.823
6.91151, 99.504, -432.336
5.28805, 340.313, 699.082
6.7669, 802.084, 516.254
7.49145, -536.861, 526.014
3.99751, -256.293, -481.624
6.33157, 974.364, 485.463
4.81901, 285.14, -144.256
6.8168, -636.321, -791.701
6.99018, 859.632, 3.5979
7.377, 257.656, -415.791
2.77405, 657.961, 84.5882
6.32605, 944.498, -616.916
5.09219, -932.416, 739.074
3.46574, 921.985, -234.121
6.98252, 197.257, -543.682
6.38492, -833.601, 97.2642
2.75968, 415.249, 540.635
7.47331, -852.204, 764.299
5.93659, -4.83963, -458.389
5.94854, 887.224, 496.691
6.57666, -657.065, 817.196
7.05426, -37.0319, -438.493
3.34218, -201.386, 402.618
5.24183, -580.496, 803.372
6.53351, -487.287, -252.456
4.17803, 326.366, -538.878
5.53435, -105.69, 32.7135
6.59602, -949.733, 333.977
7.3485, 81.5622, -246.585
6.29349, 583.354, 493.464
3.72113, -179.619, -92.3698
5.80589, -572.062, 402.705
4.21574, -448.911, -187.325
7.27146, 375.374, -395.692
2.60828, 802.881, 555.256
4.54979, -891.42, 945.43
2.55789, 585.412, -670.72
3.04964, 835.848, 196.049
5.28259, -845.493, 93.4221
4.45466, -20.5682, -238.779
7.20539, 117.67, -182.749
2.55572, 179.337, 393.128
6.22897, -221.784, -436.667
3.84293, 110.854, 124.878
4.27153, -668.588, -758.6
3.45835, -460.495, 618.405
5.14832, 295.398, -168.816
4.39478, -56.872, -856.346
3.16407, -12.0551, -803.297
4.26563, -127.014, -563.442
4.2497, 783.492, 984.154
7.41084, 606.752, -125.783
5.25961, 151.34, -375.204
4.99918, 14.0034, -714.958
3.58531, -834.469, 455.347
4.37311, -235.052, -649.419
6.78251, -665.88, -470.525
6.45578, 793.217, -514.154
3.9204, -494.145, 928.505
5.07645, 437.112, 101.647
6.79238, -291.464, -23.2414
7.07844, -939.677, -172.719
7.48941, 135.654, 914.39
6.53177, 173.622, -193.322
5.22718, -898.107, -184.616
7.3461, 150.526, -734.838
5.31931, -584.909, 362.619
4.03031, -417.404, 658.786
5.41853, 964.048, 950.708
2.91197, 52.2603, -330.187
5.47382, 353.147, 619.271
3.31968, -598.159, -591.583
6.46527, -609.099, -437.325
2.95373, 579.636, 738.071
6.3072, -504.908, -679.606
6.83996, -223.354, 30.8943
6.40105, 190.556, -334.317
6.61399, 908.519, 967.315
6.70974, 372.282, 552.647
4.48328, 526.607, 256.694
6.508, -160.725, 167.808
6.56811, 379.99, -43.8116
5.43493, -409.43, 100.723
4.64621, 794.961, -49.1679
2.5002, -62.407, -477.886
5.31153, -814.516, 317.155
6.22632, 336.948, 352.65
3.89846, 966.709, 290.088
2.93406, -984.63, 564.664
3.5733, 853.416, -880.066
3.93296, -490.422, 564.507
4.86595, -405.288, 474.296
6.95893, 844.635, 819.806
5.91955, 514.168, -504.515
3.54376, -49.1025, -67.8156
6.67533, 793.2, 11.3481
7.09218, 932.038, 918.595
4.48244, -475.495, -700.077
6.37858, 541.421, 528.054
5.68161, -160.059, -90.0293
6.64746, 483.105, 289.84
3.40204, 556.094, -463.412
7.45927, 579.61, -763.401
6.70558, -152.944, -845.216
4.65177, 887.329, 265.179
4.38589, 596.428, 888.243
2.70802, 653.822, -505.112
6.80715, -801.075, -533.45
6.62116, 915.946, -899.306
6.25052, 13.2728, 731.241
3.55801, -165.302, 990.781
4.31029, -781.57, -191.919
4.43545, -590.465, -800.19
7.32918, 796.857, 636.542
6.5872, -167.072, 632.694
4.5755, -81.7952, 448.788
5.83759, 204.689, 182.354
2.52101, 476.367, 976.35
6.98048, -737.654, 247.718
3.68416, -343.622, 354.87
3.79415, 356.5, -94.0141
5.4939, 407.623, -710.396
6.89823, -836.729, 371.052
6.16299, -563.298, -589.591
6.0773, 910.894, 570.184
3.57724, -607.32, 481.163
6.30413, 678.915, -957.069
3.85351, -161.471, -558.221
2.75246, 665.152, 337.249
4.78866, 270.315, 245.803
2.58759, 447.815, -777.397
3.01129, 71.9928, -171.409
2.639, -131.384, 286.045
5.65921, -341.574, -516.313
6.34425, 86.1382, -249.151
2.74132, 525.798, -839.233
6.6924, -56.5255, -630.583
6.76899, -262.843, -317.843
6.57649, -446.809, 574.701
6.85188, 794.423, 404.677
5.27222, -631.816, -169.085
6.12646, -294.014, 57.3811
3.20424, -525.475, 927.393
6.6115, 596.522, -527.871
5.51185, 732.014, -196.808
4.93856, 507.75, -919.055
6.14942, -287.46, 949.41
4.05164, 757.434, -668.601
3.93925, -699.473, 352.999
5.45857, -950.835, 808.194
5.34055, 653.944, 882.441
5.41059, -933.36, -575.506
2.84132, -688.947, 283.15
4.34304, 148.717, -389.899
6.28475, -930.956, -576.09
6.35297, -449.55, -866.968
4.27217, -393.892, -253.173
5.98913, 241.549, 930.756
5.08005, -669.805, -297.803
5.94494, 389.947, 132.973
6.18066, -81.9941, 616.147
2.56231, -342.812, -673.935
7.16549, 614.218, -122.913
5.37826, 132.844, 125.92
3.05587, 462.01, 973.869
4.87388, -105.613, 31.5412
3.24247, 181, 101.557
4.22594, 51.0051, 448.313
7.04476, -932.051, 183.737
4.54571, 14.5931, 518.073
5.96642, -680.148, -75.0974
3.35865, 380.245, -942.433
6.21715, 890.495, -508.479
4.16319, -424.888, 642.958
4.62157, 665.503, 311.932
2.79523, -137.526, -112.892
5.09005, 285.914, -233.422
5.94425, 473.503, -580.663
5.01149, -250.115, 14.5615
6.56617, -169.437, -750.339
3.07974, 82.467, -937.356
5.24841, 270.83, 464.945
5.06046, 409.491, 21.0841
6.02649, 957.41, 441.263
5.65083, -238.403, 885.61
4.0207, -26.2653, -638.22
6.74719, 399.789, 370.259
3.39619, 604.009, -21.5222
2.61737, -529.313, -100.177
4.19467, 736.487, 52.4647
3.43818, 353.038, -88.6575
6.60467, -287.642, 185.302
6.72507, -895.244, -159.706
6.78031, 847.824, -719.915
7.37454, -954.255, 641.431
2.99587, 468.353, -447.964
2.56182, 564.608, 655.77
2.58614, 221.376, 582.452
2.64527, 250.868, 95.8081
4.1031, 151.817, -389.688
6.17815, 626.806, 301.994
3.14876, 355.472, 477.03
2.5161, -368.418, 506.321
6.91905, 139.41, -790.242
3.70482, 230.551, -572.818
4.38481, -817.861, 765.074
4.44879, 613.178, 184.78
2.81534, 596.238, 294.477
7.30792, 183.663, 955.051
3.75349, 726.08, -339.052
6.85376, -677.616, -65.7391
2.85991, -917.271, 425.177
2.70653, -621.317, 574.211
3.46378, 360.487, -523.049
3.86708, -309.896, 302.898
7.4007, -952.036, -365.255
3.60607, 322.777, -532.804
6.43119, -875.193, 855.148
4.42306, 299.762, -421.506
3.78593, 479.02, -636.466
3.91087, -943.798, 63.9199
7.33834, 867.435, -35.8813
4.22841, 765.889, 170.844
3.45922, -981.77, 737.175
5.05037, -548.04, -376.087
5.21857, -556.964, 633.361
5.72333, -641.732, -615.02
3.89738, -11.371, 791.406
3.41887, -296.713, -718.183
2.71579, -839.737, 373.383
3.98408, -500.949, -262.843
4.25548, -231.398, 140.238
7.09372, -422.116, 721.098
5.81225, 506.971, -362.909
5.08041, 866.028, 584.591
4.03763, 614.456, 586.679
3.0007, -351.878, 154.66
3.47502, 379.462, -880.389
4.11407, 31.1967, -130.78
5.56182, 961.848, 86.8707
5.13511, 959.958, -982.748
3.45653, 259.243, 283.831
4.7178, -638.533, -422.266
4.48693, -707.963, 852.881
6.28051, -606.238, 744.751
6.6213, 736.267, 602.596
5.51573, 142.147, -345.234
3.04573, 608.888, -827.295
4.11797, 486.266, -165.321
5.03403, 8.9691, 318.101
4.76521, -648.301, 800.815
4.77315, -180.214, -456.17
4.91125, 919.415, 912.627
5.07896, 368.983, -651.025
4.50207, 202.875, 823.182
4.22945, 965.895, 483.717
6.64533, 931.921, -241.234
3.02204, -731.279, -796.645
6.40057, 584.556, 566.649
3.19919, -297.363, -239.124
2.62171, -795.412, -519.599
6.0664, 406.417, -752.687
7.15538, 149.397, -824.888
7.47667, 184.163, 174.319
3.86264, -875.516, 152.902
3.6923, -474.595, -257.049
3.87328, 961.021, 619.439
5.70836, -907.481, -730.465
5.17637, 310.109, 154.251
6.8967, 833.145, -296.191
6.75968, -670.354, -835.076
2.98004, 905.641, -38.4906
4.66818, -746.86, 205.015
3.17045, -204.279, -756.205
5.86802, -167.909, 309.092
5.34964, -53.9092, -475.544
3.66474, -621.765, 566.409
5.50306, 266.068, -688.289
2.6551, -801.595, -27.547
7.08512, 567.852, -311.141
3.82958, 861.187, -174.532
6.50016, -183.795, -509.98
5.46389, 167.868, -718.219
5.0822, 349.298, 626.344
5.2567, 321.651, 641.689
3.47225, 504.235, -234.196
5.36152, 124.178, -742.195
3.81992, 212.428, 401.96
4.41648, -765.711, 539.266
2.73626, -756.261, -897.505
4.22823, 588.369, -672.542
3.61594, 670.537, -431.821
3.81264, 17.8082, -734.59
3.05141, -429.306, -403.267
7.40088, -705.102, 18.8443
5.93794, 797.15, 633.498
5.82158, -547.595, -380.627
5.99501, -601.159, -672.332
2.68746, -836.612, -773.324
3.6706, -629.616, -745.865
3.95397, 720.834, 693.589
3.50543, -35.7315, -256.042
2.7177, 370.807, 335.929
2.56571, -525.661, 519.119
6.07297, -526.341, 765.383
6.88348, -869.107, -627.744
5.35088, -886.122, 269.642
6.92743, 865.056, 867.033
5.20042, -356.935, -279.501
3.31357, 929.427, -646.279
3.30492, 961.266, 441.024
7.19182, 316.878, 286.713
3.45628, 552.944, -850.523
3.15761, 0.579951, -99.2277
4.41122, -311.489, -6.36789
6.12674, 258.337, -262.981
2.50651, 546.399, 867.685
4.60222, 25.695, 736.773
5.18984, 305.17, -214.308
4.86596, -238.343, 246.742
6.33003, 540.157, 875.08
2.9396, 555.642, -464.402
7.04284, 135.437, 323.178
3.20818, -871.084, -397.353
2.54782, 432.537, -50.6537
2.82267, 240.599, 525.213
4.96742, 381.434, 222.277
5.40914, 528.932, 976.001
4.03373, -946.955, 544.483
4.57091, 905.262, -70.8686
4.33401, -575.74, -687.302
3.42687, 181.784, 667.504
2.76788, 645.073, 174.818
4.47222, 539.924, -65.2204
3.98388, -347.568, -132.38
5.05388, -395.91, 819.881
3.75392, -701.617, 229.739
5.01589, 961.579, 886.108
2.51168, -9.46165, 788.228
7.01807, 993.757, -447.779
2.79181, -906.704, -946.344
5.17506, -685.192, 805.675
3.95754, -376.589, 874.159
7.3023, -807.86, -272.385
4.73406, 320.699, -109.07
5.08479, 892.571, 168.129
5.93861, -253.249, 27.3037
2.72187, -160.537, 75.0388
7.2946, -797.131, 606.132
5.70852, 367.83, 157.251
2.80215, 627.743, -779.167
3.33964, 49.9405, 267.848
5.76491, 487.615, -247.225
6.19864, -769.076, 335.985
3.57011, 856.723, 203.38
4.31441, 156.254, -870.806
6.56981, -647.824, 933.357
5.32057, 807.772, -470.448
7.45886, -40.9701, -893.889
6.5669, -763.502, 395.853
3.49157, -991.761, -22.7496
2.50003, -153.672, -845.543
4.62608, 942.539, -780.721
4.07406, 841.203, 199.728
5.56218, 606.459, -932.145
3.83351, -196.801, -543.148
4.39881, -594.751, -61.8773
5.43397, 959.916, 300.349
5.95636, -141.227, -512.14
7.26736, -457.724, -570.768
4.89785, -293.015, -952.353
3.60319, 377.629, -727.732
5.33741, -722.864, -448.667
6.09873, 429.835, 363.349
4.4953, -495.097, 555.34
3.48326, -693.708, 988.85
6.66971, -673.939, -759.198
5.59561, -446.965, -874.289
7.26866, -292.027, 175.574
3.23222, -14.2912, -276.204
5.38953, 39.2568, -458.933
7.26796, -392.855, 718.775
3.62331, 721.87, -983.153
7.25137, -494.315, 800.39
3.07874, 790.48, -513.508
2.58372, 30.031, -259.048
3.90465, -357.683, -167.703
7.15042, 640.193, 171.529
3.04796, 749.412, 872.502
6.77266, 28.8673, 826.77
5.68532, -725.285, -731.227
5.63853, 406.065, -707.967
3.80589, 723.687, 744.21
5.13936, -950.92, 217.587
7.16608, -274.792, 905.98
3.98055, 921.995, 103.593
4.78006, 156.768, 452.726
6.35659, -656.159, -615.276
4.17193, 103.633, 119.249
6.31775, -39.6464, -939.323
6.65892, -30.2193, 942.069
2.64618, -724.977, 567.82
4.31315, 714.418, -267.136
4.16221, 285.886, 461.212
3.17675, -517.643, -300.77
3.00839, -305.95, 623.296
5.11327, -609.144, 813.099
3.52046, 30.6499, -532.908
5.00728, -868.502, -628.041
5.1371, 0.414104, 961.332
4.13422, -267.214, -292.802
4.75888, 226.549, -443.39
6.85263, -7.20035, 980.768
4.72884, 643.88, 864.82
6.03726, -458.443, -916.59
6.83171, 912.589, -698.854
6.5822, 867.464, 218.962
2.67504, 892.628, 838.335
3.8644, -652.347, -237.204
5.21858, -422.229, -430.613
3.19942, -984.75, -544.08
5.57408, -776.65, -936.272
3.29182, -686.479, -604.936
4.41129, 99.4874, 220.808
5.94997, -94.5, 189.186
3.21128, -390.331, 462.039
5.65284, -784.714, 792.347
3.15973, 197.629, 935.844
7.13583, -741.896, 254.354
5.53465, -938.346, 784.412
5.50388, -922.099, 373.181
3.33635, 589.54, -530.511
3.301, -864.659, -400.328
5.91628, 621.862, -29.1233
5.1456, -711.948, -13.1213
3.65264, -134.406, 806.861
6.55373, -502.337, -57.6979
5.76477, -419.835, -559.836
4.08597, -557.996, -586.961
2.53953, -261.923, -814.482
3.49176, 731.571, 735.272
3.78831, -7.7152, 381.575
3.03825, 888.008, 38.5724
3.49545, 130.963, -432.814
6.75079, 803.754, -771.347
6.63912, -981.651, 208.476
6.76813, -960.49, -554.218
5.71027, 286.935, 778.76
3.6787, 721.145, -983.181
6.80638, -502.69, -807.935
5.4745, 36.389, -103.715
2.52745, 506.207, -31.8502
6.84925, -664.773, -474.485
7.37729, 648.576, 105.493
5.59653, 378.087, 14.2826
3.85574, -938.408, 382.061
7.46973, -160.375, -632.296
4.60751, -721.774, -528.525
4.20537, -794.058, -614.791
4.80717, 367.692, -136.064
4.44822, 263.568, -380.23
4.613, -48.9481, 515.096
2.84879, 131.337, 288.527
5.5153, -58.5336, -129.585
7.36114, -49.7451, 229.909
5.07406, -696.958, -534.116
7.45461, 953.414, -137.479
5.84906, 631.376, -141.753
4.01716, -605.397, 70.0224
3.47371, 873.295, 568.778
4.0109, -710.831, -935.126
4.93946, -335.336, 460.779
4.72438, 533.032, 986.905
5.7844, 320.485, -939.12
3.74227, -777.175, -666.538
4.72007, 54.6784, 555.242
5.75894, -692.086, 51.4773
6.67472, -714.566, 189.89
6.03698, 194.571, 813.964
4.93928, -869.677, -604.983
6.72039, 399.267, -237.9
7.00296, -503.684, -186.238
6.33082, -651.837, -524.912
5.29453, 629.631, 849.912
2.70603, -13.6796, 82.8301
5.46749, 563.562, 66.021
2.68674, -677.55, 823.196
4.53488, 25.1181, 436.949
2.84243, -974.386, -881.068
7.38558, -775.543, -882.404
2.5956, -515.95, -234.748
6.60363, -156.159, -266.943
5.2195, -383.387, 872.258
5.72828, 790.502, -332.741
3.62934, -260.704, 52.0625
2.733, 830.297, -696.842
3.63154, 213.052, -554.763
4.58371, -633.609, 134.902
6.40126, 265.462, -630.872
3.72852, -922.701, 382.933
4.81411, 655.807, 91.6864
6.14756, 928.294, 290.697
5.35237, -330.737, 814.792
5.45997, 932.12, 916.624
4.98425, -940.73, 280.505
3.951, 488.862, 111.509
4.71107, -6.18699, -228.332
2.53669, 853.484, -396.425
7.41683, 494.628, -357.984
2.52822, -807.757, -150.022
4.8676, -107.812, 737.284
5.86497, -310.912, -122.328
