6.27803, -736.865, -999.578
3.5948, 65.7657, -87.0913
5.89648, 357.878, -905.723
5.09708, -233.116, 869.718
2.76731, -930.973, 661.631
2.53849, 336.737, 54.2558
4.58743, -865.783, -233.099
7.15218, 177.986, 373.662
2.95982, 53.6981, 692.307
6.00595, -167.667, 308.396
3.81226, 524.605, 820.449
4.14117, 472.13, -904.835
7.45519, 512.62, 265.033
7.41275, -506.433, -270.197
5.75759, 506.543, 445.198
6.92354, 263.215, -854.377
6.33247, -126.921, -454.508
3.87453, -523.938, -44.835
4.93259, -667.664, -283.266
2.80282, 818.567, 794.974
5.08146, 8.96796, 808.987
4.96988, 972.957, -361.998
7.23882, -818.288, -467.776
4.42071, -3.4741, -852.039
5.14874, 827.408, -446.01
2.75042, 881.731, -70.7537
6.63909, 540.432, 523.674
5.94228, -967.802, -749.068
6.18112, 259.075, 736.4
6.94286, 998.254, 450.776
4.25508, -387.023, -533.686
6.72991, 182.24, 26.5147
3.84659, 681.143, -174.475
4.83959, 75.7009, -173.08
3.2686, -643.641, -425.184
2.66527, 605.226, 143.228
7.2768, -3.22638, 69.1385
6.95369, 109.229, 496.413
3.29884, 683.783, 249.551
3.15214, 429.375, -574.371
2.515, -450.909, -817.894
6.0491, -947.266, -172.025
3.40448, -519.779, 875.431
5.76029, 773.872, -364.713
4.42907, 362.857, -699.263
3.23766, -5.9381, -225.875
5.45054, 690.586, 174.237
3.24076, 112.757, 910.702
3.2091, -182.401, 966.35
4.94257, -495.564, 129.64
3.13015, 922.91, -66.637
5.64635, -361.293, -600.261
5.60817, 302.391, -746.323
4.88216, -504.027, 605.908
2.64188, -592.828, -222.434
3.21011, -146.59, 803.147
3.15594, -179.472, 894.672
3.31099, -815.873, 770.579
3.76529, -269.249, -857.535
4.77654, 566.719, -730.073
6.54472, -95.3335, -300.878
3.57624, 303.233, 863.027
3.75063, 817.286, 362.699
5.02978, -57.5245, 721.639
6.27922, 635.1, 199.973
5.66369, 902.725, -75.0968
5.9449, 648.708, -121.743
7.27207, 973.996, 404.694
5.18713, -421.467, 702.988
4.57014, -790.115, 33.8647
4.70019, 752.992, 153.567
6.07821, 738.372, 459.434
6.20858, 412.788, 601.203
5.12494, 771.966, -961.657
6.06711, -869.347, -73.4165
5.91025, 335.283, -22.0803
6.82941, 833.165, -600.756
3.19597, 87.7173, 779.714
3.57766, 978.215, -99.4144
5.0733, -368.282, -108.183
4.83766, -120.475, 762.342
3.55759, -269.527, 613.189
5.65244, -690.415, 994.758
2.5044, -997.484, 231.667
4.09589, 454.539, 546.542
5.90281, 364.85, -163.992
6.0446, 672.686, -589.32
2.90869, -810.743, 657.241
3.56926, 259.316, 528.204
4.44412, -837.642, -572.792
4.44927, 895.419, 904.187
3.92018, 384.222, -461.529
4.6123, 567.525, 553.572
2.55658, -606.429, -437.923
3.72027, 964.97, -616.64
4.49072, -726.767, 639.823
6.64177, -646.335, 201.971
3.78584, 975.633, -684.696
3.59705, -797.14, -532.723
6.47385, 391.874, 269.386
5.8476, 505.659, 392.426
5.49108, -887.394, 268.105
5.99917, -362.519, -545.749
5.13062, 525.248, -764.868
4.14833, 176.568, 107.35
3.30844, -713.964, 405.762
6.56633, 720.291, -29.2732
4.08004, 477.979, 113.82
4.05369, 56.9234, -729.48
4.65424, 36.1152, 175.798
4.46509, -257.899, -481.549
4.43916, -48.2845, -106.816
4.34871, -843.089, -441.537
5.88118, 343.53, -492.242
6.10384, 456.917, 27.8918
7.20082, -77.9759, 889.764
5.08573, -79.1566, -356.933
5.5282, -196.17, 322.73
5.85049, -698.856, 973.308
5.11404, 83.2439, -312.102
3.87105, -969.332, 657.83
7.08924, 92.4367, 285.895
3.73367, 939.784, -466.506
4.77876, 387.804, 687.644
3.30374, -955.278, 641.27
4.68319, 415.481, 413.576
7.45767, 503.046, 165.106
6.26931, -440.845, 391.326
4.97846, -991.081, -657.487
7.01651, -672.814, -840.012
4.68213, 493.296, 565.684
5.09239, 169.486, -986.962
4.44866, 88.058, -865.954
5.63431, -228.114, -568.32
5.19331, 418.384, 318.107
4.35955, 631.899, -439.345
2.54674, -378.08, 371.078
6.3794, 41.8563, -792.125
2.85317, -889.267, -558.793
3.98511, 447.349, -679.464
4.78581, -39.9734, -901.701
3.25156, -105.879, 39.7751
5.97819, 667.413, -428.305
4.15587, 365.418, 157.453
5.21197, 973.532, -884.751
2.64678, 712.788, -995.992
5.38086, -20.7196, -244.343
5.18133, 359.107, 477.67
7.36678, -755.163, -928.517
5.57063, -297.395, -623.161
5.26431, -747.928, 215.037
6.69051, -285.392, 907.846
3.75764, -482.287, 947.695
6.98957, 629.82, -149.667
5.97428, 520.704, -510.335
5.82752, -472.783, -96.2363
3.06838, -580.792, -767.068
3.37987, -987.366, 94.0168
2.91253, -136.179, 198.455
6.68103, -249.196, 374.582
2.64818, 946.029, -753.584
6.34719, -10.773, -840.128
4.29829, -499.914, 867.877
6.24626, 0.127443, 537.97
6.28385, 363.258, 343.628
3.60834, -538.773, -926.937
5.58305, 305.23, 125.375
3.66846, -550.327, -256.749
6.22052, -668.237, 305.838
5.80997, -905.008, -680.718
4.9209, 898.758, -749.81
2.58972, 828.05, 241.83
4.98291, 443.909, 187.726
5.09587, -116.324, -892.174
4.71395, -869.984, 542.421
4.14528, -64.2974, 953.944
3.52671, 486.424, -108.069
7.19863, -254.639, -656.862
2.85168, -492.802, 929.233
3.30042, 52.5967, -751.916
6.70788, -791.157, 31.9239
4.13614, -152.78, -263.568
6.85942, 153.902, 427.113
5.99896, 673.05, 516.447
5.52801, 870.372, -221.756
4.77536, 79.0451, -275.24
2.91543, -519.256, -195.016
3.94883, -55.2152, -156.266
6.51009, -567.5, -789.805
6.81821, 339.465, 56.8419
3.81831, 422.987, -512.383
4.79881, -837.821, -234.482
4.95672, 591.716, -533.394
5.82344, -467.723, -993.195
7.31738, -626.384, -149.932
7.23022, 591.07, -732.118
2.81902, 214.528, -657.47
5.04829, -413.44, -306.094
6.13222, 668.646, 652.076
5.65882, 603.889, -340.969
3.26658, -917.003, -909.259
5.09652, -875.407, 535.053
3.52281, -558.772, 858.019
6.03231, 399.432, -821.913
6.05786, -476.288, -11.0882
3.66304, -597.119, -242.619
6.80594, -62.7319, -129.487
2.67122, -110.836, 954.136
6.26587, -936.606, 47.8735
4.14789, 645.482, 182.531
4.65309, 72.9136, -535.662
7.33455, 974.122, -192.906
4.05803, 734.869, 700.614
5.69762, 994.602, -703.034
5.95386, 864.109, -63.6811
5.36403, 82.7785, 630.639
6.60667, 890.599, -681.737
4.21807, -916.682, -688.548
5.09387, -807.13, -779.584
6.78438, 122.925, -954.852
6.18587, 348.82, 34.3036
3.45992, -953.614, 396.267
2.83145, -308.246, 341.855
3.60828, 847.502, -722.071
3.33656, 171.896, -239.375
6.31172, 382.215, -946.411
5.44905, -845.188, 427.132
4.65223, 859.396, 851.13
7.09618, 662.34, 11.9582
5.09668, 447.479, 202.424
7.38058, -677.292, -18.6133
5.15714, -453.455, 148.579
2.98716, 334.105, 396.758
5.83983, 221.215, 97.5724
5.44444, 142.962, -10.7876
5.01137, -699.166, -115.521
2.75808, -936.329, 462.478
2.6753, -357.485, 42.3537
4.41484, -785.615, -509.987
5.55555, 194.031, 103.647
5.06574, 543.134, 874.023
5.98498, 300.442, -26.6182
4.89891, -26.2094, -184.971
3.88323, 68.3946, 420.975
6.01685, -439.741, 210.932
3.67701, 876.368, 60.7426
6.41501, 194.381, -173.242
6.60589, 362.789, 840.201
3.21842, -539.141, 54.7049
5.75757, -496.659, 799.587
3.87677, 871.692, -990.019
7.26215, -441.375, 717.412
4.58238, -753.899, 13.673
3.03869, -126.987, 404.804
4.70633, -800.107, 532.283
6.28811, -407.812, -309.487
2.77803, -338.493, -322.732
3.51241, -29.3063, 146.232
6.82305, 948.097, -772.748
6.52456, -265.229, -15.9542
2.78861, -680.713, -675.378
4.40304, -63.8335, -701.48
4.56124, -151.289, 767.222
2.80071, -383.193, 302.581
7.09746, 795.655, 629.973
3.35398, 539.926, 802.559
6.51634, -935.659, 147.997
3.88599, 723.261, 44.5468
4.44586, 173.643, 738.925
7.19936, 51.4733, 623.773
6.24573, 159.813, -160.262
3.44774, -323.932, 761.422
6.89581, 437.692, 486.155
6.8953, 420.024, -853.95
3.30515, -819.391, -279.607
5.87346, -806.91, -166.403
6.89096, 626.227, 125.337
6.98262, 269.674, 537.883
3.06535, -26.9052, 756.641
5.93789, -234.553, -245.443
3.21651, -845.854, -756.955
3.6901, 416.939, -44.7084
5.64383, 951.385, -218.053
4.312, 817.736, 359.568
4.64437, 588.553, 718.354
4.91936, 0.298966, -851.574
6.20379, -0.792616, -99.0768
3.23098, -399.172, 865.801
7.36238, -837.033, -778.776
7.3158, -522.517, -184.486
3.14741, -603.63, 666.786
5.3784, -321.566, -607.334
4.66439, 171.274, -119.737
5.50066, -235.97, -263.005
5.85098, -702.117, -140.425
4.5137, 396.165, 990.552
6.46691, 639.138, 698.253
4.89889, -980.427, -251.434
5.72449, 293.299, 277.991
4.28836, -245.352, 598.165
5.96794, -331.308, -220.976
5.83428, -416.953, -709.787
3.22071, -371.377, 709.483
7.10415, -988.081, 205.584
4.22228, 32.9759, -236.057
6.66824, -417.794, -471.589
2.74349, 269.352, -750.917
3.27936, -246.432, -82.7756
2.55765, 331.892, 511.483
3.94327, 121.757, 589.68
5.07295, -357.95, -169.1
3.65948, 683.97, 438.258
2.75022, -251.282, -69.5953
5.33091, -595.15, -851.819
6.69774, -154.786, 663.752
4.28763, -638.019, -415.105
4.3452, 177.662, 868.405
7.22226, 255.709, -73.8397
4.72425, -899.766, -187.898
6.82086, 496.422, 191.461
5.82654, -790.685, -737.807
5.79297, 162.733, 666.639
7.10736, -961.986, 963.882
5.11536, 935.995, -611.213
5.45229, 439.552, -442.378
5.79944, 669.274, 673.639
4.24765, 288.567, 460.748
4.11714, 329.128, 68.65
7.08984, -114.818, 738.443
3.08619, 903.516, -446.613
7.31268, 673.112, -168.359
5.17978, 50.7506, -333.869
5.81447, 859.325, 636.068
5.48362, 883.446, -512.796
6.93363, -506.066, -747.738
6.67999, -673.643, -607.633
6.69339, 246.508, 204.689
6.85642, -216.641, 343.034
2.5002, -769.766, 341.688
4.77274, 257.606, 351.987
4.25696, -936.909, 145.292
5.80713, -258.287, 710.044
6.22234, -877.729, 152.867
3.3821, -115.243, -441.659
7.4621, 794.49, -816.089
5.95466, -933.887, 186.267
6.97862, 138.965, -24.756
3.51579, 376.855, -131.054
7.2356, -455.295, -36.5487
4.88476, 905.323, -510.702
6.78578, 922.738, -745.918
6.41237, -985.401, -564.547
5.70687, 919.421, -899.72
3.14521, -725.665, 146.933
5.77944, 3.75998, 649.315
3.09199, 52.9325, 10.0422
3.88793, 337.583, 805.911
6.65548, -217.44, -226.655
6.14153, -752.999, -513.938
6.74348, -597.603, 296.117
3.43989, -788.327, -953.909
6.09602, 559.197, -278.169
4.25586, 161.751, 332.71
3.34555, -415.826, -685.915
4.52383, 342.247, -552.21
4.20924, 158.768, 772.803
6.67141, 398.637, -125.519
3.9111, 698.118, 583.983
5.16766, -665.653, -473.298
6.25085, 997.083, -853.532
4.62554, -672.143, -756.973
4.66964, -572.515, 546.496
3.03022, 858.551, -933.682
6.4639, -36.1675, -467.292
3.91232, -572.301, -484.793
7.14264, -583.376, -238.476
5.37926, 234.031, 527.129
3.4895, 815.877, -287.535
5.99081, 581.23, -769.811
3.07265, 495.873, -963.08
4.22945, 308.967, 789.673
4.15646, -571.282, -235.605
6.42735, 828.696, -964.171
6.65775, 459.922, -213.064
4.21712, -740.679, 755.528
4.2603, -275.478, 884.525
6.38197, 144.103, -837.945
6.58658, -13.3293, 688.361
4.26157, -128.803, 281.936
7.09559, -436.302, -301.606
3.2877, 489.375, 252.435
5.56029, -495.267, 554.756
5.54222, -371.203, 709.027
3.16647, -252.594, -747.896
3.51409, -747.698, -476.432
4.79457, -857.964, 501.06
3.48759, -530.265, 926.567
6.77118, -837.665, 368.548
6.54562, -759.64, -694.649
2.80131, -908.721, 888.136
6.50584, -717.698, 658.987
5.49597, -199.258, -544.851
7.43182, -892.368, 310.098
2.65919, -171.402, 626.653
6.8356, 946.317, -785.131
3.69109, 668.697, 342.68
3.6127, 179.043, 433.617
4.73907, -995.634, -541.334
2.61231, 864.125, -177.023
6.79755, -247.739, 26.3798
4.15902, 218.235, 588.102
5.72195, 307.582, 248.27
7.43521, -947.712, -481.881
5.30162, 284.642, -584.417
4.74553, -758.553, -246.146
5.213, 172.043, -720.763
2.90797, 773.181, -32.7986
3.99606, -799.135, -274.452
6.63964, 825.638, 682.859
6.48936, 626.447, 940.222
5.71048, -102.627, 679.612
4.84105, 631.427, 387.691
7.15326, -197.026, -612.445
5.08798, -244.131, -66.259
7.42924, 798.473, -544.028
5.94567, -82.8073, -725.705
6.19966, -181.381, -442.475
3.46323, -392.18, -937.169
6.08881, -450.412, 626.198
6.11146, 570.128, -182.561
6.49298, 265.944, 154.083
4.23216, 255.558, -999.139
5.1481, -15.6114, -56.6553
3.19001, 715.853, -362.687
6.73218, -226.054, -202.268
6.32766, -86.0268, -887.409
7.5, 923.777, -415.315
4.24891, 483.213, 997.646
5.50367, -601.871, 592.927
3.50808, -496.561, 85.4978
6.2385, 27.6334, 151.388
6.49225, 978.919, 216.065
3.03505, -706.58, 109.522
5.35813, -507.37, 47.5367
2.84683, 357.58, -331.583
4.16036, 752.044, 689.288
5.80945, 487.994, -709.071
5.27726, 174.096, -197.629
7.12415, 228.995, -11.7612
2.69832, -487.068, 227.703
2.62083, -312.853, 241.276
4.61923, 219.96, -657.174
4.36987, 460.751, 136.775
2.93303, -246.032, -267.83
3.05403, -159.029, 171.371
5.31992, 370.108, -349.331
7.37269, 63.4511, 743.566
3.05066, -49.1098, -879.85
5.99352, 99.0319, 983.992
2.79674, -50.0678, -745.203
4.69755, 835.893, -109.607
5.24651, 994.096, 716.908
3.45129, 692.502, -751.292
7.36597, 312.716, 328.521
3.19593, -680.598, -83.378
5.48978, 945.338, -433.261
7.12812, -874.074, 704.382
3.91116, -67.6836, 897.799
6.8307, -138.605, -79.7757
6.29598, -230.167, -602.498
6.10793, 346.469, 627.794
3.34241, -372.903, 367.388
3.32882, 841.299, 375.867
3.39076, -647.388, -992.053
5.87226, 336.422, -603.694
4.83484, -353.476, 35.7588
6.85219, -812.511, -358.327
5.76023, -702.473, -111.577
5.80464, 764.447, 883.617
2.58037, -659.558, -592.791
4.30596, -780.382, -665.801
3.72747, 927.344, 121.93
6.93086, -939.621, -952.017
5.23701, 826.246, 772.826
6.57209, -25.9666, -654.422
5.24453, 167.03, 872.66
4.16156, 506.628, -56.4039
4.40213, 25.7393, -655.039
2.52389, 933.801, 656.134
6.95226, -90.8286, -397.235
6.16955, -499.063, 686.928
6.04239, -153.96, 677.855
5.1278, 52.8808, -188.121
6.41065, -192.468, -816.701
3.42484, -384.459, -470.428
5.72673, 242.012, 512.87
3.42178, -691.271, -345.079
3.31214, 65.5404, -85.3738
2.65594, -181.892, 851.4
7.42716, 130.156, -665.456
4.04559, -332.729, -719.209
4.11075, -672.37, -292.885
5.51155, 284.691, -238.184
2.89107, -329.757, -924.399
3.93936, -17.8501, 88.0774
5.79307, -124.22, -491.756
7.36348, -996.233, -348.872
7.27758, -363.237, -798.008
7.42745, -670.024, -299.617
7.30478, -915.927, -766.674
3.0073, -559.144, 570.276
3.71505, -121.077, -494.948
6.91151, 98.5299, -434.631
5.28805, 340.887, 702.985
6.7669, 803.849, 515.709
7.49145, -532.416, 519.872
3.99751, -251.238, -478.171
6.33157, 983.06, 490.658
4.81901, 283.461, -142.88
6.8168, -636.239, -794.812
6.99018, 861.776, 6.48512
7.377, 258.235, -417.53
2.77405, 661.208, 86.2673
6.32605, 950.261, -620.373
5.09219, -935.104, 739.704
3.46574, 938.298, -248.21
6.98252, 194.128, -542.905
6.38492, -830.622, 98.8498
2.75968, 416.682, 542.064
7.47331, -856.401, 766.916
5.93659, -0.767532, -460.035
5.94854, 889.14, 496.857
6.57666, -657.505, 823.097
7.05426, -36.3018, -434.63
3.34218, -201.384, 406.089
5.24183, -579.912, 804.866
6.53351, -474.658, -254.187
4.17803, 318.204, -528.822
5.53435, -95.085, 43.7438
6.59602, -955.967, 334.189
7.3485, 86.8465, -247.274
6.29349, 586.333, 492.63
3.72113, -186.025, -93.459
5.80589, -572.338, 404.423
4.21574, -447.339, -186.005
7.27146, 376.695, -396.972
2.60828, 804.477, 556.283
4.54979, -892.416, 948.252
2.55789, 586.892, -669.897
3.04964, 842.786, 203.546
5.28259, -853.373, 90.2587
4.45466, -36.3077, -233.531
7.20539, 118.173, -182.66
2.55572, 179.276, 397.735
6.22897, -224.981, -434.633
3.84293, 108.835, 130.952
4.27153, -678.213, -763.786
3.45835, -468.049, 616.673
5.14832, 296.244, -170.941
4.39478, -59.8684, -854.432
3.16407, -13.3858, -802.358
4.26563, -123.683, -567.209
4.2497, 784.238, 987.353
7.41084, 607.538, -120.373
5.25961, 152.833, -396.064
4.99918, 13.1499, -713.597
3.58531, -834.783, 458.993
4.37311, -229.906, -653.781
6.78251, -666.201, -474.793
6.45578, 787.079, -509.328
3.9204, -496.543, 928.542
5.07645, 437.741, 99.7759
6.79238, -295.909, -26.7667
7.07844, -957.288, -175.174
7.48941, 137.167, 918.689
6.53177, 171.922, -195.778
5.22718, -912.177, -183.604
7.3461, 149.454, -739.458
5.31931, -585.532, 362.665
4.03031, -414.478, 661.198
5.41853, 969.419, 955.581
2.91197, 46.3489, -333.956
5.47382, 361.68, 619.214
3.31968, -599.121, -591.694
6.46527, -607.687, -437.423
2.95373, 578.485, 743.251
6.3072, -505.873, -679.954
6.83996, -216.913, 33.91
6.40105, 193.194, -334.587
6.61399, 908.692, 973.003
6.70974, 372.818, 553.97
4.48328, 536.092, 256.033
6.508, -161.926, 168.078
6.56811, 381.426, -44.4314
5.43493, -410.34, 101.754
4.64621, 797.109, -51.1997
2.5002, -71.3964, -480.033
5.31153, -816.184, 316.207
6.22632, 335.365, 357.689
3.89846, 964.021, 304.012
2.93406, -989.263, 565.474
3.5733, 853.528, -881.49
3.93296, -492.52, 561.081
4.86595, -408.075, 476.184
6.95893, 846.009, 819.939
5.91955, 505.202, -498.914
3.54376, -51.9336, -64.0847
6.67533, 795.366, 12.6752
7.09218, 945.432, 917.423
4.48244, -474.311, -702.407
6.37858, 541.336, 542.175
5.68161, -162.486, -90.9751
6.64746, 483.931, 293.875
3.40204, 560.185, -456.112
7.45927, 576.039, -760.684
6.70558, -150.24, -845.391
4.65177, 889.45, 266.941
4.38589, 597.063, 891.651
2.70802, 657.142, -506.32
6.80715, -811.37, -542.369
6.62116, 909.622, -912.192
6.25052, 23.0888, 737.472
3.55801, -165.1, 996.166
4.31029, -782.14, -192.539
4.43545, -592.04, -805.812
7.32918, 799.36, 646.077
6.5872, -166.601, 633.727
4.5755, -82.8654, 449.841
5.83759, 206.599, 185.197
2.52101, 478.071, 974.943
6.98048, -741.983, 254.537
3.68416, -343.358, 355.603
3.79415, 361.18, -96.9412
5.4939, 409.849, -711.547
6.89823, -851.607, 381.506
6.16299, -566.389, -593.794
6.0773, 916.021, 571.164
3.57724, -609.376, 480.969
6.30413, 678.362, -958.932
3.85351, -159.736, -562.415
2.75246, 671.157, 352.419
4.78866, 267.594, 245.632
2.58759, 450.271, -780.692
3.01129, 74.2139, -168.714
2.639, -129.561, 286.467
5.65921, -340.295, -515.133
6.34425, 85.1182, -246.354
2.74132, 525.464, -841.901
6.6924, -59.145, -630.786
6.76899, -263.266, -322.715
6.57649, -443.165, 573.52
6.85188, 795.679, 406.518
5.27222, -635.742, -174.043
6.12646, -297.767, 61.5343
3.20424, -529.069, 943.08
6.6115, 602.813, -525.336
5.51185, 735.494, -197.882
4.93856, 510.076, -922.409
6.14942, -289.345, 956.629
4.05164, 757.733, -669.815
3.93925, -699.273, 355.006
5.45857, -955.307, 813.035
5.34055, 658.327, 888.709
5.41059, -935.586, -578.067
2.84132, -689.819, 283.277
4.34304, 149.817, -384.415
6.28475, -932.873, -578.888
6.35297, -447.977, -873.115
4.27217, -394.229, -251.699
5.98913, 244.341, 934.225
5.08005, -690.011, -306.362
5.94494, 392.63, 131.066
6.18066, -82.2932, 615.393
2.56231, -344.208, -676.22
7.16549, 606.974, -120.647
5.37826, 134.05, 126.905
3.05587, 457.249, 975.432
4.87388, -110.765, 22.1743
3.24247, 170.853, 90.6293
4.22594, 50.9237, 451.031
7.04476, -933.891, 176.875
4.54571, 15.8541, 515.334
5.96642, -675.57, -73.7862
3.35865, 385.14, -931.104
6.21715, 893.92, -499.391
4.16319, -422.774, 640.37
4.62157, 669.727, 311.16
2.79523, -137.154, -116.918
5.09005, 286.358, -236.161
5.94425, 475.497, -582.113
5.01149, -264.808, 26.0009
6.56617, -168.864, -752.387
3.07974, 81.2104, -941.417
5.24841, 264.482, 465.738
5.06046, 413.335, 21.527
6.02649, 951.607, 441.86
5.65083, -235.817, 892.473
4.0207, -22.7756, -631.69
6.74719, 400.413, 373.425
3.39619, 601.212, -19.6204
2.61737, -531.781, -100.337
4.19467, 743.109, 55.1798
3.43818, 349.436, -82.9068
6.60467, -285.776, 192.968
6.72507, -896.158, -154.201
6.78031, 845.243, -720.495
7.37454, -955.511, 637.382
2.99587, 471.64, -448.77
2.56182, 564.369, 657.919
2.58614, 211.937, 593.491
2.64527, 253.442, 94.487
4.1031, 153.02, -377.788
6.17815, 628.443, 303.149
3.14876, 372.088, 474.248
2.5161, -367.7, 508.299
6.91905, 138.844, -791.672
3.70482, 232.134, -576.147
4.38481, -822.486, 756.841
4.44879, 607.949, 187.163
2.81534, 595.689, 295.647
7.30792, 183.772, 961.372
3.75349, 727.419, -337.547
6.85376, -681.99, -55.0973
2.85991, -920.26, 429.207
2.70653, -627.737, 579.952
3.46378, 364.945, -524.191
3.86708, -311.108, 302.835
7.4007, -954.354, -365.923
3.60607, 324.472, -542.823
6.43119, -876.407, 857.606
4.42306, 302.28, -422.908
3.78593, 481.146, -637.59
3.91087, -950.887, 66.8819
7.33834, 869.509, -32.7751
4.22841, 770.607, 173.908
3.45922, -986.507, 738.458
5.05037, -547.877, -381.253
5.21857, -559.003, 635.704
5.72333, -634.361, -616.125
3.89738, -10.1416, 787.366
3.41887, -296.478, -721.585
2.71579, -836.168, 385.354
3.98408, -510.393, -276.451
4.25548, -231.683, 141.271
7.09372, -421.399, 732.587
5.81225, 495.876, -359.13
5.08041, 867.706, 587.458
4.03763, 617.895, 589.781
3.0007, -354.013, 155.885
3.47502, 380.555, -881.534
4.11407, 31.714, -133.106
5.56182, 967.38, 86.4797
5.13511, 962.382, -985.831
3.45653, 255.068, 286.252
4.7178, -655.594, -429.578
4.48693, -711.458, 857.227
6.28051, -608.025, 744.879
6.6213, 737.491, 602.646
5.51573, 141.881, -343.773
3.04573, 611.29, -831.206
4.11797, 488.081, -165.483
5.03403, 7.7174, 319.295
4.76521, -648.387, 797.255
4.77315, -182.041, -463.589
4.91125, 917.812, 908.947
5.07896, 370.001, -651.565
4.50207, 193.786, 813.646
4.22945, 961.132, 486.078
6.64533, 926.143, -239.424
3.02204, -734.264, -800.585
6.40057, 588.196, 570.672
3.19919, -297.858, -239.75
2.62171, -805.497, -513.677
6.0664, 407.617, -757.606
7.15538, 158.578, -822.347
7.47667, 179.612, 175.213
3.86264, -874.523, 152.841
3.6923, -485.594, -249.085
3.87328, 965.408, 620.763
5.70836, -910.437, -731.665
5.17637, 311.219, 157.335
6.8967, 838.796, -297.693
6.75968, -657.617, -844.238
2.98004, 912.598, -33.5157
4.66818, -753.383, 195.91
3.17045, -206.564, -758.885
5.86802, -157.393, 321.579
5.34964, -53.2218, -483.69
3.66474, -625.546, 561.247
5.50306, 267.191, -691.023
2.6551, -805.369, -28.7496
7.08512, 569.778, -313.242
3.82958, 863.656, -176.069
6.50016, -185.687, -509.144
5.46389, 172.346, -719.86
5.0822, 361.154, 619.867
5.2567, 318.024, 646.173
3.47225, 509.143, -233.155
5.36152, 119.594, -744.286
3.81992, 214.926, 403.421
4.41648, -765.097, 540.136
2.73626, -753.734, -897.633
4.22823, 590.818, -672.275
3.61594, 683.032, -439.352
3.81264, 16.3895, -739.553
3.05141, -430.818, -401.648
7.40088, -706.554, 21.1928
5.93794, 810.926, 644.654
5.82158, -548.198, -378.295
5.99501, -602.481, -673.799
2.68746, -840.362, -779.957
3.6706, -628.546, -745.687
3.95397, 715.714, 694.328
3.50543, -42.158, -262.292
2.7177, 378.795, 330.81
2.56571, -543.288, 526.686
6.07297, -528.617, 765.696
6.88348, -869.83, -632.545
5.35088, -890.929, 279.315
6.92743, 866.497, 873.397
5.20042, -356.213, -280.537
3.31357, 930.541, -648.669
3.30492, 971.03, 439.938
7.19182, 320.924, 287.915
3.45628, 555.262, -854.417
3.15761, -6.74259, -113.61
4.41122, -317.848, -4.56082
6.12674, 257.485, -267.049
2.50651, 541.177, 873.98
4.60222, 12.234, 732.489
5.18984, 310.084, -213.953
4.86596, -239.127, 247.774
6.33003, 542.445, 873.811
2.9396, 555.154, -472.12
7.04284, 132.486, 324.411
3.20818, -880.339, -394.699
2.54782, 438.799, -52.5431
2.82267, 245.229, 507.001
4.96742, 382.162, 222.638
5.40914, 535.004, 991.169
4.03373, -950.198, 545.139
4.57091, 921.52, -71.0556
4.33401, -573.739, -690.23
3.42687, 187.342, 670.011
2.76788, 635.506, 159.496
4.47222, 542.53, -65.6244
3.98388, -348.273, -131.8
5.05388, -396.569, 821.523
3.75392, -698.765, 230.735
5.01589, 967.465, 884.352
2.51168, -18.8959, 801.453
7.01807, 999.303, -448.505
2.79181, -905.696, -949.741
5.17506, -690.719, 804.573
3.95754, -387.229, 877.89
7.3023, -816.113, -267.584
4.73406, 319.144, -109.321
5.08479, 896.569, 167.419
5.93861, -256.21, 9.87314
2.72187, -160.691, 76.8365
7.2946, -798.986, 607.45
5.70852, 367.709, 158.922
2.80215, 632.076, -782.358
3.33964, 47.6266, 268.416
5.76491, 487.657, -250.891
6.19864, -769.132, 337.122
3.57011, 862.612, 199.005
4.31441, 158.099, -877.208
6.56981, -648.341, 935.911
5.32057, 807.87, -470.693
7.45886, -41.5569, -900.534
6.5669, -763.787, 398.724
3.49157, -995.619, -23.2255
2.50003, -164.973, -858.045
4.62608, 948.231, -783.073
4.07406, 832.245, 192.768
5.56218, 607.201, -935.053
3.83351, -195.112, -544.673
4.39881, -595.315, -60.7001
5.43397, 971.434, 292.121
5.95636, -141.68, -517.59
7.26736, -460.375, -572.616
4.89785, -292.758, -956.322
3.60319, 374.898, -732.51
5.33741, -726.097, -446.021
6.09873, 435.255, 364.868
4.4953, -482.006, 568.473
3.48326, -693.355, 998.255
6.66971, -685.557, -763.179
5.59561, -448.031, -873.001
7.26866, -295.979, 170.9
3.23222, -14.4283, -282.269
5.38953, 41.5898, -460.73
7.26796, -391.702, 725.487
3.62331, 720.186, -976.223
7.25137, -487.844, 813.707
3.07874, 802.935, -518.929
2.58372, 29.3876, -264.469
3.90465, -345.812, -174.2
7.15042, 651.753, 166.346
3.04796, 745.044, 871.839
6.77266, 31.3798, 832.531
5.68532, -727.371, -733.043
5.63853, 408.023, -708.696
3.80589, 732.448, 740.728
5.13936, -951.203, 221.56
7.16608, -266.073, 917.012
3.98055, 924.39, 100.126
4.78006, 155.278, 458.877
6.35659, -656.991, -625.033
4.17193, 97.3823, 114.447
6.31775, -39.4859, -947.522
6.65892, -29.9688, 943.968
2.64618, -725.321, 568.696
4.31315, 716.097, -267.991
4.16221, 291.455, 460.511
3.17675, -520.22, -307.354
3.00839, -307.2, 623.955
5.11327, -610.582, 816.823
3.52046, 30.664, -535.516
5.00728, -872.975, -631.505
5.1371, 4.56465, 962.234
4.13422, -270.471, -293.175
4.75888, 225.902, -446.46
6.85263, -7.54899, 988.955
4.72884, 646.977, 865.676
6.03726, -459.243, -921.952
6.83171, 917.055, -699.493
6.5822, 872.614, 222.664
2.67504, 897.959, 837.282
3.8644, -655.342, -235.886
5.21858, -423.193, -431.005
3.19942, -995.881, -542.99
5.57408, -781.478, -936.553
3.29182, -697.056, -606.11
4.41129, 98.6986, 221.412
5.94997, -94.2434, 189.751
3.21128, -388.352, 460.046
5.65284, -785.322, 795.993
3.15973, 200.602, 936.789
7.13583, -741.346, 253.589
5.53465, -940.158, 785.252
5.50388, -922.289, 369.514
3.33635, 612.34, -533.198
3.301, -863.375, -401.723
5.91628, 625.443, -30.3361
5.1456, -716.922, -14.4562
3.65264, -130.797, 814.239
6.55373, -502.458, -58.528
5.76477, -420.909, -561.555
4.08597, -549.136, -582.879
2.53953, -263.07, -817.083
3.49176, 724.147, 749.22
3.78831, -9.19162, 382.393
3.03825, 893.873, 38.8191
3.49545, 133.522, -437.081
6.75079, 803.754, -772.509
6.63912, -986.002, 220.124
6.76813, -960.661, -550.818
5.71027, 284.919, 780.492
3.6787, 731.278, -991.731
6.80638, -502.611, -811.323
5.4745, 37.1925, -101.552
2.52745, 508.031, -28.7639
6.84925, -667.131, -473.231
7.37729, 651.33, 107.041
5.59653, 380.156, 13.0889
3.85574, -946.703, 379.307
7.46973, -158.368, -636.546
4.60751, -724.496, -531.153
4.20537, -795.411, -615.894
4.80717, 360.954, -138.375
4.44822, 264.999, -378.638
4.613, -51.2333, 515.687
2.84879, 132.315, 286.698
5.5153, -65.9541, -132.277
7.36114, -49.6892, 231.663
5.07406, -696.74, -536.973
7.45461, 957.321, -137.834
5.84906, 629.21, -149.885
4.01716, -606.029, 71.0426
3.47371, 876.498, 564.86
4.0109, -709.146, -939.092
4.93946, -334.566, 461.733
4.72438, 529.682, 976.793
5.7844, 319.267, -943.409
3.74227, -781.643, -669.394
4.72007, 55.0603, 556.35
5.75894, -691.744, 55.3454
6.67472, -713.325, 188.106
6.03698, 203.854, 824.478
4.93928, -872.615, -601.131
6.72039, 400.269, -239.948
7.00296, -496.376, -182.142
6.33082, -650.408, -527.694
5.29453, 628.289, 847.917
2.70603, -26.6135, 96.9045
5.46749, 564.793, 65.1922
2.68674, -683.041, 830.497
4.53488, 21.677, 437.069
2.84243, -977.709, -882.767
7.38558, -779.651, -882.622
2.5956, -518.236, -232.812
6.60363, -162.308, -276.244
5.2195, -371.387, 880.473
5.72828, 792.944, -332.452
3.62934, -260.757, 60.2792
2.733, 827.212, -693.813
3.63154, 215.539, -556.651
4.58371, -633.557, 135.456
6.40126, 266.395, -632.67
3.72852, -922.574, 391.917
4.81411, 662.254, 80.4966
6.14756, 929.417, 291.643
5.35237, -330.249, 816.854
5.45997, 927.591, 929.314
4.98425, -945.975, 281.418
3.951, 497.483, 107.865
4.71107, -1.56342, -224.946
2.53669, 855.603, -395.677
7.41683, 505.182, -362.869
2.52822, -811.569, -143.223
4.8676, -95.1153, 736.157
5.86497, -310.035, -121.794
