6.27803, -736.607, -997.808
3.5948, 64.6873, -89.896
5.89648, 358.528, -904.914
5.09708, -233.689, 871.301
2.76731, -931.545, 660.289
2.53849, 338.504, 57.3838
4.58743, -863.435, -232.818
7.15218, 178.135, 374.208
2.95982, 52.9955, 692.199
6.00595, -165.685, 311.449
3.81226, 525.539, 819.581
4.14117, 471.987, -903.813
7.45519, 511.761, 263.945
7.41275, -508.649, -273.842
5.75759, 505.809, 444.663
6.92354, 262.98, -853.286
6.33247, -125.659, -454.015
3.87453, -521.63, -46.1731
4.93259, -671.297, -295.473
2.80282, 819.227, 793.431
5.08146, 8.60572, 807.577
4.96988, 971.535, -362.281
7.23882, -817.22, -468.06
4.42071, -4.20116, -845.612
5.14874, 826.412, -446.782
2.75042, 880.57, -69.11
6.63909, 540.605, 527.024
5.94228, -965.783, -748.191
6.18112, 259.024, 735.991
6.94286, 995.34, 450.571
4.25508, -385.519, -534.029
6.72991, 182.303, 26.3729
3.84659, 670.185, -166.5
4.83959, 73.8485, -170.637
3.2686, -644.179, -422.819
2.66527, 607.079, 142.868
7.2768, -4.06925, 70.2146
6.95369, 109.493, 495.664
3.29884, 682.494, 248.904
3.15214, 429.179, -573.827
2.515, -451.281, -817.349
6.0491, -954.219, -175.281
3.40448, -517.951, 873.808
5.76029, 773.4, -363.803
4.42907, 363.59, -698.98
3.23766, -2.0177, -225.815
5.45054, 688.103, 173.645
3.24076, 114.873, 910.224
3.2091, -182.115, 965.223
4.94257, -494.769, 128.955
3.13015, 916.667, -72.2261
5.64635, -360.388, -599.286
5.60817, 301.879, -745.226
4.88216, -502.773, 604.853
2.64188, -589.357, -227.922
3.21011, -144.687, 802.35
3.15594, -179.901, 893.362
3.31099, -817.154, 766.96
3.76529, -268.928, -856.065
4.77654, 568.705, -731.397
6.54472, -95.0491, -300.558
3.57624, 302.974, 861.627
3.75063, 817.347, 360.828
5.02978, -57.7352, 721.287
6.27922, 635.007, 196.293
5.66369, 903.027, -73.2277
5.9449, 645.608, -123.583
7.27207, 972.708, 405.947
5.18713, -421.992, 705.181
4.57014, -788.319, 34.4372
4.70019, 752.409, 154.17
6.07821, 737.693, 459.167
6.20858, 411.557, 600.166
5.12494, 771.543, -960.972
6.06711, -868.19, -73.6857
5.91025, 334.941, -21.9381
6.82941, 832.719, -600.17
3.19597, 86.9311, 778.308
3.57766, 975.995, -99.8966
5.0733, -367.17, -109.195
4.83766, -120.07, 759.343
3.55759, -268.827, 612.701
5.65244, -692.782, 994.616
2.5044, -991.418, 226.441
4.09589, 453.973, 545.838
5.90281, 364.271, -161.469
6.0446, 672.017, -588.643
2.90869, -810.05, 656.477
3.56926, 261.1, 529.896
4.44412, -836.62, -572.306
4.44927, 896.922, 903.676
3.92018, 383.719, -461.353
4.6123, 566.634, 552.84
2.55658, -604.657, -438.712
3.72027, 957.34, -617.956
4.49072, -725.267, 641.634
6.64177, -646.753, 201.76
3.78584, 974.62, -685.425
3.59705, -799.315, -532.656
6.47385, 391.262, 269.17
5.8476, 504.695, 392.17
5.49108, -889.398, 276.502
5.99917, -362.871, -544.709
5.13062, 525.729, -763.744
4.14833, 179.391, 105.076
3.30844, -714.201, 404.814
6.56633, 719.592, -28.9408
4.08004, 477.998, 114.445
4.05369, 56.1473, -730.156
4.65424, 35.8619, 173.814
4.46509, -249.986, -477.842
4.43916, -48.6603, -109.25
4.34871, -841.412, -442.086
5.88118, 343.369, -492.632
6.10384, 455.611, 27.9744
7.20082, -73.7901, 892.053
5.08573, -79.2644, -357.167
5.5282, -195.443, 322.825
5.85049, -697.239, 974.844
5.11404, 82.4719, -310.958
3.87105, -965.807, 654.791
7.08924, 93.1522, 285.628
3.73367, 938.088, -465.319
4.77876, 386.741, 686.305
3.30374, -954.952, 637.513
4.68319, 414.73, 412.159
7.45767, 501.391, 166.327
6.26931, -440.271, 391.187
4.97846, -989.29, -656.812
7.01651, -666.837, -839.737
4.68213, 493.026, 564.379
5.09239, 169.101, -985.418
4.44866, 88.1123, -864.443
5.63431, -226.604, -568.216
5.19331, 417.272, 318.11
4.35955, 632.064, -439.009
2.54674, -370.605, 365.862
6.3794, 41.5774, -790.907
2.85317, -888.512, -559.501
3.98511, 446.568, -679.519
4.78581, -39.7233, -899.742
3.25156, -97.8331, 40.8279
5.97819, 667.772, -429.227
4.15587, 371.132, 160.535
5.21197, 972.523, -883.449
2.64678, 714.757, -992.802
5.38086, -20.9738, -241.74
5.18133, 361.979, 476.345
7.36678, -755.984, -927.202
5.57063, -297.56, -621.9
5.26431, -747.062, 214.065
6.69051, -281.777, 907.005
3.75764, -483.791, 944.071
6.98957, 631.782, -146.713
5.97428, 518.102, -507.989
5.82752, -472.888, -95.9639
3.06838, -580.406, -768.058
3.37987, -985.301, 94.3091
2.91253, -136.169, 197.303
6.68103, -248.392, 373.507
2.64818, 943.152, -757.362
6.34719, -5.435, -846.579
4.29829, -500.964, 867.115
6.24626, 1.09394, 536.816
6.28385, 362.981, 342.81
3.60834, -538.408, -925.514
5.58305, 305.168, 126.148
3.66846, -550.045, -255.389
6.22052, -668.646, 305.029
5.80997, -907.295, -682.511
4.9209, 900.823, -748.531
2.58972, 828.054, 240.682
4.98291, 444.875, 191.439
5.09587, -114.509, -890.277
4.71395, -874.217, 534.186
4.14528, -63.3249, 952.138
3.52671, 485.887, -107.756
7.19863, -253.171, -655.197
2.85168, -499.75, 927.432
3.30042, 52.2568, -750.169
6.70788, -790.066, 31.1488
4.13614, -155.883, -267.415
6.85942, 155.476, 427.231
5.99896, 672.414, 516.254
5.52801, 869.884, -221.218
4.77536, 79.2155, -272.521
2.91543, -520.852, -183.905
3.94883, -55.1353, -153.558
6.51009, -568.729, -788.679
6.81821, 337.219, 56.5602
3.81831, 422.37, -511.878
4.79881, -837.114, -235.015
4.95672, 599.352, -528.64
5.82344, -467.552, -991.682
7.31738, -626.549, -151.368
7.23022, 588.174, -733.06
2.81902, 223.554, -656.499
5.04829, -407.304, -309.544
6.13222, 668.508, 654.03
5.65882, 602.67, -340.258
3.26658, -916.33, -909.007
5.09652, -869.386, 540.759
3.52281, -557.913, 856.797
6.03231, 399.655, -821.484
6.05786, -475.597, -12.6444
3.66304, -588.676, -239.181
6.80594, -66.0084, -133.688
2.67122, -110.289, 952.654
6.26587, -936.138, 49.3625
4.14789, 644.294, 179.196
4.65309, 72.2887, -534.874
7.33455, 971.82, -193.213
4.05803, 734.155, 698.615
5.69762, 991.985, -702.205
5.95386, 865.412, -62.9333
5.36403, 81.4795, 629.878
6.60667, 891.053, -682.498
4.21807, -910.17, -684.769
5.09387, -808.104, -777.931
6.78438, 122.741, -953.384
6.18587, 347.747, 36.5449
3.45992, -950.06, 393.249
2.83145, -308.199, 341.299
3.60828, 847.289, -721.101
3.33656, 171.302, -237.641
6.31172, 382.121, -941.946
5.44905, -844.476, 426.001
4.65223, 859.45, 851.777
7.09618, 661.592, 12.0371
5.09668, 446.417, 197.781
7.38058, -677.863, -19.6762
5.15714, -453.271, 147.964
2.98716, 334.135, 395.191
5.83983, 220.06, 98.0043
5.44444, 141.418, -17.4508
5.01137, -702.971, -109.947
2.75808, -934.773, 461.391
2.6753, -351.03, 33.0747
4.41484, -785.621, -511.206
5.55555, 192.378, 103.594
5.06574, 541.082, 876.097
5.98498, 301.269, -26.5289
4.89891, -25.7999, -185.18
3.88323, 68.3735, 421.308
6.01685, -439.516, 210.301
3.67701, 875.767, 59.6975
6.41501, 191.795, -174.3
6.60589, 361.95, 838.879
3.21842, -537.734, 54.1755
5.75757, -493.934, 802.877
3.87677, 870.907, -988.497
7.26215, -437.78, 716.902
4.58238, -753.033, 13.8196
3.03869, -126.858, 404.201
4.70633, -799.397, 531.996
6.28811, -415.616, -304.492
2.77803, -338.539, -321.647
3.51241, -28.7742, 145.656
6.82305, 945.888, -782.801
6.52456, -265.335, -14.3515
2.78861, -680.161, -674.445
4.40304, -64.0062, -701.431
4.56124, -149.333, 766.393
2.80071, -382.534, 302.548
7.09746, 798.463, 636.819
3.35398, 539.173, 803.137
6.51634, -935.113, 148.25
3.88599, 723.408, 45.0892
4.44586, 173.29, 738.657
7.19936, 52.0751, 623.698
6.24573, 160.232, -161.785
3.44774, -324.376, 760.786
6.89581, 437.057, 485.731
6.8953, 419.136, -852.584
3.30515, -813.851, -268.664
5.87346, -805.9, -166.357
6.89096, 626.806, 125.827
6.98262, 265.768, 533.661
3.06535, -26.2318, 755.842
5.93789, -233.898, -247.597
3.21651, -843.539, -759.065
3.6901, 415.92, -44.6689
5.64383, 949.713, -218.022
4.312, 817.159, 362.216
4.64437, 588.526, 718.056
4.91936, -7.72185, -845.825
6.20379, -1.4412, -101.862
3.23098, -396.426, 866.401
7.36238, -837.408, -777.247
7.3158, -519.027, -189.74
3.14741, -602.714, 666.083
5.3784, -320.687, -607.119
4.66439, 170.945, -120.938
5.50066, -239.939, -261.639
5.85098, -700.806, -137.561
4.5137, 396.303, 989.47
6.46691, 639.505, 696.922
4.89889, -978.869, -251.143
5.72449, 294.691, 277.45
4.28836, -245.717, 598.591
5.96794, -330.968, -220.88
5.83428, -416.968, -707.916
3.22071, -373.674, 709.701
7.10415, -984.749, 212.479
4.22228, 32.5923, -235.934
6.66824, -416.888, -470.963
2.74349, 269.86, -749.606
3.27936, -246.703, -76.3239
2.55765, 331.653, 510.493
3.94327, 121.446, 589.327
5.07295, -352.867, -170.738
3.65948, 683.46, 438.033
2.75022, -241.616, -66.7975
5.33091, -595.358, -849.722
6.69774, -154.058, 668.966
4.28763, -641.165, -421.547
4.3452, 169.451, 870.622
7.22226, 255.918, -73.6524
4.72425, -905.148, -184.765
6.82086, 495.563, 189.664
5.82654, -790.013, -737.169
5.79297, 163.483, 666.137
7.10736, -961.197, 963.088
5.11536, 939.042, -613.989
5.45229, 439.395, -442.247
5.79944, 668.801, 671.162
4.24765, 292.704, 460.415
4.11714, 333.732, 62.541
7.08984, -112.716, 738.738
3.08619, 903.585, -446.369
7.31268, 676.145, -171.051
5.17978, 46.4471, -332.727
5.81447, 857.34, 635.43
5.48362, 887.014, -508.87
6.93363, -506.125, -746.887
6.67999, -671.569, -607.584
6.69339, 246.609, 204.157
6.85642, -215.537, 341.877
2.5002, -768.807, 334.549
4.77274, 258.04, 351.357
4.25696, -933.854, 150.923
5.80713, -258.122, 709.517
6.22234, -872.937, 152.828
3.3821, -117.693, -444.849
7.4621, 794.493, -814.739
5.95466, -933.238, 175.427
6.97862, 140.718, -19.5117
3.51579, 375.239, -131.431
7.2356, -456.105, -36.4837
4.88476, 898.707, -506.959
6.78578, 922.085, -746.389
6.41237, -982.872, -561.626
5.70687, 915.637, -902.895
3.14521, -725.024, 147.516
5.77944, 3.9868, 649.586
3.09199, 53.0379, 9.71154
3.88793, 336.598, 805.035
6.65548, -219.302, -226.937
6.14153, -752.509, -513.679
6.74348, -597.76, 295.973
3.43989, -785.789, -949.407
6.09602, 558.682, -278.633
4.25586, 160.908, 332.608
3.34555, -415.865, -686.981
4.52383, 340.194, -550.394
4.20924, 158.956, 771.85
6.67141, 395.785, -125.547
3.9111, 698.045, 584.065
5.16766, -673.113, -477.386
6.25085, 995.396, -853.103
4.62554, -684.157, -763.312
4.66964, -570.987, 546.924
3.03022, 858.142, -932.971
6.4639, -37.3853, -466.722
3.91232, -572.882, -484.107
7.14264, -580.444, -237.096
5.37926, 238.613, 521.95
3.4895, 816.751, -288.455
5.99081, 575.604, -758.762
3.07265, 495.587, -961.255
4.22945, 307.658, 788.544
4.15646, -581.137, -237.808
6.42735, 828.525, -963.043
6.65775, 459.729, -212.92
4.21712, -740.236, 755.244
4.2603, -274.861, 886.381
6.38197, 145.674, -834.453
6.58658, -12.9774, 688.174
4.26157, -130.05, 285.531
7.09559, -433.549, -301.326
3.2877, 490.388, 253.044
5.56029, -489.35, 563.502
5.54222, -373.837, 710.108
3.16647, -252.238, -746.767
3.51409, -746.65, -477.128
4.79457, -857.373, 501.123
3.48759, -528.568, 927.171
6.77118, -839.581, 372.361
6.54562, -759.624, -693.645
2.80131, -907.685, 887.048
6.50584, -718.01, 656.862
5.49597, -193.188, -543.962
7.43182, -891.583, 308.725
2.65919, -163.748, 637.872
6.8356, 946.508, -774.614
3.69109, 669.093, 347.521
3.6127, 177.315, 432.479
4.73907, -992.061, -541.701
2.61231, 861.331, -172.614
6.79755, -252.144, 23.1028
4.15902, 213.897, 590.841
5.72195, 306.858, 249.447
7.43521, -946.462, -482.409
5.30162, 284.609, -584.05
4.74553, -758.275, -246.2
5.213, 171.587, -716.427
2.90797, 773.12, -32.8073
3.99606, -803.384, -272.747
6.63964, 824.028, 680.766
6.48936, 625.951, 938.582
5.71048, -102.927, 679.7
4.84105, 631.027, 386.99
7.15326, -197.639, -611.182
5.08798, -249.101, -70.7719
7.42924, 798.189, -541.962
5.94567, -81.7867, -724.358
6.19966, -181.105, -444.834
3.46323, -392.375, -935.773
6.08881, -451.162, 625.358
6.11146, 570.057, -181.745
6.49298, 266.241, 153.928
4.23216, 255.423, -997.79
5.1481, -15.7295, -58.2661
3.19001, 715.885, -361.738
6.73218, -225.53, -204.775
6.32766, -85.0743, -886.013
7.5, 923.532, -416.69
4.24891, 483.109, 995.263
5.50367, -601.328, 591.856
3.50808, -496.332, 84.8359
6.2385, 28.155, 152.048
6.49225, 977.387, 216.172
3.03505, -706.246, 109.381
5.35813, -507.251, 47.4011
2.84683, 358.335, -333.039
4.16036, 749.852, 689.362
5.80945, 487.317, -708.514
5.27726, 173.044, -195.529
7.12415, 228.96, -11.7344
2.69832, -486.348, 227.055
2.62083, -312.12, 240.612
4.61923, 214.697, -657.008
4.36987, 460.792, 136.33
2.93303, -236.818, -260.811
3.05403, -162.562, 166.781
5.31992, 369.119, -348.656
7.37269, 62.2809, 742.8
3.05066, -48.0863, -881.628
5.99352, 99.0418, 982.402
2.79674, -50.2334, -743.787
4.69755, 835.629, -108.827
5.24651, 992.978, 716.412
3.45129, 691.856, -750.684
7.36597, 313.467, 327.778
3.19593, -676.487, -72.9132
5.48978, 942.714, -432.906
7.12812, -873.404, 704.234
3.91116, -74.7781, 891.35
6.8307, -139.773, -81.0061
6.29598, -228.831, -601.449
6.10793, 352.633, 624.1
3.34241, -377.172, 370.495
3.32882, 838.739, 374.889
3.39076, -647.39, -990.7
5.87226, 335.87, -602.819
4.83484, -355.328, 40.0803
6.85219, -811.631, -358.222
5.76023, -696.624, -117.45
5.80464, 763.296, 882.088
2.58037, -660.789, -595.78
4.30596, -780.057, -668.28
3.72747, 925.891, 120.388
6.93086, -938.314, -950.877
5.23701, 825.369, 773.401
6.57209, -26.2417, -652.465
5.24453, 173.524, 869.062
4.16156, 506.436, -56.0015
4.40213, 24.9175, -654.852
2.52389, 932.609, 655.28
6.95226, -90.6549, -397.295
6.16955, -498.083, 686.328
6.04239, -153.711, 670.023
5.1278, 54.1618, -187.515
6.41065, -191.782, -815.694
3.42484, -385.254, -470.45
5.72673, 244.577, 511.356
3.42178, -690.115, -343.798
3.31214, 64.1936, -84.7056
2.65594, -181.921, 850.795
7.42716, 130.3, -665.584
4.04559, -332.155, -718.019
4.11075, -668.407, -298.067
5.51155, 288.055, -232.949
2.89107, -329.593, -923.377
3.93936, -18.7498, 88.6958
5.79307, -122.59, -493.892
7.36348, -994.323, -349.002
7.27758, -363.194, -796.91
7.42745, -671.177, -289.819
7.30478, -914.606, -764.736
3.0073, -558.826, 569.003
3.71505, -126.096, -490.324
6.91151, 98.8564, -433.833
5.28805, 340.678, 701.619
6.7669, 803.227, 515.896
7.49145, -534.89, 522.62
3.99751, -257.788, -481.799
6.33157, 980.301, 488.931
4.81901, 284.037, -143.333
6.8168, -636.254, -793.721
6.99018, 861.019, 5.47893
7.377, 258.029, -416.926
2.77405, 661.197, 79.2951
6.32605, 948.948, -618.456
5.09219, -934.157, 739.48
3.46574, 932.63, -243.339
6.98252, 195.172, -543.133
6.38492, -831.447, 98.3566
2.75968, 416.182, 541.561
7.47331, -854.963, 765.99
5.93659, -2.15779, -459.462
5.94854, 888.467, 496.798
6.57666, -657.34, 821.104
7.05426, -36.5497, -435.914
3.34218, -201.384, 404.875
5.24183, -580.098, 804.338
6.53351, -480.934, -252.353
4.17803, 320.075, -531.318
5.53435, -100.765, 40.2018
6.59602, -953.782, 334.105
7.3485, 86.1357, -247.6
6.29349, 585.289, 492.908
3.72113, -183.889, -93.0863
5.80589, -572.239, 403.824
4.21574, -447.888, -186.461
7.27146, 376.232, -396.523
2.60828, 803.913, 555.928
4.54979, -892.065, 947.26
2.55789, 591.102, -673.061
3.04964, 841.865, 201.295
5.28259, -850.866, 91.2873
4.45466, -32.3348, -234.978
7.20539, 117.987, -182.686
2.55572, 179.295, 396.254
6.22897, -223.869, -435.33
3.84293, 109.726, 129.007
4.27153, -680.054, -760.114
3.45835, -465.789, 617.014
5.14832, 295.958, -170.224
4.39478, -58.8198, -855.07
3.16407, -12.9215, -802.671
4.26563, -124.84, -565.895
4.2497, 783.975, 986.228
7.41084, 611.309, -120.616
5.25961, 150.854, -386.741
4.99918, 13.425, -714.008
3.58531, -834.679, 457.727
4.37311, -231.502, -652.209
6.78251, -662.889, -472.74
6.45578, 788.744, -510.273
3.9204, -491.449, 929.106
5.07645, 437.512, 100.427
6.79238, -294.359, -25.5858
7.07844, -946.847, -172.882
7.48941, 136.706, 917.198
6.53177, 172.233, -194.781
5.22718, -905.753, -184.53
7.3461, 149.722, -737.919
5.31931, -585.315, 362.644
4.03031, -415.47, 660.422
5.41853, 967.555, 953.883
2.91197, 55.4644, -332.524
5.47382, 355.149, 624.141
3.31968, -598.79, -591.677
6.46527, -610.125, -436.606
2.95373, 578.866, 741.477
6.3072, -505.542, -679.825
6.83996, -219.113, 32.89
6.40105, 192.273, -334.485
6.61399, 908.626, 971.018
6.70974, 372.629, 553.503
4.48328, 532.962, 256.215
6.508, -159.616, 170.131
6.56811, 380.916, -44.2108
5.43493, -410.018, 101.391
4.64621, 796.364, -50.4966
2.5002, -68.8068, -479.429
5.31153, -815.599, 316.541
6.22632, 335.895, 355.946
3.89846, 965.081, 298.672
2.93406, -987.635, 565.19
3.5733, 853.483, -880.988
3.93296, -493.621, 555.128
4.86595, -407.14, 475.555
6.95893, 845.519, 819.897
5.91955, 507.196, -500.094
3.54376, -50.9569, -65.388
6.67533, 794.603, 12.215
7.09218, 941.809, 917.57
4.48244, -474.714, -701.593
6.37858, 541.718, 538.496
5.68161, -161.714, -90.6663
6.64746, 483.623, 292.48
3.40204, 559.006, -457.95
7.45927, 579.587, -765.486
6.70558, -150.792, -845.027
4.65177, 888.707, 266.319
4.38589, 596.831, 890.456
2.70802, 655.977, -505.899
6.80715, -808.382, -540.253
6.62116, 911.693, -907.758
6.25052, 16.9654, 734.011
3.55801, -165.166, 994.28
4.31029, -781.93, -192.331
4.43545, -591.54, -803.889
7.32918, 805.172, 640.813
6.5872, -168.381, 631.016
4.5755, -82.4898, 449.471
5.83759, 206.021, 184.242
2.52101, 477.511, 975.35
6.98048, -742.513, 255.407
3.68416, -343.432, 355.338
3.79415, 359.761, -96.2293
5.4939, 407.385, -708.478
6.89823, -846.27, 379.258
6.16299, -565.69, -592.52
6.0773, 914.232, 570.814
3.57724, -608.653, 481.036
6.30413, 678.551, -958.273
3.85351, -160.322, -560.953
2.75246, 668.057, 343.385
4.78866, 268.524, 245.666
2.58759, 449.411, -779.537
3.01129, 75.4447, -175.341
2.639, -129.248, 280.926
5.65921, -340.722, -515.531
6.34425, 84.2025, -246.496
2.74132, 525.57, -840.96
6.6924, -58.2699, -630.688
6.76899, -263.117, -321.037
6.57649, -444.434, 573.93
6.85188, 795.229, 405.881
5.27222, -634.425, -172.52
6.12646, -296.469, 60.0991
3.20424, -527.844, 938.897
6.6115, 601.431, -530.213
5.51185, 734.268, -197.505
4.93856, 509.264, -921.229
6.14942, -288.691, 954.118
4.05164, 757.628, -669.388
3.93925, -699.341, 354.302
5.45857, -953.752, 811.368
5.34055, 656.839, 886.572
5.41059, -928.457, -579.023
2.84132, -689.53, 283.216
4.34304, 153.055, -381.447
6.28475, -937.598, -576.334
6.35297, -446.932, -875.495
4.27217, -394.104, -252.204
5.98913, 243.365, 933.005
5.08005, -684.638, -303.939
5.94494, 391.713, 131.714
6.18066, -82.1849, 615.653
2.56231, -343.72, -675.416
7.16549, 605.033, -122.918
5.37826, 133.702, 126.574
3.05587, 458.802, 974.84
4.87388, -109.427, 24.626
3.24247, 173.24, 93.775
4.22594, 50.9645, 450.095
7.04476, -933.177, 184.073
4.54571, 15.4706, 516.21
5.96642, -678.816, -76.7072
3.35865, 383.37, -933.961
6.21715, 893.503, -504.208
4.16319, -423.575, 641.214
4.62157, 668.244, 311.416
2.79523, -137.246, -115.562
5.09005, 282.22, -240.056
5.94425, 474.799, -581.604
5.01149, -258.356, 22.5652
6.56617, -169.059, -751.664
3.07974, 81.6467, -939.987
5.24841, 266.389, 465.555
5.06046, 412.001, 21.3699
6.02649, 953.124, 441.69
5.65083, -236.761, 890.307
4.0207, -23.9458, -633.595
6.74719, 400.176, 372.323
3.39619, 602.097, -20.2513
2.61737, -530.919, -100.287
4.19467, 740.914, 54.2874
3.43818, 350.455, -84.5386
6.60467, -286.273, 190.63
6.72507, -895.777, -156.019
6.78031, 845.458, -719.819
7.37454, -954.717, 640.401
2.99587, 470.504, -448.495
2.56182, 564.452, 657.164
2.58614, 219.444, 586.049
2.64527, 252.541, 94.9508
4.1031, 150.616, -389.728
6.17815, 627.867, 302.739
3.14876, 365.982, 475.265
2.5161, -367.949, 507.61
6.91905, 139.045, -791.123
3.70482, 231.599, -574.987
4.38481, -821.584, 759.037
4.44879, 609.603, 186.377
2.81534, 595.863, 295.226
7.30792, 183.714, 959.178
3.75349, 726.957, -338.05
6.85376, -680.724, -57.8193
2.85991, -919.209, 427.802
2.70653, -625.505, 578.255
3.46378, 363.425, -523.79
3.86708, -310.681, 302.853
7.4007, -953.529, -365.693
3.60607, 324.832, -540.308
6.43119, -875.979, 856.741
4.42306, 301.405, -422.42
3.78593, 480.399, -637.194
3.91087, -948.526, 66.0271
7.33834, 868.735, -33.7854
4.22841, 769.001, 172.875
3.45922, -984.847, 738.004
5.05037, -547.905, -379.907
5.21857, -558.288, 634.883
5.72333, -636.596, -615.758
3.89738, -10.2098, 787.876
3.41887, -296.552, -720.39
2.71579, -841.451, 379.177
3.98408, -503.528, -265.756
4.25548, -231.58, 140.905
7.09372, -421.312, 729.048
5.81225, 505.114, -362.615
5.08041, 867.077, 586.524
4.03763, 616.689, 588.695
3.0007, -353.263, 155.452
3.47502, 380.185, -881.112
4.11407, 31.5435, -132.338
5.56182, 965.442, 86.6117
5.13511, 961.531, -984.748
3.45653, 256.515, 285.409
4.7178, -650.318, -428.716
4.48693, -710.232, 855.703
6.28051, -607.397, 744.829
6.6213, 737.064, 602.63
5.51573, 141.971, -344.272
3.04573, 610.446, -829.834
4.11797, 487.443, -165.422
5.03403, 8.15633, 318.874
4.76521, -648.264, 798.385
4.77315, -181.384, -461.657
4.91125, 917.902, 910.024
5.07896, 369.638, -651.369
4.50207, 197.132, 817
4.22945, 962.35, 485.197
6.64533, 928.086, -240.083
3.02204, -733.221, -799.206
6.40057, 586.947, 569.282
3.19919, -297.69, -239.534
2.62171, -802.047, -515.541
6.0664, 407.2, -755.905
7.15538, 155.922, -822.374
7.47667, 181.138, 174.871
3.86264, -882.249, 152.887
3.6923, -478.109, -253.938
3.87328, 963.868, 620.297
5.70836, -909.397, -731.213
5.17637, 310.843, 156.285
6.8967, 836.91, -297.201
6.75968, -662.629, -840.825
2.98004, 910.203, -35.1733
4.66818, -751.245, 198.534
3.17045, -205.777, -757.943
5.86802, -160.466, 317.549
5.34964, -53.3982, -480.884
3.66474, -624.247, 562.781
5.50306, 266.796, -690.065
2.6551, -804.047, -28.3308
7.08512, 569.107, -312.518
3.82958, 864.614, -179.225
6.50016, -185.027, -509.419
5.46389, 169.481, -724.56
5.0822, 359.334, 616.448
5.2567, 319.29, 644.6
3.47225, 507.49, -233.477
5.36152, 121.15, -743.579
3.81992, 214.07, 402.916
4.41648, -765.3, 539.834
2.73626, -754.57, -897.579
4.22823, 587.099, -670.624
3.61594, 679.742, -437.353
3.81264, 16.8909, -737.879
3.05141, -430.292, -402.197
7.40088, -706.039, 20.381
5.93794, 798.7, 642.561
5.82158, -548.012, -378.707
5.99501, -602.031, -673.271
2.68746, -833.668, -775.919
3.6706, -628.911, -745.732
3.95397, 717.243, 694.047
3.50543, -40.0131, -260.224
2.7177, 376.388, 332.352
2.56571, -534.416, 522.282
6.07297, -527.814, 765.585
6.88348, -870.83, -630.54
5.35088, -888.038, 272.471
6.92743, 866.062, 871.327
5.20042, -356.462, -280.177
3.31357, 930.112, -647.889
3.30492, 968.423, 440.242
7.19182, 319.567, 287.544
3.45628, 554.457, -853.053
3.15761, -4.95791, -109.573
4.41122, -315.688, -5.17864
6.12674, 257.769, -265.637
2.50651, 539.974, 875.155
4.60222, 20.5837, 735.71
5.18984, 308.405, -214.023
4.86596, -238.853, 247.41
6.33003, 544.899, 869.641
2.9396, 555.034, -470.238
7.04284, 133.499, 323.964
3.20818, -877.41, -395.484
2.54782, 436.659, -51.8949
2.82267, 240.051, 519.763
4.96742, 381.906, 222.51
5.40914, 533.049, 986.225
4.03373, -949.057, 544.908
4.57091, 918.186, -67.8222
4.33401, -574.418, -689.215
3.42687, 185.532, 669.148
2.76788, 638.594, 161.589
4.47222, 541.624, -65.4885
3.98388, -348.02, -132.011
5.05388, -396.347, 820.942
3.75392, -699.729, 230.39
5.01589, 965.423, 884.96
2.51168, -16.2775, 798.119
7.01807, 997.358, -448.25
2.79181, -906.015, -948.549
5.17506, -688.858, 804.901
3.95754, -384.72, 875.673
7.3023, -814.584, -272.096
4.73406, 319.664, -109.236
5.08479, 895.17, 167.662
5.93861, -256.211, 14.2731
2.72187, -160.641, 76.2041
7.2946, -798.333, 606.986
5.70852, 363.474, 155.596
2.80215, 630.565, -781.245
3.33964, 48.4371, 268.215
5.76491, 487.61, -249.635
6.19864, -769.5, 339.536
3.57011, 860.608, 200.531
4.31441, 157.445, -874.972
6.56981, -648.159, 935.009
5.32057, 807.815, -470.622
7.45886, -42.7682, -897.113
6.5669, -763.683, 397.719
3.49157, -994.262, -23.0584
2.50003, -162.067, -854.481
4.62608, 944.752, -774.972
4.07406, 834.086, 194.809
5.56218, 606.941, -934.031
3.83351, -202.511, -544.37
4.39881, -595.113, -61.1127
5.43397, 967.342, 295.337
5.95636, -141.554, -515.736
7.26736, -459.452, -571.97
4.89785, -292.847, -954.927
3.60319, 375.82, -730.857
5.33741, -724.967, -446.943
6.09873, 433.39, 364.329
4.4953, -487.701, 564.131
3.48326, -689.571, 990.75
6.66971, -674.512, -759.653
5.59561, -449.468, -868.287
7.26866, -294.736, 172.22
3.23222, -14.3763, -280.189
5.38953, 40.7715, -460.096
7.26796, -392.242, 723.258
3.62331, 720.45, -977.525
7.25137, -489.869, 809.474
3.07874, 799.484, -518.346
2.58372, 29.6162, -262.615
3.90465, -351.269, -171.594
7.15042, 648.095, 167.867
3.04796, 746.368, 871.956
6.77266, 30.5132, 830.527
5.68532, -726.642, -732.402
5.63853, 409.007, -711.01
3.80589, 728.134, 742.985
5.13936, -950.998, 220.183
7.16608, -268.093, 913.856
3.98055, 923.532, 101.2
4.78006, 155.77, 456.807
6.35659, -656.642, -621.869
4.17193, 99.3111, 115.935
6.31775, -39.5351, -944.655
6.65892, -30.0579, 943.282
2.64618, -725.199, 568.388
4.31315, 715.508, -267.69
4.16221, 284.004, 461.136
3.17675, -519.334, -305.083
3.00839, -306.76, 623.724
5.11327, -610.085, 815.514
3.52046, 30.6563, -534.6
5.00728, -869.682, -630.881
5.1371, 3.15535, 961.83
4.13422, -269.309, -292.988
4.75888, 226.121, -445.387
6.85263, -7.44205, 986.163
4.72884, 645.898, 865.363
6.03726, -458.963, -920.079
6.83171, 915.529, -699.295
6.5822, 870.871, 221.439
2.67504, 896.112, 837.63
3.8644, -654.282, -236.356
5.21858, -422.856, -430.87
3.19942, -992.256, -547.15
5.57408, -779.566, -936.092
3.29182, -693.522, -605.661
4.41129, 98.9743, 221.198
5.94997, -94.3303, 189.554
3.21128, -388.985, 460.693
5.65284, -785.107, 794.711
3.15973, 199.605, 936.405
7.13583, -739.547, 250.703
5.53465, -939.507, 784.927
5.50388, -922.111, 370.501
3.33635, 600.957, -527.466
3.301, -863.514, -401.381
5.91628, 624.237, -29.9323
5.1456, -715.194, -13.9962
3.65264, -131.854, 811.847
6.55373, -502.345, -58.2884
5.76477, -420.53, -560.948
4.08597, -551.652, -583.998
2.53953, -262.666, -816.166
3.49176, 728.098, 743.215
3.78831, -8.67353, 382.105
3.03825, 891.824, 38.7111
3.49545, 132.65, -435.577
6.75079, 803.754, -772.092
6.63912, -985.224, 214.073
6.76813, -960.385, -552.016
5.71027, 285.564, 779.851
3.6787, 728.743, -989.229
6.80638, -502.639, -810.132
5.4745, 36.9097, -102.291
2.52745, 507.382, -29.8084
6.84925, -663.252, -470.821
7.37729, 650.278, 106.622
5.59653, 379.408, 13.5056
3.85574, -943.764, 379.937
7.46973, -159.065, -635.059
4.60751, -723.564, -530.221
4.20537, -794.934, -615.51
4.80717, 362.83, -137.823
4.44822, 264.497, -379.176
4.613, -50.4345, 515.479
2.84879, 131.971, 287.327
5.5153, -58.3678, -127.169
7.36114, -49.7082, 231.048
5.07406, -696.794, -535.983
7.45461, 955.951, -137.712
5.84906, 625.123, -148.636
4.01716, -605.806, 70.6847
3.47371, 875.418, 566.137
4.0109, -709.73, -937.697
4.93946, -334.835, 461.396
4.72438, 530.67, 979.905
5.7844, 319.686, -941.904
3.74227, -779.54, -666.72
4.72007, 54.9304, 555.962
5.75894, -691.859, 54.0076
6.67472, -713.734, 188.696
6.03698, 200.479, 820.772
4.93928, -871.58, -602.337
6.72039, 399.915, -239.228
7.00296, -498.515, -183.434
6.33082, -650.908, -526.729
5.29453, 628.715, 848.553
2.70603, -22.2922, 92.5909
5.46749, 564.357, 65.4827
2.68674, -681.173, 828.059
4.53488, 22.8601, 437.021
2.84243, -976.542, -882.168
7.38558, -778.227, -882.503
2.5956, -517.47, -233.451
6.60363, -160.489, -273.306
5.2195, -374.384, 878.393
5.72828, 792.093, -332.543
3.62934, -260.752, 57.4741
2.733, 828.241, -694.813
3.63154, 214.747, -556.058
4.58371, -633.573, 135.26
6.40126, 266.066, -632.035
3.72852, -922.444, 389.136
4.81411, 659.491, 87.8192
6.14756, 928.986, 291.31
5.35237, -330.416, 816.129
5.45997, 928.238, 925.447
4.98425, -944.149, 281.094
3.951, 494.693, 109.044
4.71107, -5.65865, -226.634
2.53669, 854.857, -395.938
7.41683, 497.288, -359.463
2.52822, -810.267, -145.461
4.8676, -98.2171, 735.932
5.86497, -310.331, -121.976
