6.27803, -736.869, -999.605
3.5948, 65.7509, -86.7887
5.89648, 357.868, -905.736
5.09708, -233.107, 869.696
2.76731, -930.965, 661.651
2.53849, 336.979, 54.4771
4.58743, -865.819, -233.104
7.15218, 177.984, 373.654
2.95982, 53.7089, 692.309
6.00595, -167.69, 308.357
3.81226, 524.591, 820.462
4.14117, 472.133, -904.851
7.45519, 512.633, 265.049
7.41275, -506.391, -270.126
5.75759, 506.555, 445.206
6.92354, 263.219, -854.394
6.33247, -126.939, -454.514
3.87453, -523.973, -44.8148
4.93259, -667.617, -283.137
2.80282, 818.557, 794.996
5.08146, 8.97326, 809.008
4.96988, 972.979, -361.994
7.23882, -818.305, -467.772
4.42071, -3.33871, -852.101
5.14874, 827.423, -445.998
2.75042, 881.747, -70.7779
6.63909, 540.43, 523.63
5.94228, -967.833, -749.081
6.18112, 259.076, 736.407
6.94286, 998.299, 450.78
4.25508, -387.045, -533.681
6.72991, 182.239, 26.5169
3.84659, 681.279, -174.573
4.83959, 75.682, -172.979
3.2686, -643.621, -425.211
2.66527, 605.198, 143.234
7.2768, -3.21375, 69.1223
6.95369, 109.225, 496.424
3.29884, 683.803, 249.561
3.15214, 429.378, -574.38
2.515, -450.903, -817.903
6.0491, -947.188, -171.981
3.40448, -519.806, 875.456
5.76029, 773.88, -364.727
4.42907, 362.846, -699.267
3.23766, -5.88309, -225.85
5.45054, 690.624, 174.246
3.24076, 112.726, 910.71
3.2091, -182.406, 966.368
4.94257, -495.577, 129.651
3.13015, 922.951, -66.7018
5.64635, -361.307, -600.276
5.60817, 302.399, -746.34
4.88216, -504.047, 605.924
2.64188, -592.874, -222.361
3.21011, -146.618, 803.16
3.15594, -179.465, 894.693
3.31099, -815.858, 770.628
3.76529, -269.254, -857.558
4.77654, 566.691, -730.054
6.54472, -95.338, -300.883
3.57624, 303.237, 863.049
3.75063, 817.29, 362.69
5.02978, -57.5212, 721.645
6.27922, 635.101, 200.028
5.66369, 902.725, -75.1249
5.9449, 648.755, -121.716
7.27207, 974.016, 404.675
5.18713, -421.46, 702.958
4.57014, -790.28, 33.5981
4.70019, 753.002, 153.558
6.07821, 738.382, 459.438
6.20858, 412.807, 601.219
5.12494, 771.972, -961.668
6.06711, -869.364, -73.4124
5.91025, 335.288, -22.0825
6.82941, 833.172, -600.765
3.19597, 87.7294, 779.736
3.57766, 978.25, -99.4071
5.0733, -368.299, -108.167
4.83766, -120.48, 762.387
3.55759, -269.538, 613.196
5.65244, -690.466, 994.865
2.5044, -997.574, 231.738
4.09589, 454.548, 546.553
5.90281, 364.859, -164.03
6.0446, 672.696, -589.33
2.90869, -810.754, 657.252
3.56926, 259.303, 528.19
4.44412, -837.658, -572.8
4.44927, 895.397, 904.196
3.92018, 384.23, -461.532
4.6123, 567.539, 553.583
2.55658, -606.798, -437.777
3.72027, 965.073, -616.621
4.49072, -726.789, 639.798
6.64177, -646.329, 201.975
3.78584, 975.65, -684.685
3.59705, -797.111, -532.728
6.47385, 391.884, 269.389
5.8476, 505.674, 392.43
5.49108, -887.374, 268.016
5.99917, -362.514, -545.765
5.13062, 525.241, -764.885
4.14833, 176.527, 107.382
3.30844, -713.96, 405.776
6.56633, 720.302, -29.2783
4.08004, 477.98, 113.81
4.05369, 56.9351, -729.47
4.65424, 36.1188, 175.828
4.46509, -258.022, -481.606
4.43916, -48.2793, -106.78
4.34871, -843.115, -441.529
5.88118, 343.533, -492.236
6.10384, 456.937, 27.8905
7.20082, -78.0201, 889.745
5.08573, -79.1549, -356.929
5.5282, -196.181, 322.729
5.85049, -698.88, 973.287
5.11404, 83.2557, -312.119
3.87105, -969.384, 657.874
7.08924, 92.4257, 285.9
3.73367, 939.811, -466.524
4.77876, 387.82, 687.664
3.30374, -955.303, 640.994
4.68319, 415.492, 413.598
7.45767, 503.071, 165.088
6.26931, -440.853, 391.328
4.97846, -991.108, -657.497
7.01651, -672.885, -840.022
4.68213, 493.3, 565.705
5.09239, 169.492, -986.986
4.44866, 88.0571, -865.977
5.63431, -228.137, -568.322
5.19331, 418.401, 318.107
4.35955, 631.897, -439.35
2.54674, -378.2, 371.163
6.3794, 41.8606, -792.144
2.85317, -889.279, -558.782
3.98511, 447.361, -679.463
4.78581, -40.2028, -901.556
3.25156, -105.96, 39.7871
5.97819, 667.409, -428.292
4.15587, 365.152, 157.288
5.21197, 973.548, -884.771
2.64678, 712.76, -996.039
5.38086, -20.7177, -244.381
5.18133, 359.076, 477.687
7.36678, -755.151, -928.538
5.57063, -297.393, -623.181
5.26431, -747.941, 215.05
6.69051, -285.444, 907.86
3.75764, -482.266, 947.75
6.98957, 629.601, -149.769
5.97428, 520.74, -510.369
5.82752, -472.782, -96.2404
3.06838, -580.798, -767.054
3.37987, -987.398, 94.0123
2.91253, -136.179, 198.473
6.68103, -249.208, 374.598
2.64818, 946.074, -753.526
6.34719, -10.8253, -840.069
4.29829, -499.899, 867.89
6.24626, 0.112794, 537.987
6.28385, 363.263, 343.64
3.60834, -538.778, -926.959
5.58305, 305.231, 125.364
3.66846, -550.331, -256.771
6.22052, -668.231, 305.851
5.80997, -904.987, -680.701
4.9209, 898.728, -749.83
2.58972, 828.05, 241.848
4.98291, 443.898, 187.681
5.09587, -116.351, -892.204
4.71395, -869.932, 542.528
4.14528, -64.3122, 953.972
3.52671, 486.432, -108.073
7.19863, -254.661, -656.888
2.85168, -492.563, 929.275
3.30042, 52.602, -751.942
6.70788, -791.079, 32.1114
4.13614, -152.742, -263.52
6.85942, 153.878, 427.112
5.99896, 673.06, 516.45
5.52801, 870.379, -221.765
4.77536, 79.0427, -275.281
2.91543, -519.245, -195.132
3.94883, -55.2168, -156.305
6.51009, -567.482, -789.823
6.81821, 339.393, 56.7549
3.81831, 422.996, -512.391
4.79881, -837.833, -234.474
4.95672, 591.644, -533.454
5.82344, -467.725, -993.218
7.31738, -626.382, -149.911
7.23022, 591.114, -732.105
2.81902, 214.325, -657.487
5.04829, -413.576, -306.006
6.13222, 668.648, 652.049
5.65882, 603.907, -340.98
3.26658, -917.014, -909.263
5.09652, -875.488, 534.983
3.52281, -558.785, 858.038
6.03231, 399.428, -821.92
6.05786, -476.298, -11.0646
3.66304, -597.228, -242.664
6.80594, -62.5848, -129.347
2.67122, -110.845, 954.159
6.26587, -936.614, 47.8512
4.14789, 645.502, 182.575
4.65309, 72.9232, -535.675
7.33455, 974.158, -192.901
4.05803, 734.88, 700.644
5.69762, 994.642, -703.046
5.95386, 864.09, -63.6925
5.36403, 82.7981, 630.651
6.60667, 890.592, -681.726
4.21807, -916.763, -688.592
5.09387, -807.116, -779.609
6.78438, 122.928, -954.875
6.18587, 348.836, 34.2703
3.45992, -953.668, 396.312
2.83145, -308.246, 341.863
3.60828, 847.232, -721.896
3.33656, 171.905, -239.402
6.31172, 382.218, -946.473
5.44905, -845.199, 427.149
4.65223, 859.396, 851.121
7.09618, 662.352, 11.9569
5.09668, 447.493, 202.483
7.38058, -677.283, -18.5966
5.15714, -453.458, 148.589
2.98716, 334.104, 396.782
5.83983, 221.232, 97.5657
5.44444, 142.977, -10.7149
5.01137, -699.029, -115.682
2.75808, -936.353, 462.495
2.6753, -357.575, 42.4854
4.41484, -785.616, -509.968
5.55555, 194.052, 103.648
5.06574, 543.336, 873.808
5.98498, 300.429, -26.6196
4.89891, -26.2156, -184.968
3.88323, 68.3948, 420.97
6.01685, -439.744, 210.941
3.67701, 876.377, 60.7586
6.41501, 194.419, -173.226
6.60589, 362.802, 840.221
3.21842, -539.162, 54.713
5.75757, -496.694, 799.549
3.87677, 871.704, -990.043
7.26215, -441.427, 717.42
4.58238, -753.913, 13.6707
3.03869, -126.989, 404.813
4.70633, -800.117, 532.287
6.28811, -407.66, -309.591
2.77803, -338.493, -322.749
3.51241, -29.3145, 146.241
6.82305, 948.139, -772.622
6.52456, -265.228, -15.9788
2.78861, -680.722, -675.392
4.40304, -63.831, -701.482
4.56124, -151.319, 767.235
2.80071, -383.204, 302.582
7.09746, 795.63, 629.893
3.35398, 539.937, 802.551
6.51634, -935.723, 147.873
3.88599, 723.26, 44.5388
4.44586, 173.648, 738.93
7.19936, 51.4643, 623.774
6.24573, 159.807, -160.239
3.44774, -323.925, 761.432
6.89581, 437.702, 486.161
6.8953, 420.037, -853.971
3.30515, -819.454, -279.722
5.87346, -806.925, -166.403
6.89096, 626.218, 125.329
6.98262, 269.725, 537.941
3.06535, -26.9156, 756.653
5.93789, -234.566, -245.415
3.21651, -845.888, -756.925
3.6901, 416.955, -44.7091
5.64383, 951.41, -218.054
4.312, 817.741, 359.561
4.64437, 588.553, 718.359
4.91936, 0.271964, -851.646
6.20379, -0.785081, -99.0393
3.23098, -399.212, 865.793
7.36238, -837.112, -778.828
7.3158, -522.563, -184.426
3.14741, -603.644, 666.797
5.3784, -321.579, -607.337
4.66439, 171.279, -119.719
5.50066, -235.927, -263.044
5.85098, -702.138, -140.467
4.5137, 396.163, 990.569
6.46691, 639.132, 698.273
4.89889, -980.451, -251.439
5.72449, 293.278, 277.999
4.28836, -245.346, 598.159
5.96794, -331.313, -220.978
5.83428, -416.953, -709.815
3.22071, -371.337, 709.465
7.10415, -988.131, 205.508
4.22228, 32.9818, -236.059
6.66824, -417.808, -471.599
2.74349, 269.345, -750.938
3.27936, -246.428, -82.8546
2.55765, 331.896, 511.498
3.94327, 121.762, 589.686
5.07295, -358.008, -169.084
3.65948, 683.978, 438.262
2.75022, -251.43, -69.6267
5.33091, -595.146, -851.851
6.69774, -154.794, 663.702
4.28763, -637.99, -415.023
4.3452, 177.746, 868.39
7.22226, 255.705, -73.8426
4.72425, -899.714, -187.935
6.82086, 496.436, 191.488
5.82654, -790.696, -737.817
5.79297, 162.722, 666.646
7.10736, -961.999, 963.895
5.11536, 935.957, -611.174
5.45229, 439.554, -442.38
5.79944, 669.281, 673.675
4.24765, 288.328, 460.764
4.11714, 329.07, 68.7271
7.08984, -114.848, 738.438
3.08619, 903.515, -446.616
7.31268, 673.083, -168.33
5.17978, 50.8913, -333.887
5.81447, 859.355, 636.078
5.48362, 883.405, -512.847
6.93363, -506.065, -747.751
6.67999, -673.673, -607.634
6.69339, 246.506, 204.697
6.85642, -216.658, 343.052
2.5002, -769.742, 341.519
4.77274, 257.599, 351.996
4.25696, -936.872, 145.389
5.80713, -258.29, 710.052
6.22234, -877.932, 152.867
3.3821, -115.209, -441.614
7.4621, 794.49, -816.11
5.95466, -933.894, 186.419
6.97862, 138.945, -24.8135
3.51579, 376.878, -131.05
7.2356, -455.283, -36.5495
4.88476, 905.406, -510.75
6.78578, 922.747, -745.912
6.41237, -985.44, -564.59
5.70687, 919.469, -899.684
3.14521, -725.675, 146.924
5.77944, 3.75645, 649.31
3.09199, 52.9309, 10.0473
3.88793, 337.598, 805.925
6.65548, -217.411, -226.65
6.14153, -753.007, -513.942
6.74348, -597.6, 296.119
3.43989, -788.364, -953.976
6.09602, 559.205, -278.162
4.25586, 161.764, 332.711
3.34555, -415.825, -685.9
4.52383, 342.278, -552.237
4.20924, 158.765, 772.818
6.67141, 398.681, -125.519
3.9111, 698.12, 583.982
5.16766, -665.206, -473.077
6.25085, 997.109, -853.539
4.62554, -672.042, -756.871
4.66964, -572.538, 546.49
3.03022, 858.557, -933.693
6.4639, -36.1495, -467.301
3.91232, -572.292, -484.804
7.14264, -583.403, -238.495
5.37926, 233.969, 527.197
3.4895, 815.864, -287.521
5.99081, 581.306, -769.954
3.07265, 495.877, -963.108
4.22945, 308.987, 789.69
4.15646, -571.184, -235.576
6.42735, 828.699, -964.188
6.65775, 459.925, -213.067
4.21712, -740.686, 755.533
4.2603, -275.488, 884.499
6.38197, 144.081, -837.995
6.58658, -13.3346, 688.364
4.26157, -128.801, 281.979
7.09559, -436.343, -301.611
3.2877, 489.361, 252.426
5.56029, -495.331, 554.612
5.54222, -371.168, 709.021
3.16647, -252.6, -747.913
3.51409, -747.714, -476.422
4.79457, -857.973, 501.059
3.48759, -530.29, 926.561
6.77118, -837.643, 368.502
6.54562, -759.64, -694.664
2.80131, -908.737, 888.153
6.50584, -717.694, 659.018
5.49597, -199.459, -544.865
7.43182, -892.38, 310.119
2.65919, -171.507, 626.503
6.8356, 946.438, -785.112
3.69109, 668.699, 342.642
3.6127, 179.069, 433.635
4.73907, -995.712, -541.542
2.61231, 864.3, -177.351
6.79755, -247.687, 26.4224
4.15902, 218.286, 588.074
5.72195, 307.593, 248.253
7.43521, -947.731, -481.873
5.30162, 284.643, -584.423
4.74553, -758.558, -246.145
5.213, 172.004, -721.047
2.90797, 773.183, -32.7985
3.99606, -799.082, -274.477
6.63964, 825.663, 682.891
6.48936, 626.455, 940.247
5.71048, -102.622, 679.611
4.84105, 631.433, 387.702
7.15326, -197.017, -612.465
5.08798, -244.055, -66.209
7.42924, 798.478, -544.059
5.94567, -82.8229, -725.726
6.19966, -181.385, -442.44
3.46323, -392.177, -937.19
6.08881, -450.402, 626.211
6.11146, 570.13, -182.573
6.49298, 265.94, 154.085
4.23216, 255.56, -999.16
5.1481, -15.6096, -56.6305
3.19001, 715.852, -362.702
6.73218, -226.062, -202.23
6.32766, -86.0413, -887.43
7.5, 923.781, -415.295
4.24891, 483.215, 997.683
5.50367, -601.88, 592.943
3.50808, -496.565, 85.508
6.2385, 27.6256, 151.379
6.49225, 978.943, 216.063
3.03505, -706.586, 109.525
5.35813, -507.372, 47.5389
2.84683, 357.569, -331.562
4.16036, 752.076, 689.287
5.80945, 488.004, -709.08
5.27726, 173.908, -197.485
7.12415, 228.996, -11.7616
2.69832, -487.079, 227.713
2.62083, -312.864, 241.287
4.61923, 220.08, -657.175
4.36987, 460.751, 136.782
2.93303, -246.132, -267.893
3.05403, -159.18, 171.208
5.31992, 370.123, -349.341
7.37269, 63.4692, 743.578
3.05066, -49.1239, -879.827
5.99352, 99.0318, 984.017
2.79674, -50.0653, -745.224
4.69755, 835.897, -109.619
5.24651, 994.113, 716.916
3.45129, 692.512, -751.301
7.36597, 312.705, 328.532
3.19593, -680.648, -83.4777
5.48978, 945.378, -433.266
7.12812, -874.084, 704.384
3.91116, -67.6116, 897.868
6.8307, -138.588, -79.757
6.29598, -230.188, -602.514
6.10793, 346.401, 627.841
3.34241, -372.834, 367.337
3.32882, 841.337, 375.882
3.39076, -647.388, -992.073
5.87226, 336.43, -603.708
4.83484, -353.453, 35.6986
6.85219, -812.524, -358.329
5.76023, -702.632, -111.423
5.80464, 764.464, 883.641
2.58037, -659.541, -592.749
4.30596, -780.399, -665.8
3.72747, 927.367, 121.953
6.93086, -939.641, -952.035
5.23701, 826.26, 772.817
6.57209, -25.9623, -654.451
5.24453, 166.966, 872.699
4.16156, 506.631, -56.41
4.40213, 25.7519, -655.042
2.52389, 933.82, 656.147
6.95226, -90.8313, -397.234
6.16955, -499.078, 686.937
6.04239, -153.967, 677.943
5.1278, 52.8618, -188.13
6.41065, -192.478, -816.717
3.42484, -384.447, -470.428
5.72673, 241.962, 512.906
3.42178, -691.288, -345.099
3.31214, 65.5949, -85.6658
2.65594, -181.891, 851.409
7.42716, 130.154, -665.455
4.04559, -332.738, -719.227
4.11075, -672.505, -292.757
5.51155, 284.528, -238.4
2.89107, -329.759, -924.415
3.93936, -17.843, 88.0752
5.79307, -124.14, -491.831
7.36348, -996.263, -348.87
7.27758, -363.238, -798.025
7.42745, -669.963, -299.759
7.30478, -915.947, -766.704
3.0073, -559.149, 570.296
3.71505, -121.164, -494.852
6.91151, 98.525, -434.643
5.28805, 340.89, 703.006
6.7669, 803.859, 515.706
7.49145, -532.393, 519.839
3.99751, -251.136, -478.115
6.33157, 983.102, 490.684
4.81901, 283.452, -142.874
6.8168, -636.239, -794.829
6.99018, 861.787, 6.50061
7.377, 258.238, -417.539
2.77405, 661.21, 86.4196
6.32605, 950.283, -620.399
5.09219, -935.119, 739.707
3.46574, 938.37, -248.273
6.98252, 194.112, -542.901
6.38492, -830.61, 98.8571
2.75968, 416.69, 542.072
7.47331, -856.423, 766.93
5.93659, -0.746348, -460.044
5.94854, 889.151, 496.857
6.57666, -657.508, 823.128
7.05426, -36.298, -434.611
3.34218, -201.384, 406.107
5.24183, -579.909, 804.874
6.53351, -474.59, -254.205
4.17803, 318.178, -528.789
5.53435, -95.025, 43.7801
6.59602, -956.001, 334.19
7.3485, 86.6961, -247.183
6.29349, 586.349, 492.625
3.72113, -186.057, -93.4647
5.80589, -572.34, 404.432
4.21574, -447.331, -185.998
7.27146, 376.702, -396.978
2.60828, 804.486, 556.288
4.54979, -892.421, 948.267
2.55789, 586.967, -669.933
3.04964, 842.797, 203.578
5.28259, -853.41, 90.2432
4.45466, -36.3645, -233.511
7.20539, 118.176, -182.66
2.55572, 179.276, 397.757
6.22897, -224.998, -434.623
3.84293, 108.82, 130.981
4.27153, -678.098, -763.919
3.45835, -468.082, 616.67
5.14832, 296.249, -170.952
4.39478, -59.8845, -854.422
3.16407, -13.3929, -802.353
4.26563, -123.665, -567.229
4.2497, 784.242, 987.37
7.41084, 607.299, -120.442
5.25961, 152.862, -396.169
4.99918, 13.1458, -713.591
3.58531, -834.784, 459.013
4.37311, -229.883, -653.805
6.78251, -666.498, -474.628
6.45578, 787.055, -509.315
3.9204, -496.716, 928.524
5.07645, 437.745, 99.7659
6.79238, -295.932, -26.7845
7.07844, -957.425, -175.203
7.48941, 137.173, 918.712
6.53177, 172.083, -195.935
5.22718, -912.248, -183.6
7.3461, 149.45, -739.482
5.31931, -585.536, 362.666
4.03031, -414.463, 661.209
5.41853, 969.448, 955.607
2.91197, 46.0762, -333.978
5.47382, 361.806, 618.939
3.31968, -599.126, -591.694
6.46527, -607.515, -437.489
2.95373, 578.48, 743.278
6.3072, -505.879, -679.957
6.83996, -216.879, 33.9255
6.40105, 193.208, -334.589
6.61399, 908.693, 973.034
6.70974, 372.821, 553.978
4.48328, 536.139, 256.03
6.508, -161.865, 168.156
6.56811, 381.434, -44.4349
5.43493, -410.345, 101.759
4.64621, 797.12, -51.2105
2.5002, -71.4332, -480.042
5.31153, -816.193, 316.202
6.22632, 335.357, 357.715
3.89846, 964.017, 304.075
2.93406, -989.288, 565.479
3.5733, 853.529, -881.498
3.93296, -492.52, 561.21
4.86595, -408.089, 476.194
6.95893, 846.017, 819.94
5.91955, 505.175, -498.899
3.54376, -51.9486, -64.0646
6.67533, 795.378, 12.6823
7.09218, 945.485, 917.422
4.48244, -474.304, -702.419
6.37858, 541.329, 542.225
5.68161, -162.497, -90.9797
6.64746, 483.936, 293.896
3.40204, 560.202, -456.086
7.45927, 575.993, -760.631
6.70558, -150.233, -845.397
4.65177, 889.462, 266.951
4.38589, 597.067, 891.669
2.70802, 657.16, -506.327
6.80715, -811.413, -542.398
6.62116, 909.6, -912.249
6.25052, 23.1502, 737.511
3.55801, -165.099, 996.196
4.31029, -782.144, -192.542
4.43545, -592.047, -805.841
7.32918, 799.291, 646.153
6.5872, -166.578, 633.76
4.5755, -82.8712, 449.847
5.83759, 206.607, 185.211
2.52101, 478.08, 974.937
6.98048, -741.861, 254.348
3.68416, -343.357, 355.607
3.79415, 361.201, -96.9508
5.4939, 409.776, -711.422
6.89823, -851.674, 381.535
6.16299, -566.398, -593.813
6.0773, 916.048, 571.169
3.57724, -609.387, 480.968
6.30413, 678.359, -958.942
3.85351, -159.727, -562.438
2.75246, 671.194, 352.509
4.78866, 267.58, 245.632
2.58759, 450.285, -780.71
3.01129, 74.2699, -168.835
2.639, -129.539, 286.394
5.65921, -340.288, -515.127
6.34425, 85.3188, -246.453
2.74132, 525.463, -841.916
6.6924, -59.1581, -630.788
6.76899, -263.268, -322.74
6.57649, -443.146, 573.514
6.85188, 795.686, 406.528
5.27222, -635.762, -174.065
6.12646, -297.787, 61.5563
3.20424, -529.088, 943.142
6.6115, 602.834, -525.278
5.51185, 735.513, -197.888
4.93856, 510.088, -922.427
6.14942, -289.355, 956.668
4.05164, 757.735, -669.822
3.93925, -699.272, 355.017
5.45857, -955.331, 813.061
5.34055, 658.35, 888.742
5.41059, -935.876, -578.003
2.84132, -689.823, 283.278
4.34304, 149.731, -384.461
6.28475, -932.645, -578.97
6.35297, -448.063, -872.885
4.27217, -394.231, -251.691
5.98913, 244.356, 934.244
5.08005, -690.089, -306.393
5.94494, 392.644, 131.057
6.18066, -82.2949, 615.389
2.56231, -344.215, -676.232
7.16549, 607.192, -120.539
5.37826, 134.055, 126.91
3.05587, 457.225, 975.441
4.87388, -110.783, 22.1386
3.24247, 170.819, 90.5844
4.22594, 50.923, 451.046
7.04476, -933.904, 176.777
4.54571, 15.8596, 515.321
5.96642, -675.526, -73.7699
3.35865, 385.166, -931.072
6.21715, 893.929, -499.332
4.16319, -422.761, 640.358
4.62157, 669.75, 311.156
2.79523, -137.153, -116.938
5.09005, 286.541, -235.954
5.94425, 475.508, -582.121
5.01149, -264.887, 26.0451
6.56617, -168.861, -752.398
3.07974, 81.2037, -941.439
5.24841, 264.454, 465.741
5.06046, 413.355, 21.5294
6.02649, 951.585, 441.863
5.65083, -235.803, 892.505
4.0207, -22.7579, -631.662
6.74719, 400.417, 373.442
3.39619, 601.199, -19.6109
2.61737, -531.794, -100.338
4.19467, 743.142, 55.1932
3.43818, 349.421, -82.8834
6.60467, -285.769, 193.002
6.72507, -896.165, -154.174
6.78031, 845.385, -720.607
7.37454, -955.516, 637.487
2.99587, 471.657, -448.775
2.56182, 564.368, 657.931
2.58614, 211.846, 593.583
2.64527, 253.456, 94.4799
4.1031, 153.096, -377.653
6.17815, 628.452, 303.156
3.14876, 372.161, 474.238
2.5161, -367.697, 508.31
6.91905, 138.841, -791.681
3.70482, 232.142, -576.165
4.38481, -822.497, 756.812
4.44879, 607.925, 187.175
2.81534, 595.687, 295.654
7.30792, 183.773, 961.405
3.75349, 727.426, -337.54
6.85376, -682.011, -55.0592
2.85991, -920.276, 429.228
2.70653, -627.772, 579.977
3.46378, 364.968, -524.197
3.86708, -311.115, 302.835
7.4007, -954.367, -365.927
3.60607, 324.464, -542.857
6.43119, -876.414, 857.619
4.42306, 302.293, -422.916
3.78593, 481.158, -637.596
3.91087, -950.922, 66.894
7.33834, 869.521, -32.7601
4.22841, 770.632, 173.924
3.45922, -986.533, 738.465
5.05037, -547.906, -381.004
5.21857, -559.014, 635.716
5.72333, -634.328, -616.13
3.89738, -10.1414, 787.36
3.41887, -296.477, -721.603
2.71579, -836.108, 385.431
3.98408, -510.513, -276.643
4.25548, -231.685, 141.276
7.09372, -421.401, 732.639
5.81225, 495.753, -359.084
5.08041, 867.716, 587.472
4.03763, 617.914, 589.797
3.0007, -354.025, 155.892
3.47502, 380.561, -881.541
4.11407, 31.7165, -133.118
5.56182, 967.41, 86.4777
5.13511, 962.396, -985.847
3.45653, 255.046, 286.265
4.7178, -655.666, -429.582
4.48693, -711.477, 857.25
6.28051, -608.034, 744.88
6.6213, 737.498, 602.646
5.51573, 141.879, -343.765
3.04573, 611.303, -831.227
4.11797, 488.091, -165.484
5.03403, 7.71062, 319.301
4.76521, -648.39, 797.238
4.77315, -182.051, -463.616
4.91125, 917.813, 908.932
5.07896, 370.007, -651.568
4.50207, 193.748, 813.609
4.22945, 961.115, 486.092
6.64533, 926.122, -239.419
3.02204, -734.28, -800.606
6.40057, 588.215, 570.693
3.19919, -297.86, -239.753
2.62171, -805.549, -513.651
6.0664, 407.624, -757.632
7.15538, 158.617, -822.349
7.47667, 179.589, 175.218
3.86264, -874.196, 152.842
3.6923, -485.659, -249.028
3.87328, 965.432, 620.77
5.70836, -910.453, -731.673
5.17637, 311.225, 157.351
6.8967, 838.824, -297.701
6.75968, -657.562, -844.285
2.98004, 912.635, -33.4907
4.66818, -753.415, 195.871
3.17045, -206.576, -758.899
5.86802, -157.353, 321.632
5.34964, -53.2192, -483.733
3.66474, -625.566, 561.225
5.50306, 267.197, -691.038
2.6551, -805.39, -28.756
7.08512, 569.789, -313.253
3.82958, 863.551, -175.844
6.50016, -185.697, -509.14
5.46389, 172.433, -719.581
5.0822, 361.124, 620.147
5.2567, 318.004, 646.197
3.47225, 509.168, -233.15
5.36152, 119.57, -744.297
3.81992, 214.939, 403.428
4.41648, -765.094, 540.141
2.73626, -753.721, -897.634
4.22823, 590.791, -672.249
3.61594, 683.079, -439.381
3.81264, 16.3818, -739.578
3.05141, -430.826, -401.64
7.40088, -706.562, 21.2053
5.93794, 811.068, 644.663
5.82158, -548.176, -378.522
5.99501, -602.488, -673.807
2.68746, -840.234, -779.937
3.6706, -628.54, -745.686
3.95397, 715.692, 694.332
3.50543, -42.1904, -262.323
2.7177, 378.831, 330.787
2.56571, -543.38, 526.726
6.07297, -528.629, 765.698
6.88348, -870.004, -632.513
5.35088, -890.962, 279.379
6.92743, 866.504, 873.428
5.20042, -356.209, -280.542
3.31357, 930.548, -648.681
3.30492, 971.067, 439.934
7.19182, 320.944, 287.92
3.45628, 555.275, -854.438
3.15761, -6.76499, -113.662
4.41122, -317.88, -4.55143
6.12674, 257.481, -267.071
2.50651, 541.277, 873.659
4.60222, 12.15, 732.459
5.18984, 310.11, -213.952
4.86596, -239.131, 247.78
6.33003, 542.239, 874.141
2.9396, 555.156, -472.146
7.04284, 132.47, 324.418
3.20818, -880.383, -394.688
2.54782, 438.831, -52.553
2.82267, 245.32, 506.805
4.96742, 382.166, 222.64
5.40914, 535.03, 991.234
4.03373, -950.215, 545.142
4.57091, 921.604, -71.0025
4.33401, -573.729, -690.245
3.42687, 187.369, 670.025
2.76788, 635.466, 159.47
4.47222, 542.544, -65.6264
3.98388, -348.277, -131.797
5.05388, -396.573, 821.532
3.75392, -698.75, 230.741
5.01589, 967.496, 884.342
2.51168, -18.934, 801.501
7.01807, 999.333, -448.509
2.79181, -905.691, -949.76
5.17506, -690.747, 804.568
3.95754, -387.263, 877.925
7.3023, -816.14, -267.54
4.73406, 319.136, -109.322
5.08479, 896.591, 167.416
5.93861, -256.208, 9.82212
2.72187, -160.692, 76.8463
7.2946, -798.996, 607.457
5.70852, 367.904, 159.059
2.80215, 632.099, -782.375
3.33964, 47.6141, 268.419
5.76491, 487.658, -250.91
6.19864, -769.142, 337.198
3.57011, 862.642, 198.982
4.31441, 158.11, -877.243
6.56981, -648.344, 935.925
5.32057, 807.871, -470.694
7.45886, -41.3943, -900.697
6.5669, -763.789, 398.74
3.49157, -995.64, -23.2281
2.50003, -165.015, -858.097
4.62608, 948.089, -783.42
4.07406, 832.22, 192.739
5.56218, 607.205, -935.069
3.83351, -194.844, -544.678
4.39881, -595.318, -60.6937
5.43397, 971.488, 292.084
5.95636, -141.681, -517.618
7.26736, -460.39, -572.626
4.89785, -292.757, -956.344
3.60319, 374.885, -732.536
5.33741, -726.115, -446.007
6.09873, 435.283, 364.876
4.4953, -481.937, 568.521
3.48326, -693.272, 998.196
6.66971, -685.724, -763.188
5.59561, -447.93, -873.294
7.26866, -295.997, 170.881
3.23222, -14.4291, -282.301
5.38953, 41.6024, -460.74
7.26796, -391.694, 725.521
3.62331, 720.183, -976.206
7.25137, -487.819, 813.763
3.07874, 802.985, -518.935
2.58372, 29.3841, -264.497
3.90465, -345.755, -174.228
7.15042, 651.805, 166.325
3.04796, 745.025, 871.837
6.77266, 31.3931, 832.561
5.68532, -727.382, -733.053
5.63853, 408.116, -708.828
3.80589, 732.495, 740.716
5.13936, -951.207, 221.582
7.16608, -266.045, 917.059
3.98055, 924.404, 100.11
4.78006, 155.27, 458.909
6.35659, -656.997, -625.08
4.17193, 97.3539, 114.425
6.31775, -39.4852, -947.566
6.65892, -29.9674, 943.979
2.64618, -725.323, 568.701
4.31315, 716.106, -267.996
4.16221, 291.747, 460.491
3.17675, -520.234, -307.389
3.00839, -307.206, 623.958
5.11327, -610.59, 816.843
3.52046, 30.6642, -535.531
5.00728, -872.765, -631.601
5.1371, 4.58609, 962.241
4.13422, -270.489, -293.179
4.75888, 225.898, -446.476
6.85263, -7.55054, 988.998
4.72884, 646.994, 865.681
6.03726, -459.247, -921.981
6.83171, 917.078, -699.496
6.5822, 872.641, 222.682
2.67504, 897.988, 837.276
3.8644, -655.359, -235.878
5.21858, -423.198, -431.007
3.19942, -995.898, -542.614
5.57408, -781.508, -936.561
3.29182, -697.109, -606.117
4.41129, 98.6943, 221.415
5.94997, -94.2421, 189.754
3.21128, -388.343, 460.037
5.65284, -785.325, 796.013
3.15973, 200.617, 936.795
7.13583, -741.485, 253.805
5.53465, -940.168, 785.258
5.50388, -922.292, 369.5
3.33635, 612.448, -533.272
3.301, -863.375, -401.727
5.91628, 625.461, -30.3422
5.1456, -716.949, -14.4632
3.65264, -130.782, 814.275
6.55373, -502.461, -58.5314
5.76477, -420.915, -561.565
4.08597, -549.099, -582.864
2.53953, -263.077, -817.098
3.49176, 724.108, 749.288
3.78831, -9.19963, 382.398
3.03825, 893.905, 38.8209
3.49545, 133.536, -437.104
6.75079, 803.754, -772.516
6.63912, -986.016, 220.188
6.76813, -960.667, -550.8
5.71027, 284.91, 780.502
3.6787, 731.314, -991.769
6.80638, -502.611, -811.341
5.4745, 37.1969, -101.54
2.52745, 508.041, -28.7481
6.84925, -667.197, -473.582
7.37729, 651.347, 107.047
5.59653, 380.168, 13.0824
3.85574, -946.748, 379.299
7.46973, -158.357, -636.569
4.60751, -724.511, -531.168
4.20537, -795.418, -615.9
4.80717, 360.927, -138.383
4.44822, 265.007, -378.63
4.613, -51.2456, 515.69
2.84879, 132.32, 286.688
5.5153, -66.1895, -132.45
7.36114, -49.6889, 231.673
5.07406, -696.74, -536.988
7.45461, 957.342, -137.836
5.84906, 629.499, -149.834
4.01716, -606.032, 71.0481
3.47371, 876.514, 564.841
4.0109, -709.137, -939.113
4.93946, -334.562, 461.739
4.72438, 529.672, 976.758
5.7844, 319.26, -943.432
3.74227, -781.661, -669.393
4.72007, 55.0622, 556.356
5.75894, -691.742, 55.366
6.67472, -713.319, 188.097
6.03698, 203.896, 824.524
4.93928, -872.631, -601.114
6.72039, 400.274, -239.959
7.00296, -496.346, -182.122
6.33082, -650.4, -527.709
5.29453, 628.283, 847.907
2.70603, -26.6694, 96.9592
5.46749, 564.8, 65.1878
2.68674, -683.069, 830.534
4.53488, 21.6589, 437.07
2.84243, -977.727, -882.776
7.38558, -779.673, -882.624
2.5956, -518.248, -232.803
6.60363, -162.331, -276.282
5.2195, -371.346, 880.504
5.72828, 792.957, -332.451
3.62934, -260.757, 60.3219
2.733, 827.197, -693.798
3.63154, 215.55, -556.659
4.58371, -633.557, 135.459
6.40126, 266.4, -632.68
3.72852, -922.577, 391.958
4.81411, 662.295, 80.3587
6.14756, 929.424, 291.648
5.35237, -330.246, 816.865
5.45997, 927.583, 929.37
4.98425, -946.003, 281.423
3.951, 497.525, 107.847
4.71107, -1.58173, -224.938
2.53669, 855.615, -395.673
7.41683, 505.289, -362.916
2.52822, -811.588, -143.19
4.8676, -95.0722, 736.162
5.86497, -310.031, -121.792
