6.27803, -736.805, -999.169
3.5948, 65.7123, -89.3773
5.89648, 358.027, -905.535
5.09708, -233.24, 870.064
2.76731, -931.095, 661.326
2.53849, 335.208, 52.9465
4.58743, -865.244, -233.032
7.15218, 178.02, 373.783
2.95982, 53.537, 692.281
6.00595, -167.299, 308.995
3.81226, 524.817, 820.253
4.14117, 472.097, -904.599
7.45519, 512.419, 264.785
7.41275, -507.284, -271.599
5.75759, 506.374, 445.075
6.92354, 263.161, -854.125
6.33247, -126.654, -454.423
3.87453, -523.416, -45.1383
4.93259, -668.37, -285.36
2.80282, 818.719, 794.627
5.08146, 8.88772, 808.664
4.96988, 972.629, -362.063
7.23882, -818.041, -467.842
4.42071, -3.81596, -850.846
5.14874, 827.179, -446.186
2.75042, 881.488, -70.3891
6.63909, 540.46, 524.361
5.94228, -967.336, -748.865
6.18112, 259.063, 736.305
6.94286, 997.585, 450.729
4.25508, -386.683, -533.763
6.72991, 182.254, 26.4818
3.84659, 678.882, -172.824
4.83959, 75.5995, -173.465
3.2686, -643.93, -424.755
2.66527, 605.648, 143.146
7.2768, -3.41657, 69.3818
6.95369, 109.29, 496.24
3.29884, 683.485, 249.402
3.15214, 429.329, -574.245
2.515, -450.995, -817.768
6.0491, -948.705, -172.76
3.40448, -519.37, 875.062
5.76029, 773.763, -364.504
4.42907, 363.024, -699.196
3.23766, -4.77125, -225.824
5.45054, 690.016, 174.1
3.24076, 113.233, 910.588
3.2091, -182.336, 966.089
4.94257, -495.381, 129.482
3.13015, 921.727, -67.4538
5.64635, -361.083, -600.035
5.60817, 302.274, -746.069
4.88216, -503.737, 605.668
2.64188, -592.118, -223.561
3.21011, -146.165, 802.952
3.15594, -179.57, 894.37
3.31099, -816.117, 769.825
3.76529, -269.175, -857.195
4.77654, 567.149, -730.37
6.54472, -95.2673, -300.804
3.57624, 303.173, 862.704
3.75063, 817.417, 361.46
5.02978, -57.5737, 721.558
6.27922, 635.077, 199.143
5.66369, 902.74, -74.6762
5.9449, 648.01, -122.155
7.27207, 973.699, 404.979
5.18713, -421.574, 703.459
4.57014, -788.563, 36.1223
4.70019, 752.854, 153.704
6.07821, 738.215, 459.372
6.20858, 412.503, 600.963
5.12494, 771.869, -961.499
6.06711, -869.079, -73.4788
5.91025, 335.205, -22.047
6.82941, 833.062, -600.621
3.19597, 87.5366, 779.389
3.57766, 977.702, -99.5248
5.0733, -368.027, -108.415
4.83766, -120.393, 761.664
3.55759, -269.368, 613.077
5.65244, -690.536, 994.211
2.5044, -996.125, 230.575
4.09589, 454.409, 546.38
5.90281, 364.712, -163.421
6.0446, 672.531, -589.163
2.90869, -810.583, 657.064
3.56926, 259.544, 528.444
4.44412, -837.406, -572.678
4.44927, 895.756, 904.06
3.92018, 384.106, -461.488
4.6123, 567.318, 553.408
2.55658, -603.453, -439.107
3.72027, 963.39, -616.936
4.49072, -726.435, 640.211
6.64177, -646.431, 201.923
3.78584, 975.394, -684.859
3.59705, -797.584, -532.662
6.47385, 391.733, 269.336
5.8476, 505.437, 392.367
5.49108, -887.722, 269.53
5.99917, -362.597, -545.512
5.13062, 525.357, -764.608
4.14833, 177.18, 106.857
3.30844, -714.018, 405.543
6.56633, 720.13, -29.1964
4.08004, 477.972, 113.967
4.05369, 56.7475, -729.629
4.65424, 36.0608, 175.35
4.46509, -255.608, -480.458
4.43916, -48.3634, -107.365
4.34871, -842.702, -441.662
5.88118, 343.493, -492.33
6.10384, 456.615, 27.9109
7.20082, -77.2739, 890.079
5.08573, -79.1816, -356.986
5.5282, -196.004, 322.75
5.85049, -698.492, 973.628
5.11404, 83.0662, -311.836
3.87105, -968.548, 657.163
7.08924, 92.6015, 285.833
3.73367, 939.393, -466.235
4.77876, 387.559, 687.335
3.30374, -955.06, 642.935
4.68319, 415.307, 413.25
7.45767, 502.667, 165.376
6.26931, -440.712, 391.294
4.97846, -990.667, -657.331
7.01651, -671.707, -839.877
4.68213, 493.233, 565.383
5.09239, 169.397, -986.605
4.44866, 88.0704, -865.605
5.63431, -227.766, -568.294
5.19331, 418.128, 318.107
4.35955, 631.936, -439.266
2.54674, -375.731, 369.412
6.3794, 41.792, -791.843
2.85317, -889.091, -558.957
3.98511, 447.169, -679.476
4.78581, -37.9437, -902.792
3.25156, -104.586, 39.6381
5.97819, 667.473, -428.503
4.15587, 368.807, 159.525
5.21197, 973.298, -884.451
2.64678, 713.208, -995.282
5.38086, -20.7529, -243.769
5.18133, 359.601, 477.409
7.36678, -755.344, -928.21
5.57063, -297.43, -622.872
5.26431, -747.724, 214.837
6.69051, -284.607, 907.639
3.75764, -482.618, 946.876
6.98957, 632.039, -148.463
5.97428, 520.149, -509.826
5.82752, -472.807, -96.1741
3.06838, -580.707, -767.285
3.37987, -986.888, 94.0843
2.91253, -136.175, 198.19
6.68103, -249.01, 374.333
2.64818, 945.359, -754.441
6.34719, -9.94163, -841.095
4.29829, -500.146, 867.696
6.24626, 0.347305, 537.708
6.28385, 363.187, 343.445
3.60834, -538.688, -926.608
5.58305, 305.216, 125.549
3.66846, -550.258, -256.431
6.22052, -668.33, 305.652
5.80997, -905.347, -680.99
4.9209, 899.216, -749.51
2.58972, 828.05, 241.567
4.98291, 444.091, 188.419
5.09587, -115.908, -891.735
4.71395, -870.949, 540.578
4.14528, -64.075, 953.527
3.52671, 486.3, -107.996
7.19863, -254.31, -656.479
2.85168, -496.877, 928.443
3.30042, 52.5175, -751.522
6.70788, -791.68, 30.2976
4.13614, -153.384, -264.314
6.85942, 154.258, 427.136
5.99896, 672.903, 516.402
5.52801, 870.259, -221.633
4.77536, 79.0815, -274.631
2.91543, -519.471, -193.094
3.94883, -55.1909, -155.666
6.51009, -567.778, -789.547
6.81821, 339.755, 57.4177
3.81831, 422.844, -512.267
4.79881, -837.655, -234.606
4.95672, 592.87, -532.453
5.82344, -467.683, -992.845
7.31738, -626.419, -150.254
7.23022, 590.419, -732.323
2.81902, 218.607, -657.155
5.04829, -410.87, -307.691
6.13222, 668.614, 652.497
5.65882, 603.607, -340.806
3.26658, -916.847, -909.199
5.09652, -874.027, 536.318
3.52281, -558.574, 857.737
6.03231, 399.483, -821.812
6.05786, -476.13, -11.4429
3.66304, -595.421, -241.926
6.80594, -64.7527, -131.466
2.67122, -110.71, 953.794
6.26587, -936.492, 48.2095
4.14789, 645.188, 181.846
4.65309, 72.7696, -535.48
7.33455, 973.591, -192.975
4.05803, 734.707, 700.159
5.69762, 994.001, -702.846
5.95386, 864.396, -63.5097
5.36403, 82.4833, 630.464
6.60667, 890.7, -681.909
4.21807, -915.437, -687.869
5.09387, -807.344, -779.204
6.78438, 122.883, -954.513
6.18587, 348.584, 34.8049
3.45992, -952.814, 395.597
2.83145, -308.235, 341.727
3.60828, 849.564, -723.324
3.33656, 171.758, -238.976
6.31172, 382.181, -945.465
5.44905, -845.023, 426.871
4.65223, 859.401, 851.263
7.09618, 662.168, 11.9769
5.09668, 447.272, 201.514
7.38058, -677.424, -18.8608
5.15714, -453.412, 148.437
2.98716, 334.111, 396.397
5.83983, 220.951, 97.6726
5.44444, 142.726, -11.9357
5.01137, -701.344, -112.88
2.75808, -935.969, 462.227
2.6753, -355.873, 39.9642
4.41484, -785.599, -510.262
5.55555, 193.699, 103.635
5.06574, 540.493, 876.127
5.98498, 300.631, -26.5983
4.89891, -26.1166, -185.018
3.88323, 68.3911, 421.051
6.01685, -439.689, 210.786
3.67701, 876.228, 60.5035
6.41501, 193.796, -173.479
6.60589, 362.596, 839.895
3.21842, -538.818, 54.5829
5.75757, -496.127, 800.19
3.87677, 871.511, -989.668
7.26215, -440.583, 717.293
4.58238, -753.699, 13.7067
3.03869, -126.957, 404.665
4.70633, -799.943, 532.216
6.28811, -410.516, -307.701
2.77803, -338.504, -322.482
3.51241, -29.1838, 146.099
6.82305, 947.498, -775.061
6.52456, -265.251, -15.5865
2.78861, -680.585, -675.162
4.40304, -63.8712, -701.465
4.56124, -150.84, 767.033
2.80071, -383.041, 302.573
7.09746, 796.062, 631.228
3.35398, 539.756, 802.686
6.51634, -935.143, 148.917
3.88599, 723.284, 44.6674
4.44586, 173.561, 738.862
7.19936, 51.6088, 623.755
6.24573, 159.904, -160.605
3.44774, -324.034, 761.275
6.89581, 437.545, 486.057
6.8953, 419.819, -853.635
3.30515, -818.404, -277.76
5.87346, -806.676, -166.396
6.89096, 626.361, 125.451
6.98262, 268.891, 537.006
3.06535, -26.7505, 756.455
5.93789, -234.361, -245.885
3.21651, -845.338, -757.408
3.6901, 416.702, -44.6987
5.64383, 951.003, -218.041
4.312, 817.495, 360.876
4.64437, 588.548, 718.283
4.91936, -0.874787, -850.655
6.20379, -0.911542, -99.6521
3.23098, -398.568, 865.925
7.36238, -836.629, -778.263
7.3158, -521.804, -185.451
3.14741, -603.418, 666.624
5.3784, -321.366, -607.283
4.66439, 171.198, -120.013
5.50066, -236.645, -262.438
5.85098, -701.813, -139.783
4.5137, 396.197, 990.302
6.46691, 639.222, 697.946
4.89889, -980.068, -251.367
5.72449, 293.613, 277.865
4.28836, -245.434, 598.263
5.96794, -331.229, -220.954
5.83428, -416.957, -709.362
3.22071, -371.892, 709.519
7.10415, -987.324, 206.784
4.22228, 32.8875, -236.025
6.66824, -417.586, -471.444
2.74349, 269.468, -750.614
3.27936, -246.495, -81.5399
2.55765, 331.837, 511.254
3.94327, 121.686, 589.599
5.07295, -357.052, -169.351
3.65948, 683.852, 438.206
2.75022, -248.619, -68.9116
5.33091, -595.198, -851.335
6.69774, -154.664, 664.567
4.28763, -638.497, -416.377
4.3452, 176.311, 868.663
7.22226, 255.757, -73.7966
4.72425, -900.598, -187.327
6.82086, 496.222, 191.059
5.82654, -790.528, -737.659
5.79297, 162.9, 666.522
7.10736, -961.804, 963.699
5.11536, 936.591, -611.808
5.45229, 439.514, -442.348
5.79944, 669.165, 673.097
4.24765, 291.69, 460.527
4.11714, 330.029, 67.457
7.08984, -114.362, 738.511
3.08619, 903.528, -446.559
7.31268, 673.671, -168.882
5.17978, 48.3023, -333.619
5.81447, 858.866, 635.92
5.48362, 884.096, -512.002
6.93363, -506.08, -747.541
6.67999, -673.188, -607.622
6.69339, 246.531, 204.567
6.85642, -216.39, 342.769
2.5002, -769.794, 341.832
4.77274, 257.705, 351.841
4.25696, -936.797, 145.258
5.80713, -258.249, 709.922
6.22234, -875.018, 152.862
3.3821, -115.759, -442.335
7.4621, 794.49, -815.778
5.95466, -933.77, 183.57
6.97862, 139.276, -23.8499
3.51579, 376.507, -131.123
7.2356, -455.479, -36.5364
4.88476, 904.039, -509.96
6.78578, 922.597, -746.018
6.41237, -984.811, -563.9
5.70687, 918.685, -900.283
3.14521, -725.517, 147.066
5.77944, 3.8126, 649.377
3.09199, 52.9566, 9.96593
3.88793, 337.355, 805.709
6.65548, -217.869, -226.724
6.14153, -752.886, -513.878
6.74348, -597.639, 296.084
3.43989, -787.764, -952.907
6.09602, 559.077, -278.274
4.25586, 161.561, 332.689
3.34555, -415.833, -686.148
4.52383, 341.783, -551.804
4.20924, 158.812, 772.584
6.67141, 397.988, -125.522
3.9111, 698.101, 584.002
5.16766, -670.441, -475.746
6.25085, 996.693, -853.432
4.62554, -673.95, -758.627
4.66964, -572.163, 546.591
3.03022, 858.457, -933.517
6.4639, -36.4392, -467.158
3.91232, -572.434, -484.635
7.14264, -582.945, -238.19
5.37926, 234.973, 526.093
3.4895, 816.065, -287.742
5.99081, 579.954, -767.412
3.07265, 495.807, -962.659
4.22945, 308.672, 789.415
4.15646, -572.861, -236.062
6.42735, 828.656, -963.91
6.65775, 459.876, -213.031
4.21712, -740.577, 755.463
4.2603, -275.338, 884.927
6.38197, 144.439, -837.177
6.58658, -13.2487, 688.319
4.26157, -129.013, 282.367
7.09559, -435.687, -301.532
3.2877, 489.598, 252.569
5.56029, -494.018, 557.412
5.54222, -371.792, 709.274
3.16647, -252.512, -747.635
3.51409, -747.456, -476.592
4.79457, -857.828, 501.072
3.48759, -529.878, 926.667
6.77118, -838.015, 369.265
6.54562, -759.635, -694.42
2.80131, -908.482, 887.885
6.50584, -717.76, 658.517
5.49597, -196.192, -544.62
7.43182, -892.187, 309.781
2.65919, -169.554, 629.31
6.8356, 945.361, -784.297
3.69109, 668.684, 343.324
3.6127, 178.66, 433.355
4.73907, -994.664, -539.953
2.61231, 862.363, -173.789
6.79755, -248.552, 25.7229
4.15902, 217.331, 588.633
5.72195, 307.416, 248.536
7.43521, -947.423, -482.002
5.30162, 284.634, -584.333
4.74553, -758.488, -246.159
5.213, 172.398, -717.653
2.90797, 773.165, -32.8
3.99606, -799.954, -274.079
6.63964, 825.268, 682.378
6.48936, 626.332, 939.843
5.71048, -102.695, 679.633
4.84105, 631.334, 387.53
7.15326, -197.164, -612.156
5.08798, -245.512, -67.1583
7.42924, 798.411, -543.56
5.94567, -82.5738, -725.396
6.19966, -181.318, -442.995
3.46323, -392.225, -936.846
6.08881, -450.571, 626.013
6.11146, 570.111, -182.373
6.49298, 266.012, 154.047
4.23216, 255.527, -998.827
5.1481, -15.638, -57.0262
3.19001, 715.858, -362.471
6.73218, -225.933, -202.832
6.32766, -85.8098, -887.086
7.5, 923.715, -415.626
4.24891, 483.192, 997.102
5.50367, -601.744, 592.682
3.50808, -496.508, 85.3454
6.2385, 27.7509, 151.533
6.49225, 978.565, 216.089
3.03505, -706.503, 109.49
5.35813, -507.341, 47.5047
2.84683, 357.745, -331.905
4.16036, 751.553, 689.299
5.80945, 487.838, -708.943
5.27726, 175.576, -198.632
7.12415, 228.987, -11.7551
2.69832, -486.901, 227.554
2.62083, -312.683, 241.123
4.61923, 217.527, -657.191
4.36987, 460.758, 136.674
2.93303, -244.444, -266.818
3.05403, -158.424, 171.923
5.31992, 369.884, -349.183
7.37269, 63.1805, 743.39
3.05066, -48.8925, -880.198
5.99352, 99.0341, 983.625
2.79674, -50.1049, -744.877
4.69755, 835.832, -109.427
5.24651, 993.838, 716.793
3.45129, 692.353, -751.151
7.36597, 312.888, 328.35
3.19593, -679.795, -81.7475
5.48978, 944.74, -433.185
7.12812, -873.919, 704.347
3.91116, -68.8351, 896.703
6.8307, -138.866, -80.0561
6.29598, -229.862, -602.256
6.10793, 347.533, 627.064
3.34241, -374.364, 368.458
3.32882, 840.717, 375.646
3.39076, -647.388, -991.74
5.87226, 336.294, -603.492
4.83484, -353.972, 36.8932
6.85219, -812.307, -358.303
5.76023, -699.987, -114.09
5.80464, 764.189, 883.268
2.58037, -659.821, -593.435
4.30596, -780.607, -667.187
3.72747, 927.009, 121.586
6.93086, -939.32, -951.754
5.23701, 826.044, 772.952
6.57209, -26.0296, -653.986
5.24453, 168.078, 872.039
4.16156, 506.583, -56.3125
4.40213, 25.55, -654.996
2.52389, 933.525, 655.937
6.95226, -90.7888, -397.249
6.16955, -498.837, 686.789
6.04239, -153.853, 676.475
5.1278, 53.1681, -187.987
6.41065, -192.31, -816.468
3.42484, -384.639, -470.434
5.72673, 242.966, 511.941
3.42178, -691.004, -344.783
3.31214, 65.0222, -83.4382
2.65594, -181.898, 851.259
7.42716, 130.189, -665.485
4.04559, -332.597, -718.934
4.11075, -670.29, -295.444
5.51155, 286.728, -235.423
2.89107, -329.719, -924.163
3.93936, -17.9722, 88.1267
5.79307, -124.394, -491.674
7.36348, -995.793, -348.902
7.27758, -363.227, -797.754
7.42745, -670.977, -297.034
7.30478, -915.622, -766.228
3.0073, -559.069, 569.986
3.71505, -121.371, -494.772
6.91151, 98.6041, -434.447
5.28805, 340.838, 702.67
6.7669, 803.706, 515.752
7.49145, -532.783, 520.383
3.99751, -253.27, -479.271
6.33157, 982.439, 490.266
4.81901, 283.593, -142.982
6.8168, -636.24, -794.559
6.99018, 861.601, 6.2534
7.377, 258.187, -417.391
2.77405, 661.401, 82.9696
6.32605, 949.939, -619.968
5.09219, -934.885, 739.652
3.46574, 937.194, -247.24
6.98252, 194.365, -542.954
6.38492, -830.798, 98.7399
2.75968, 416.567, 541.948
7.47331, -856.072, 766.702
5.93659, -1.08512, -459.903
5.94854, 888.985, 496.843
6.57666, -657.465, 822.643
7.05426, -36.3586, -434.921
3.34218, -201.384, 405.809
5.24183, -579.953, 804.744
6.53351, -475.73, -253.886
4.17803, 318.601, -529.341
5.53435, -96.039, 43.1713
6.59602, -955.463, 334.169
7.3485, 88.1875, -248.157
6.29349, 586.092, 492.693
3.72113, -185.541, -93.3736
5.80589, -572.315, 404.285
4.21574, -447.466, -186.11
7.27146, 376.588, -396.868
2.60828, 804.347, 556.201
4.54979, -892.335, 948.022
2.55789, 587.278, -670.266
3.04964, 842.619, 203.062
5.28259, -852.81, 90.4908
4.45466, -35.4449, -233.838
7.20539, 118.129, -182.666
2.55572, 179.28, 397.403
6.22897, -224.725, -434.793
3.84293, 109.049, 130.515
4.27153, -680.473, -761.816
3.45835, -467.55, 616.736
5.14832, 296.179, -170.778
4.39478, -59.6266, -854.576
3.16407, -13.2797, -802.43
4.26563, -123.949, -566.906
4.2497, 784.177, 987.093
7.41084, 610.164, -119.722
5.25961, 152.4, -394.409
4.99918, 13.2114, -713.687
3.58531, -834.759, 458.702
4.37311, -230.26, -653.415
6.78251, -663.243, -476.007
6.45578, 787.44, -509.522
3.9204, -493.578, 928.928
5.07645, 437.688, 99.9256
6.79238, -295.552, -26.4989
7.07844, -955.018, -174.662
7.48941, 137.065, 918.345
6.53177, 170.596, -194.361
5.22718, -911.07, -183.69
7.3461, 149.508, -739.109
5.31931, -585.482, 362.66
4.03031, -414.705, 661.024
5.41853, 968.991, 955.19
2.91197, 51.0398, -333.602
5.47382, 359.999, 622.228
3.31968, -599.045, -591.693
6.46527, -609.255, -436.837
2.95373, 578.571, 742.845
6.3072, -505.798, -679.924
6.83996, -217.417, 33.6774
6.40105, 192.981, -334.563
6.61399, 908.676, 972.546
6.70974, 372.774, 553.862
4.48328, 535.384, 256.071
6.508, -162.06, 167.795
6.56811, 381.308, -44.3801
5.43493, -410.265, 101.67
4.64621, 796.938, -51.0382
2.5002, -70.8357, -479.9
5.31153, -816.049, 316.284
6.22632, 335.485, 357.289
3.89846, 964.108, 303.02
2.93406, -988.887, 565.409
3.5733, 853.517, -881.374
3.93296, -492.907, 558.514
4.86595, -407.863, 476.041
6.95893, 845.895, 819.929
5.91955, 505.615, -499.154
3.54376, -51.7094, -64.3853
6.67533, 795.19, 12.5694
7.09218, 944.637, 917.442
4.48244, -474.403, -702.219
6.37858, 541.434, 541.41
5.68161, -162.314, -90.9056
6.64746, 483.858, 293.555
3.40204, 559.922, -456.51
7.45927, 576.842, -761.688
6.70558, -150.354, -845.295
4.65177, 889.279, 266.797
4.38589, 597.008, 891.375
2.70802, 656.873, -506.224
6.80715, -810.718, -541.919
6.62116, 909.982, -911.314
6.25052, 22.0906, 736.854
3.55801, -165.115, 995.731
4.31029, -782.091, -192.492
4.43545, -591.929, -805.372
7.32918, 800.535, 644.905
6.5872, -167.044, 633.076
4.5755, -82.7787, 449.756
5.83759, 206.473, 184.98
2.52101, 477.945, 975.03
6.98048, -743.189, 256.415
3.68416, -343.375, 355.541
3.79415, 360.864, -96.7928
5.4939, 410.117, -712.145
6.89823, -850.57, 381.053
6.16299, -566.247, -593.51
6.0773, 915.609, 571.083
3.57724, -609.209, 480.984
6.30413, 678.406, -958.779
3.85351, -159.87, -562.078
2.75246, 670.582, 350.968
4.78866, 267.806, 245.637
2.58759, 450.073, -780.425
3.01129, 73.988, -168.708
2.639, -129.612, 285.828
5.65921, -340.391, -515.223
6.34425, 83.1678, -245.439
2.74132, 525.488, -841.684
6.6924, -58.9467, -630.762
6.76899, -263.231, -322.33
6.57649, -443.458, 573.615
6.85188, 795.574, 406.372
5.27222, -635.442, -173.707
6.12646, -297.469, 61.2044
3.20424, -528.789, 942.157
6.6115, 602.497, -526.266
5.51185, 735.21, -197.795
4.93856, 509.889, -922.136
6.14942, -289.195, 956.051
4.05164, 757.709, -669.716
3.93925, -699.288, 354.843
5.45857, -954.949, 812.653
5.34055, 657.988, 888.221
5.41059, -931.868, -578.864
2.84132, -689.754, 283.262
4.34304, 151.229, -383.304
6.28475, -935.742, -577.803
6.35297, -447.09, -875.47
4.27217, -394.2, -251.814
5.98913, 244.116, 933.943
5.08005, -688.836, -305.871
5.94494, 392.42, 131.214
6.18066, -82.2678, 615.453
2.56231, -344.095, -676.034
7.16549, 604.69, -121.885
5.37826, 133.976, 126.829
3.05587, 457.598, 975.292
4.87388, -110.485, 22.7153
3.24247, 171.363, 91.3114
4.22594, 50.9342, 450.817
7.04476, -933.702, 178.708
4.54571, 15.7702, 515.529
5.96642, -676.252, -74.0913
3.35865, 384.755, -931.607
6.21715, 893.785, -500.309
4.16319, -422.964, 640.56
4.62157, 669.384, 311.22
2.79523, -137.172, -116.61
5.09005, 284.035, -238.744
5.94425, 475.336, -581.995
5.01149, -263.567, 25.3184
6.56617, -168.909, -752.22
3.07974, 81.3107, -941.086
5.24841, 264.903, 465.702
5.06046, 413.028, 21.4905
6.02649, 951.932, 441.823
5.65083, -236.035, 891.988
4.0207, -23.0413, -632.107
6.74719, 400.357, 373.172
3.39619, 601.409, -19.7633
2.61737, -531.582, -100.326
4.19467, 742.611, 54.9779
3.43818, 349.658, -83.2624
6.60467, -285.882, 192.449
6.72507, -896.066, -154.61
6.78031, 844.17, -719.555
7.37454, -955.379, 636.924
2.99587, 471.379, -448.708
2.56182, 564.388, 657.745
2.58614, 213.511, 591.934
2.64527, 253.234, 94.5942
4.1031, 151.727, -380.356
6.17815, 628.31, 303.054
3.14876, 370.956, 474.408
2.5161, -367.758, 508.141
6.91905, 138.891, -791.541
3.70482, 232.012, -575.88
4.38481, -822.311, 757.288
4.44879, 608.316, 186.985
2.81534, 595.728, 295.549
7.30792, 183.757, 960.867
3.75349, 727.313, -337.661
6.85376, -681.691, -55.6806
2.85991, -920.017, 428.883
2.70653, -627.225, 579.578
3.46378, 364.598, -524.099
3.86708, -311.01, 302.839
7.4007, -954.162, -365.871
3.60607, 324.58, -542.296
6.43119, -876.308, 857.406
4.42306, 302.079, -422.796
3.78593, 480.973, -637.499
3.91087, -950.35, 66.6975
7.33834, 869.326, -33.0016
4.22841, 770.24, 173.673
3.45922, -986.124, 738.352
5.05037, -547.657, -383.083
5.21857, -558.838, 635.514
5.72333, -634.852, -616.04
3.89738, -10.1467, 787.455
3.41887, -296.494, -721.309
2.71579, -837.119, 384.165
3.98408, -508.194, -272.948
4.25548, -231.659, 141.186
7.09372, -421.364, 731.796
5.81225, 498.053, -359.956
5.08041, 867.557, 587.248
4.03763, 617.617, 589.53
3.0007, -353.84, 155.785
3.47502, 380.471, -881.435
4.11407, 31.6756, -132.933
5.56182, 966.933, 86.5097
5.13511, 962.186, -985.581
3.45653, 255.4, 286.058
4.7178, -654.493, -429.49
4.48693, -711.175, 856.875
6.28051, -607.88, 744.867
6.6213, 737.393, 602.641
5.51573, 141.903, -343.889
3.04573, 611.095, -830.889
4.11797, 487.934, -165.468
5.03403, 7.81875, 319.198
4.76521, -648.352, 797.507
4.77315, -181.889, -463.175
4.91125, 917.807, 909.18
5.07896, 369.917, -651.519
4.50207, 194.387, 814.227
4.22945, 961.388, 485.873
6.64533, 926.48, -239.501
3.02204, -734.023, -800.266
6.40057, 587.91, 570.353
3.19919, -297.819, -239.701
2.62171, -804.713, -514.084
6.0664, 407.521, -757.215
7.15538, 157.989, -822.323
7.47667, 179.958, 175.131
3.86264, -878.886, 152.843
3.6923, -484.511, -249.986
3.87328, 965.052, 620.655
5.70836, -910.197, -731.558
5.17637, 311.134, 157.095
6.8967, 838.367, -297.582
6.75968, -658.492, -843.526
2.98004, 912.049, -33.8914
4.66818, -752.898, 196.486
3.17045, -206.384, -758.667
5.86802, -158.006, 320.758
5.34964, -53.2605, -483.049
3.66474, -625.248, 561.585
5.50306, 267.1, -690.802
2.6551, -805.064, -28.6533
7.08512, 569.623, -313.076
3.82958, 864.638, -178.309
6.50016, -185.535, -509.205
5.46389, 171.262, -722.946
5.0822, 361.351, 616.909
5.2567, 318.317, 645.808
3.47225, 508.767, -233.226
5.36152, 119.948, -744.125
3.81992, 214.73, 403.305
4.41648, -765.143, 540.067
2.73626, -753.922, -897.619
4.22823, 590.313, -672.112
3.61594, 682.311, -438.915
3.81264, 16.5053, -739.172
3.05141, -430.697, -401.773
7.40088, -706.434, 21.0064
5.93794, 808.593, 644.504
5.82158, -548.352, -376.533
5.99501, -602.378, -673.676
2.68746, -840.158, -779.5
3.6706, -628.631, -745.696
3.95397, 716.048, 694.26
3.50543, -41.6714, -261.825
2.7177, 378.264, 331.149
2.56571, -541.832, 526.032
6.07297, -528.431, 765.67
6.88348, -868.478, -632.618
5.35088, -890.398, 278.261
6.92743, 866.402, 872.931
5.20042, -356.27, -280.454
3.31357, 930.439, -648.494
3.30492, 970.461, 440.004
7.19182, 320.616, 287.833
3.45628, 555.077, -854.102
3.15761, -6.39398, -112.808
4.41122, -317.355, -4.70171
6.12674, 257.55, -266.724
2.50651, 541.819, 876.548
4.60222, 13.5983, 732.985
5.18984, 309.699, -213.965
4.86596, -239.064, 247.69
6.33003, 544.381, 870.637
2.9396, 555.116, -471.715
7.04284, 132.718, 324.307
3.20818, -879.68, -394.872
2.54782, 438.309, -52.3947
2.82267, 243.459, 510.767
4.96742, 382.103, 222.608
5.40914, 534.606, 990.167
4.03373, -949.934, 545.085
4.57091, 920.647, -70.6263
4.33401, -573.894, -689.997
3.42687, 186.935, 669.813
2.76788, 636.134, 159.892
4.47222, 542.322, -65.5935
3.98388, -348.214, -131.849
5.05388, -396.519, 821.389
3.75392, -698.984, 230.656
5.01589, 966.995, 884.491
2.51168, -18.3192, 800.72
7.01807, 998.854, -448.446
2.79181, -905.767, -949.466
5.17506, -690.295, 804.643
3.95754, -386.71, 877.361
7.3023, -815.715, -268.307
4.73406, 319.262, -109.302
5.08479, 896.246, 167.475
5.93861, -256.23, 10.6786
2.72187, -160.68, 76.6902
7.2946, -798.835, 607.343
5.70852, 365.221, 157.166
2.80215, 631.727, -782.102
3.33964, 47.8137, 268.369
5.76491, 487.643, -250.603
6.19864, -769.116, 336.956
3.57011, 862.157, 199.355
4.31441, 157.948, -876.693
6.56981, -648.299, 935.702
5.32057, 807.856, -470.678
7.45886, -43.0914, -898.783
6.5669, -763.763, 398.492
3.49157, -995.305, -23.1869
2.50003, -164.339, -857.252
4.62608, 949.046, -778.886
4.07406, 832.62, 193.204
5.56218, 607.141, -934.817
3.83351, -199.209, -544.641
4.39881, -595.268, -60.7953
5.43397, 970.605, 292.69
5.95636, -141.654, -517.167
7.26736, -460.163, -572.467
4.89785, -292.779, -956
3.60319, 375.108, -732.13
5.33741, -725.836, -446.234
6.09873, 434.827, 364.743
4.4953, -483.06, 567.721
3.48326, -693.155, 997.413
6.66971, -682.503, -762.949
5.59561, -449.095, -869.861
7.26866, -295.7, 171.186
3.23222, -14.4159, -281.793
5.38953, 41.4008, -460.583
7.26796, -391.834, 724.982
3.62331, 720.235, -976.487
7.25137, -488.235, 812.854
3.07874, 802.179, -518.823
2.58372, 29.4405, -264.045
3.90465, -346.713, -173.767
7.15042, 650.96, 166.667
3.04796, 745.336, 871.858
6.77266, 31.1811, 832.069
5.68532, -727.203, -732.896
5.63853, 407.437, -707.955
3.80589, 731.717, 740.952
5.13936, -951.145, 221.244
7.16608, -266.496, 916.311
3.98055, 924.19, 100.364
4.78006, 155.389, 458.406
6.35659, -656.908, -624.321
4.17193, 97.8117, 114.777
6.31775, -39.4968, -946.861
6.65892, -29.9896, 943.808
2.64618, -725.293, 568.625
4.31315, 715.961, -267.921
4.16221, 287.546, 460.794
3.17675, -520.017, -306.829
3.00839, -307.098, 623.901
5.11327, -610.468, 816.521
3.52046, 30.662, -535.305
5.00728, -874.391, -630.635
5.1371, 4.24309, 962.134
4.13422, -270.2, -293.126
4.75888, 225.952, -446.212
6.85263, -7.52545, 988.317
4.72884, 646.729, 865.603
6.03726, -459.178, -921.52
6.83171, 916.706, -699.45
6.5822, 872.216, 222.387
2.67504, 897.535, 837.36
3.8644, -655.097, -235.996
5.21858, -423.116, -430.974
3.19942, -995.312, -546.065
5.57408, -781.033, -936.432
3.29182, -696.254, -606.003
4.41129, 98.7621, 221.362
5.94997, -94.2631, 189.706
3.21128, -388.493, 460.191
5.65284, -785.272, 795.697
3.15973, 200.375, 936.696
7.13583, -739.87, 251.285
5.53465, -940.006, 785.174
5.50388, -922.24, 369.723
3.33635, 610.609, -532.03
3.301, -863.39, -401.652
5.91628, 625.168, -30.2446
5.1456, -716.525, -14.3508
3.65264, -131.029, 813.698
6.55373, -502.427, -58.4767
5.76477, -420.821, -561.415
4.08597, -549.687, -583.122
2.53953, -262.977, -816.871
3.49176, 724.769, 748.158
3.78831, -9.07196, 382.327
3.03825, 893.401, 38.7925
3.49545, 133.324, -436.732
6.75079, 803.754, -772.412
6.63912, -985.8, 219.104
6.76813, -960.582, -551.094
5.71027, 285.063, 780.341
3.6787, 730.728, -991.171
6.80638, -502.618, -811.047
5.4745, 37.1273, -101.72
2.52745, 507.88, -29.0018
6.84925, -666.097, -469.868
7.37729, 651.086, 106.947
5.59653, 379.981, 13.185
3.85574, -946.028, 379.434
7.46973, -158.528, -636.203
4.60751, -724.283, -530.937
4.20537, -795.3, -615.805
4.80717, 361.363, -138.255
4.44822, 264.883, -378.761
4.613, -51.0491, 515.638
2.84879, 132.235, 286.842
5.5153, -62.654, -129.848
7.36114, -49.6935, 231.521
5.07406, -696.751, -536.746
7.45461, 957.005, -137.806
5.84906, 626.163, -150.252
4.01716, -605.977, 70.9599
3.47371, 876.252, 565.147
4.0109, -709.28, -938.769
4.93946, -334.628, 461.655
4.72438, 529.851, 977.352
5.7844, 319.363, -943.062
3.74227, -780.815, -667.835
4.72007, 55.0307, 556.26
5.75894, -691.77, 55.0382
6.67472, -713.417, 188.239
6.03698, 203.203, 823.765
4.93928, -872.375, -601.399
6.72039, 400.187, -239.782
7.00296, -496.836, -182.431
6.33082, -650.523, -527.472
5.29453, 628.384, 848.058
2.70603, -25.752, 96.0583
5.46749, 564.692, 65.2593
2.68674, -682.615, 829.944
4.53488, 21.9481, 437.057
2.84243, -977.439, -882.628
7.38558, -779.324, -882.59
2.5956, -518.06, -232.956
6.60363, -161.958, -275.655
5.2195, -372.013, 880.015
5.72828, 792.748, -332.472
3.62934, -260.757, 59.6388
2.733, 827.445, -694.038
3.63154, 215.362, -556.519
4.58371, -633.562, 135.411
6.40126, 266.319, -632.523
3.72852, -922.532, 391.298
4.81411, 661.508, 83.147
6.14756, 929.314, 291.566
5.35237, -330.287, 816.686
5.45997, 927.713, 928.459
4.98425, -945.555, 281.343
3.951, 496.855, 108.13
4.71107, -2.66389, -225.347
2.53669, 855.43, -395.738
7.41683, 503.324, -362.066
2.52822, -811.271, -143.729
4.8676, -95.7742, 736.086
5.86497, -310.102, -121.836
