6.27803, -735.559, -990.449
3.5948, 59.2678, -94.5444
5.89648, 361.352, -901.736
5.09708, -239.641, 883.549
2.76731, -935.479, 653.828
2.53849, 338.847, 56.5534
4.58743, -853.134, -231.985
7.15218, 178.843, 377.463
2.95982, 49.9947, 691.876
6.00595, -159.727, 319.006
3.81226, 530.052, 815.054
4.14117, 471.461, -899.654
7.45519, 509.023, 258.817
7.41275, -501.084, -263.424
5.75759, 502.77, 442.435
6.92354, 262.013, -848.792
6.33247, -120.114, -450.338
3.87453, -509.623, -53.0068
4.93259, -674.207, -294.183
2.80282, 821.982, 784.716
5.08146, 6.6253, 801.281
4.96988, 965.686, -363.484
7.23882, -812.852, -469.209
4.42071, -11.6257, -837.321
5.14874, 822.165, -450.311
2.75042, 868.192, -58.0265
6.63909, 543.763, 540.801
5.94228, -957.358, -744.554
6.18112, 258.831, 734.325
6.94286, 982.605, 449.759
4.25508, -377.958, -535.801
6.72991, 182.61, 25.7874
3.84659, 661.541, -161.557
4.83959, 70.0004, -175.61
3.2686, -651.173, -436.564
2.66527, 615.656, 141.213
7.2768, -9.34042, 77.0755
6.95369, 110.567, 492.575
3.29884, 677.207, 246.202
3.15214, 428.417, -571.601
2.515, -452.822, -815.128
6.0491, -944.802, -176.202
3.40448, -505.521, 864.583
5.76029, 771.524, -359.903
4.42907, 366.935, -698.023
3.23766, -11.4269, -232.627
5.45054, 677.389, 171.243
3.24076, 126.675, 909.062
3.2091, -180.885, 960.671
4.94257, -491.478, 126.151
3.13015, 892.767, -71.3015
5.64635, -356.682, -595.285
5.60817, 299.642, -740.729
4.88216, -497.556, 600.131
2.64188, -566.187, -252.037
3.21011, -133.352, 803.562
3.15594, -181.724, 887.967
3.31099, -825.352, 754.44
3.76529, -267.596, -849.992
4.77654, 582.445, -741.111
6.54472, -93.9165, -299.251
3.57624, 301.926, 855.824
3.75063, 816.6, 365.944
5.02978, -58.54, 719.796
6.27922, 636.685, 176.78
5.66369, 908.661, -67.289
5.9449, 627.237, -135.543
7.27207, 967.322, 411.744
5.18713, -424.681, 722.771
4.57014, -781.789, 34.8986
4.70019, 750.577, 157.141
6.07821, 734.893, 458.072
6.20858, 406.459, 595.902
5.12494, 769.759, -958.13
6.06711, -863.433, -74.7937
5.91025, 333.309, -21.4051
6.82941, 830.912, -597.77
3.19597, 83.5589, 772.506
3.57766, 966.844, -102.004
5.0733, -362.369, -113.627
4.83766, -115.421, 743.657
3.55759, -265.554, 610.512
5.65244, -693.367, 978.161
2.5044, -971.452, 199.711
4.09589, 451.619, 542.914
5.90281, 362.814, -149.153
6.0446, 669.266, -585.856
2.90869, -807.18, 653.318
3.56926, 261.736, 527.51
4.44412, -832.47, -570.463
4.44927, 904.305, 902.795
3.92018, 381.649, -460.674
4.6123, 562.926, 549.292
2.55658, -612.357, -436.651
3.72027, 934.869, -615.924
4.49072, -716.139, 654.864
6.64177, -648.525, 200.915
3.78584, 971.389, -689.457
3.59705, -805.099, -538.244
6.47385, 388.699, 268.296
5.8476, 500.735, 391.134
5.49108, -888.659, 285.437
5.99917, -365.077, -539.996
5.13062, 527.974, -759.056
4.14833, 188.361, 105.378
3.30844, -715.225, 400.881
6.56633, 716.717, -27.5698
4.08004, 482.586, 114.921
4.05369, 52.3555, -734.596
4.65424, 33.8659, 163.277
4.46509, -250.253, -479.297
4.43916, -52.353, -124.336
4.34871, -834.421, -444.563
5.88118, 342.753, -494.546
6.10384, 450.198, 28.3134
7.20082, -69.1609, 891.914
5.08573, -79.7007, -358.214
5.5282, -192.409, 323.289
5.85049, -689.37, 988.377
5.11404, 79.1719, -306.423
3.87105, -944.953, 635.143
7.08924, 96.1726, 284.563
3.73367, 930.928, -459.981
4.77876, 382.284, 680.733
3.30374, -954.911, 645.189
4.68319, 411.621, 406.116
7.45767, 493.722, 174.386
6.26931, -437.911, 390.619
4.97846, -981.886, -654.014
7.01651, -654.001, -834.857
4.68213, 491.966, 559.025
5.09239, 167.503, -979.059
4.44866, 88.3428, -858.203
5.63431, -220.319, -567.955
5.19331, 412.646, 318.26
4.35955, 632.942, -437.676
2.54674, -373.037, 367.859
6.3794, 40.4254, -785.894
2.85317, -885.558, -562.364
3.98511, 443.29, -679.795
4.78581, -41.7382, -887.198
3.25156, -99.5772, 36.7573
5.97819, 672.329, -434.124
4.15587, 362.329, 152.226
5.21197, 968.474, -877.995
2.64678, 726.73, -971.471
5.38086, -23.4171, -232.942
5.18133, 366.749, 472.674
7.36678, -760.701, -922.581
5.57063, -298.766, -616.429
5.26431, -743.822, 204.728
6.69051, -264.836, 903.89
3.75764, -496.245, 924.027
6.98957, 625.399, -134.892
5.97428, 505.009, -497.136
5.82752, -473.379, -94.7471
3.06838, -578.121, -774.433
3.37987, -976.836, 95.5294
2.91253, -136.324, 192.405
6.68103, -245.044, 369.1
2.64818, 938.413, -778.294
6.34719, -1.97862, -849.371
4.29829, -509.208, 866.052
6.24626, 5.72859, 531.186
6.28385, 364.812, 338.051
3.60834, -536.897, -919.652
5.58305, 304.947, 129.92
3.66846, -549.355, -249.89
6.22052, -670.469, 301.572
5.80997, -907.923, -685.336
4.9209, 913.772, -744.819
2.58972, 828.318, 235.664
4.98291, 447.471, 200.368
5.09587, -106.558, -882.536
4.71395, -868.748, 530.854
4.14528, -58.9707, 944.72
3.52671, 483.695, -106.47
7.19863, -244.257, -647.657
2.85168, -489.048, 931.939
3.30042, 51.1211, -740.766
6.70788, -784.86, 29.1425
4.13614, -165.507, -277.642
6.85942, 164.392, 428.469
5.99896, 669.792, 515.458
5.52801, 867.91, -218.912
4.77536, 80.6478, -256.666
2.91543, -509.541, -186.279
3.94883, -56.2614, -136.628
6.51009, -574.807, -783.513
6.81821, 335.875, 54.0729
3.81831, 419.82, -509.792
4.79881, -834.568, -237.008
4.95672, 612.353, -525.378
5.82344, -466.848, -985.461
7.31738, -628.103, -160.539
7.23022, 571.357, -740.556
2.81902, 213.733, -655.242
5.04829, -425.078, -299.071
6.13222, 667.346, 667.588
5.65882, 597.599, -337.259
3.26658, -913.604, -908.12
5.09652, -865.669, 535.759
3.52281, -554.348, 851.734
6.03231, 400.657, -819.992
6.05786, -472.375, -19.8116
3.66304, -565.927, -231.311
6.80594, -51.747, -127.26
2.67122, -108.007, 946.523
6.26587, -935.993, 58.0972
4.14789, 638.971, 160.206
4.65309, 69.6615, -531.628
7.33455, 962.214, -194.676
4.05803, 729.629, 690.29
5.69762, 980.445, -698.185
5.95386, 874.455, -60.7373
5.36403, 75.3509, 626.674
6.60667, 893.548, -686.24
4.21807, -895.618, -675.555
5.09387, -814.057, -770.686
6.78438, 121.957, -947.332
6.18587, 342.044, 51.7064
3.45992, -926.115, 377.157
2.83145, -308.002, 338.954
3.60828, 850.016, -719.443
3.33656, 168.847, -230.286
6.31172, 380.326, -925.549
5.44905, -841.572, 421.239
4.65223, 861.989, 859.164
7.09618, 658.492, 12.3149
5.09668, 443.681, 184.688
7.38058, -680.283, -23.827
5.15714, -452.538, 145.405
2.98716, 334.37, 388.611
5.83983, 214.837, 99.7052
5.44444, 139.541, -27.29
5.01137, -692.951, -124.053
2.75808, -928.366, 456.885
2.6753, -348.881, 35.127
4.41484, -789.013, -519.398
5.55555, 180.111, 99.0439
5.06574, 542.821, 869.284
5.98498, 304.954, -26.073
4.89891, -23.9257, -186.217
3.88323, 68.1023, 422.822
6.01685, -438.607, 207.708
3.67701, 873.431, 55.0366
6.41501, 178.242, -180.615
6.60589, 358.447, 833.432
3.21842, -531.58, 51.9535
5.75757, -486.3, 811.11
3.87677, 867.636, -982.188
7.26215, -415.535, 714.968
4.58238, -749.53, 14.4632
3.03869, -126.347, 401.707
4.70633, -796.378, 530.869
6.28811, -422.666, -301.054
2.77803, -338.754, -317.136
3.51241, -26.5394, 143.326
6.82305, 939.33, -765.951
6.52456, -265.81, -6.94282
2.78861, -677.892, -670.563
4.40304, -65.0484, -701.785
4.56124, -140.974, 762.637
2.80071, -379.807, 302.435
7.09746, 808.719, 650.925
3.35398, 535.321, 806.771
6.51634, -929.031, 163.055
3.88599, 727.109, 48.7005
4.44586, 171.805, 737.656
7.19936, 55.1151, 623.469
6.24573, 163.045, -169.557
3.44774, -326.231, 758.209
6.89581, 434.438, 484.015
6.8953, 415.402, -846.776
3.30515, -804.007, -272.944
5.87346, -801.974, -165.286
6.89096, 629.004, 127.853
6.98262, 245.772, 518.315
3.06535, -23.3567, 752.599
5.93789, -238.196, -257.24
3.21651, -826.007, -774.925
3.6901, 411.996, -44.596
5.64383, 942.346, -218.428
4.312, 817.039, 362.949
4.64437, 588.215, 717.173
4.91936, -13.2584, -836.765
6.20379, -4.29966, -111.303
3.23098, -377.431, 871.641
7.36238, -832.686, -766.022
7.3158, -505.928, -189.511
3.14741, -598.932, 663.168
5.3784, -316.521, -606.46
4.66439, 169.582, -126.081
5.50066, -229.866, -249.2
5.85098, -694.148, -118.819
4.5137, 396.871, 985.031
6.46691, 641.126, 691.277
4.89889, -972.436, -249.93
5.72449, 301.636, 275.461
4.28836, -247.565, 600.492
5.96794, -329.538, -220.499
5.83428, -416.824, -697.907
3.22071, -389.532, 714.456
7.10415, -977.273, 221.615
4.22228, 30.969, -235.927
6.66824, -412.949, -468.39
2.74349, 272.185, -744.182
3.27936, -249.869, -60.055
2.55765, 330.64, 506.374
3.94327, 120.144, 587.866
5.07295, -344.312, -173.044
3.65948, 681.371, 437.12
2.75022, -248.411, -78.6049
5.33091, -596.236, -840.994
6.69774, -150.84, 672.845
4.28763, -645.329, -435.695
4.3452, 164.7, 868.85
7.22226, 256.802, -72.8713
4.72425, -909.373, -177.111
6.82086, 492.677, 178.898
5.82654, -787.402, -734.575
5.79297, 167.969, 664.271
7.10736, -957.944, 959.818
5.11536, 956.289, -621.818
5.45229, 438.882, -441.743
5.79944, 667.466, 655.351
4.24765, 273.199, 464.245
4.11714, 345.881, 38.8511
7.08984, -102.736, 736.923
3.08619, 904.494, -445.062
7.31268, 669.077, -167.091
5.17978, 55.1716, -327.172
5.81447, 848.971, 632.889
5.48362, 903.83, -501.096
6.93363, -506.365, -743.368
6.67999, -656.673, -608.388
6.69339, 247.059, 201.898
6.85642, -210.461, 336.832
2.5002, -768.793, 333.13
4.77274, 259.877, 348.728
4.25696, -928.006, 164.206
5.80713, -257.424, 707.343
6.22234, -880.297, 153.048
3.3821, -129.107, -461.904
7.4621, 794.57, -809.082
5.95466, -929.521, 165.599
6.97862, 144.478, -11.6086
3.51579, 365.021, -139.018
7.2356, -459.956, -35.7636
4.88476, 880.801, -507.898
6.78578, 917.289, -748.655
6.41237, -977.103, -546.981
5.70687, 905.053, -908.859
3.14521, -722.429, 150.051
5.77944, 4.88881, 650.809
3.09199, 53.4892, 8.33653
3.88793, 332.576, 801.445
6.65548, -226.714, -226.662
6.14153, -750.44, -512.623
6.74348, -598.419, 295.367
3.43989, -767.304, -926.262
6.09602, 556.677, -280.817
4.25586, 156.813, 331.693
3.34555, -416.424, -695.414
4.52383, 328.33, -539.248
4.20924, 159.749, 767.831
6.67141, 382.564, -126.496
3.9111, 697.816, 584.44
5.16766, -658.515, -467.44
6.25085, 988.388, -851.467
4.62554, -693.316, -758.613
4.66964, -564.358, 549.191
3.03022, 856.402, -930.076
6.4639, -44.3102, -464.929
3.91232, -575.383, -481.281
7.14264, -588.655, -234.659
5.37926, 255.569, 510.429
3.4895, 824.373, -293.746
5.99081, 574.83, -742.621
3.07265, 494.411, -953.67
4.22945, 301.007, 783.293
4.15646, -580.99, -234.688
6.42735, 827.881, -958.402
6.65775, 459.027, -212.376
4.21712, -738.441, 754.061
4.2603, -273.732, 901.684
6.38197, 153.028, -814.731
6.58658, -11.4428, 687.406
4.26157, -132.801, 285.374
7.09559, -413.784, -302.561
3.2877, 496.735, 256.461
5.56029, -489.537, 566.894
5.54222, -389.392, 714.42
3.16647, -250.767, -742.126
3.51409, -742.315, -480.149
4.79457, -855.065, 501.667
3.48759, -521.343, 932.213
6.77118, -850.554, 383.273
6.54562, -759.858, -689.09
2.80131, -903.392, 882.515
6.50584, -721.342, 644.133
5.49597, -198.448, -541.912
7.43182, -888.393, 302.092
2.65919, -160.677, 643.069
6.8356, 934.529, -765.262
3.69109, 665.056, 345.823
3.6127, 165.1, 427.656
4.73907, -970.039, -552.9
2.61231, 862.479, -180.072
6.79755, -257.699, 8.57514
4.15902, 215.291, 585.669
5.72195, 303.713, 255.275
7.43521, -941.314, -484.669
5.30162, 284.532, -582.529
4.74553, -757.221, -246.401
5.213, 160.196, -726.174
2.90797, 773.154, -32.9267
3.99606, -821.575, -271.124
6.63964, 817.128, 671.552
6.48936, 623.887, 931.767
5.71048, -104.272, 680.042
4.84105, 629.376, 384.062
7.15326, -200.646, -605.654
5.08798, -243.062, -69.9729
7.42924, 796.491, -531.876
5.94567, -77.235, -718.496
6.19966, -179.248, -459.36
3.46323, -393.206, -930.025
6.08881, -457.766, 618.886
6.11146, 569.884, -178.287
6.49298, 267.541, 153.262
4.23216, 254.869, -992.241
5.1481, -16.2689, -65.093
3.19001, 716.281, -357.42
6.73218, -223.748, -218.23
6.32766, -80.8018, -880.326
7.5, 923.75, -423.804
4.24891, 481.857, 984.296
5.50367, -599.324, 587.068
3.50808, -495.423, 82.0352
6.2385, 31.0035, 156.508
6.49225, 971.068, 216.626
3.03505, -704.866, 108.817
5.35813, -506.943, 46.9349
2.84683, 364.182, -343.754
4.16036, 737.263, 690.531
5.80945, 484.505, -706.226
5.27726, 175.012, -189.596
7.12415, 228.805, -11.6061
2.69832, -483.354, 224.369
2.62083, -309.131, 237.839
4.61923, 221.776, -654.597
4.36987, 461.264, 134.35
2.93303, -233.735, -239.286
3.05403, -160.178, 167.111
5.31992, 363.603, -343.374
7.37269, 57.237, 739.606
3.05066, -40.5541, -895.029
5.99352, 99.1031, 975.841
2.79674, -51.0724, -737.742
4.69755, 834.593, -105.574
5.24651, 988.377, 714.372
3.45129, 689.192, -748.181
7.36597, 316.699, 324.693
3.19593, -682.695, -58.4249
5.48978, 930.015, -430.041
7.12812, -870.635, 703.659
3.91116, -80.7135, 882.493
6.8307, -146.299, -86.7134
6.29598, -222.765, -597.129
6.10793, 355.22, 615.312
3.34241, -369.206, 365.266
3.32882, 826.237, 369.823
3.39076, -647.424, -985.135
5.87226, 333.535, -599.188
4.83484, -349.305, 35.5739
6.85219, -808.016, -357.805
5.76023, -696.529, -116.33
5.80464, 755.969, 874.403
2.58037, -665.477, -616.663
4.30596, -774.278, -666.677
3.72747, 919.883, 110.6
6.93086, -932.74, -946.12
5.23701, 821.694, 777.149
6.57209, -27.9453, -639.861
5.24453, 176.16, 863.288
4.16156, 505.699, -54.1037
4.40213, 21.4653, -654.057
2.52389, 927.709, 651.739
6.95226, -89.9081, -397.53
6.16955, -494.002, 683.795
6.04239, -153.334, 656.209
5.1278, 61.1459, -183.895
6.41065, -188.888, -811.575
3.42484, -389.009, -470.43
5.72673, 248.988, 525.296
3.42178, -685.173, -338.357
3.31214, 58.9668, -89.9701
2.65594, -182.04, 848.385
7.42716, 130.916, -666.219
4.04559, -329.728, -713.107
4.11075, -669.607, -295.241
5.51155, 281.647, -235.942
2.89107, -328.9, -919.184
3.93936, -17.8732, 87.8202
5.79307, -126.981, -492.16
7.36348, -986.348, -349.594
7.27758, -363.018, -792.397
7.42745, -675.204, -300.718
7.30478, -909.156, -756.441
3.0073, -557.798, 562.905
3.71505, -130.504, -488.525
6.91151, 100.398, -430.452
5.28805, 339.894, 695.93
6.7669, 800.685, 516.721
7.49145, -536.264, 528.375
3.99751, -247.801, -478.054
6.33157, 964.518, 480.445
4.81901, 286.572, -145.59
6.8168, -636.444, -789.168
6.99018, 857.94, 1.24204
7.377, 257.207, -414.358
2.77405, 649.746, 100.394
6.32605, 934.298, -618.372
5.09219, -930.288, 738.581
3.46574, 918.507, -229.546
6.98252, 200.254, -544.71
6.38492, -839.713, 95.1157
2.75968, 414.081, 539.503
7.47331, -848.621, 762.222
5.93659, -8.37336, -457.039
5.94854, 885.693, 496.56
6.57666, -656.573, 811.695
7.05426, -37.725, -442.116
3.34218, -201.39, 399.809
5.24183, -581.092, 802.192
6.53351, -492.309, -255.135
4.17803, 334.147, -543.77
5.53435, -106.999, 26.2112
6.59602, -944.718, 333.873
7.3485, 83.9718, -250.934
6.29349, 580.945, 494.22
3.72113, -173.609, -91.4175
5.80589, -571.855, 401.301
4.21574, -450.189, -188.426
7.27146, 374.31, -394.664
2.60828, 801.62, 554.407
4.54979, -890.626, 943.18
2.55789, 587.162, -673.246
3.04964, 834.067, 196.332
5.28259, -834.732, 97.0471
4.45466, -8.97755, -235.411
7.20539, 117.329, -182.855
2.55572, 179.381, 388.012
6.22897, -219.157, -438.405
3.84293, 107.808, 119.582
4.27153, -672.113, -757.656
3.45835, -450.615, 623.662
5.14832, 294.642, -166.89
4.39478, -54.4487, -858.162
3.16407, -11.0385, -804.272
4.26563, -129.759, -560.376
4.2497, 782.899, 981.601
7.41084, 614.833, -128.247
5.25961, 151.823, -371.025
4.99918, 14.905, -716.625
3.58531, -834.183, 452.342
4.37311, -242.57, -646.756
6.78251, -663.415, -476.634
6.45578, 795.276, -519.604
3.9204, -494.24, 927.528
5.07645, 436.671, 103.188
6.79238, -287.828, -19.9896
7.07844, -935.668, -174.071
7.48941, 133.553, 910.712
6.53177, 169.956, -185.167
5.22718, -895.464, -181.825
7.3461, 152.726, -730.243
5.31931, -584.402, 362.614
4.03031, -420.091, 656.224
5.41853, 959.623, 946.743
2.91197, 46.2099, -327.716
5.47382, 361.031, 614.326
3.31968, -597.34, -591.362
6.46527, -615.478, -435.43
2.95373, 580.737, 733.578
6.3072, -504.08, -679.377
6.83996, -229.137, 28.2577
6.40105, 188.391, -334.151
6.61399, 908.423, 962.66
6.70974, 371.863, 551.614
4.48328, 516.751, 257.706
6.508, -157.94, 169.661
6.56811, 378.884, -43.3289
5.43493, -408.713, 99.9037
4.64621, 793.178, -47.4731
2.5002, -49.5224, -469.143
5.31153, -813.177, 317.938
6.22632, 338.405, 348.448
3.89846, 963.366, 287.766
2.93406, -980.929, 564.011
3.5733, 853.358, -878.941
3.93296, -482.44, 569.274
4.86595, -402.667, 472.479
6.95893, 843.589, 819.67
5.91955, 517.852, -506.152
3.54376, -46.7195, -70.8345
6.67533, 791.481, 10.2493
7.09218, 919.126, 914.659
4.48244, -476.526, -698.182
6.37858, 541.171, 523.906
5.68161, -157.185, -89.0678
6.64746, 482.572, 286.463
3.40204, 552.444, -469.161
7.45927, 577.263, -755.534
6.70558, -155.106, -844.65
4.65177, 885.62, 263.789
4.38589, 595.983, 885.504
2.70802, 651.133, -504.153
6.80715, -795.435, -525.968
6.62116, 915.881, -895.618
6.25052, 13.3976, 729.943
3.55801, -165.495, 986.44
4.31029, -781.18, -191.358
4.43545, -588.752, -795.246
7.32918, 789.459, 633.248
6.5872, -163.689, 637.516
4.5755, -80.9389, 447.949
5.83759, 202.326, 179.697
2.52101, 474.873, 978.114
6.98048, -739.171, 249.867
3.68416, -343.957, 354.335
3.79415, 351.852, -88.6578
5.4939, 404.817, -708.17
6.89823, -834.809, 369.334
6.16299, -558.588, -585.723
6.0773, 906.719, 569.447
3.57724, -605.681, 481.327
6.30413, 679.396, -955.606
3.85351, -163.014, -554.801
2.75246, 662.75, 334.644
4.78866, 272.663, 246.125
2.58759, 445.841, -774.748
3.01129, 71.5576, -180.387
2.639, -132.205, 282.592
5.65921, -342.752, -517.365
6.34425, 78.7151, -248.049
2.74132, 526.145, -837.13
6.6924, -54.1081, -630.62
6.76899, -262.503, -313.682
6.57649, -449.858, 575.697
6.85188, 793.477, 403.144
5.27222, -627.805, -161.599
6.12646, -290.866, 53.8828
3.20424, -521.649, 918.977
6.6115, 589.6, -526.449
5.51185, 729.252, -195.949
4.93856, 505.861, -916.386
6.14942, -285.908, 943.508
4.05164, 757.195, -667.635
3.93925, -699.651, 351.391
5.45857, -947.144, 804.067
5.34055, 649.998, 876.891
5.41059, -935.481, -572.02
2.84132, -688.128, 283.17
4.34304, 151.216, -390.474
6.28475, -926.479, -574.993
6.35297, -448.919, -867.348
4.27217, -393.672, -254.44
5.98913, 239.291, 927.998
5.08005, -661.252, -288.841
5.94494, 387.612, 134.67
6.18066, -81.7768, 616.775
2.56231, -341.684, -672.117
7.16549, 614.428, -129.291
5.37826, 131.347, 124.988
3.05587, 466.896, 973.128
4.87388, -100.147, 39.6558
3.24247, 196.748, 101.993
4.22594, 50.9766, 446.018
7.04476, -930.539, 177.852
4.54571, 13.0042, 521.088
5.96642, -677.292, -66.3121
3.35865, 378.487, -941.447
6.21715, 882.555, -503.689
4.16319, -426.07, 645.642
4.62157, 662.112, 312.735
2.79523, -138.149, -109.219
5.09005, 287.52, -228.985
5.94425, 471.899, -579.503
5.01149, -256.247, 10.573
6.56617, -169.941, -748.726
3.07974, 83.5031, -934.131
5.24841, 280.338, 462.353
5.06046, 406.299, 20.7404
6.02649, 963.583, 440.89
5.65083, -238.286, 876.779
4.0207, -28.6466, -648.414
6.74719, 399.436, 367.667
3.39619, 607.184, -23.4015
2.61737, -527.308, -100.007
4.19467, 729.049, 49.3335
3.43818, 356.891, -96.852
6.60467, -290.895, 175.1
6.72507, -894.991, -164.917
6.78031, 844.328, -715.453
7.37454, -953.615, 646.581
2.99587, 465.595, -447.278
2.56182, 564.802, 654.052
2.58614, 219.515, 581.742
2.64527, 248.789, 96.8651
4.1031, 145.064, -386.899
6.17815, 625.509, 301.105
3.14876, 352.397, 476.602
2.5161, -369.013, 504.701
6.91905, 139.857, -789.395
3.70482, 229.149, -570.103
4.38481, -816.411, 766.181
4.44879, 618.964, 182.298
2.81534, 596.804, 293.606
7.30792, 183.744, 949.784
3.75349, 724.934, -340.455
6.85376, -677.472, -75.3186
2.85991, -914.878, 421.874
2.70653, -618.191, 565.743
3.46378, 356.617, -522.145
3.86708, -308.936, 302.977
7.4007, -950.259, -364.688
3.60607, 323.674, -531.602
6.43119, -874.235, 853.191
4.42306, 297.684, -420.358
3.78593, 477.327, -635.575
3.91087, -935.955, 58.348
7.33834, 866.178, -38.9883
4.22841, 761.691, 168.028
3.45922, -977.961, 736.174
5.05037, -547.237, -381.268
5.21857, -555.326, 631.477
5.72333, -651.556, -612.831
3.89738, -10.007, 792.897
3.41887, -296.955, -715.461
2.71579, -828.857, 367.516
3.98408, -502.375, -266.067
4.25548, -231.188, 139.431
7.09372, -426.191, 708.051
5.81225, 502.842, -360.7
5.08041, 865.108, 581.581
4.03763, 611.7, 584.175
3.0007, -350.175, 153.699
3.47502, 378.501, -879.638
4.11407, 30.7299, -128.59
5.56182, 957.393, 87.2192
5.13511, 958.021, -980.283
3.45653, 262.72, 281.839
4.7178, -632.376, -420.811
4.48693, -705.153, 849.39
6.28051, -604.812, 744.679
6.6213, 735.289, 602.578
5.51573, 142.457, -346.628
3.04573, 606.968, -824.157
4.11797, 484.816, -165.215
5.03403, 9.97383, 317.155
4.76521, -649.339, 804.839
4.77315, -179.52, -447.488
4.91125, 926.674, 917.75
5.07896, 368.203, -650.634
4.50207, 203.084, 823.366
4.22945, 974.129, 482.432
6.64533, 931.829, -238.811
3.02204, -728.841, -793.459
6.40057, 581.433, 563.281
3.19919, -296.938, -238.598
2.62171, -787.722, -523.549
6.0664, 405.426, -748.566
7.15538, 144.197, -826.746
7.47667, 188.45, 173.862
3.86264, -870.989, 152.752
3.6923, -477.931, -257.996
3.87328, 957.509, 618.389
5.70836, -905.157, -729.736
5.17637, 309.118, 151.516
6.8967, 827.076, -294.447
6.75968, -670.944, -830.423
2.98004, 899.728, -43.1561
4.66818, -741.479, 215.525
3.17045, -202.345, -754.063
5.86802, -171.392, 306.243
5.34964, -55.1983, -471.208
3.66474, -616.94, 573.714
5.50306, 265.167, -686.095
2.6551, -798.553, -26.5622
7.08512, 566.279, -309.365
3.82958, 860.03, -174.845
6.50016, -182.27, -510.757
5.46389, 163.479, -719.825
5.0822, 343.7, 627.269
5.2567, 324.798, 637.964
3.47225, 499.68, -235.424
5.36152, 128.203, -740.3
3.81992, 210.292, 400.738
4.41648, -766.284, 538.548
2.73626, -758.651, -897.399
4.22823, 584.621, -671.66
3.61594, 660.847, -427.302
3.81264, 18.8511, -730.008
3.05141, -428.067, -404.701
7.40088, -703.961, 16.8698
5.93794, 799.365, 633.876
5.82158, -547.926, -374.42
5.99501, -599.999, -671.252
2.68746, -828.823, -764.712
3.6706, -630.601, -746.134
3.95397, 728.931, 692.3
3.50543, -29.7574, -250.232
2.7177, 358.409, 342.199
2.56571, -523.846, 520.843
6.07297, -524.502, 765.168
6.88348, -865.263, -624.545
5.35088, -885.467, 272.002
6.92743, 862.737, 859.477
5.20042, -357.543, -278.652
3.31357, 928.744, -643.972
3.30492, 951.636, 441.788
7.19182, 313.089, 285.218
3.45628, 551.03, -847.383
3.15761, 3.01736, -97.2451
4.41122, -305.831, -7.92392
6.12674, 259.1, -259.63
2.50651, 543.098, 871.141
4.60222, 25.8121, 735.252
5.18984, 300.923, -214.995
4.86596, -237.703, 245.93
6.33003, 543.727, 868.246
2.9396, 556.434, -458.396
7.04284, 137.975, 322.314
3.20818, -860.657, -401.283
2.54782, 427.072, -49.0282
2.82267, 253.239, 519.134
4.96742, 380.851, 222.005
5.40914, 526.756, 971.283
4.03373, -944.379, 543.965
4.57091, 896.799, -67.5342
4.33401, -577.509, -684.867
3.42687, 175.71, 665.293
2.76788, 632.201, 183.875
4.47222, 537.777, -64.8579
3.98388, -347.07, -132.745
5.05388, -395.333, 818.597
3.75392, -704.174, 228.914
5.01589, 956.669, 887.602
2.51168, -4.69731, 781.071
7.01807, 989.306, -447.199
2.79181, -907.772, -943.628
5.17506, -680.041, 807.063
3.95754, -377.36, 871.05
7.3023, -802.149, -265.305
4.73406, 322.117, -108.852
5.08479, 889.345, 168.746
5.93861, -250.331, 31.6272
2.72187, -160.394, 73.6063
7.2946, -795.655, 605.081
5.70852, 369.921, 156.866
2.80215, 624.203, -776.572
3.33964, 51.8034, 267.402
5.76491, 487.894, -244.017
6.19864, -769.505, 338.251
3.57011, 851.262, 206.559
4.31441, 154.804, -865.621
6.56981, -647.416, 931.343
5.32057, 807.838, -470.124
7.45886, -47.4925, -882.887
6.5669, -763.298, 393.534
3.49157, -988.688, -22.3687
2.50003, -144.67, -836.596
4.62608, 939.674, -771.663
4.07406, 847.31, 201.875
5.56218, 605.864, -929.828
3.83351, -189.158, -540.824
4.39881, -594.324, -62.824
5.43397, 954.437, 300.529
5.95636, -140.573, -507.291
7.26736, -455.553, -569.277
4.89785, -293.227, -949.186
3.60319, 380.088, -723.73
5.33741, -720.232, -450.824
6.09873, 425.221, 362.175
4.4953, -494.392, 553.385
3.48326, -690.873, 973.432
6.66971, -666.705, -758.551
5.59561, -448.276, -869.396
7.26866, -287.261, 183.008
3.23222, -14.1754, -270.944
5.38953, 37.3865, -457.519
7.26796, -390.172, 712.386
3.62331, 720.433, -988.308
7.25137, -495.401, 796.252
3.07874, 787.268, -508.116
2.58372, 30.5059, -254.339
3.90465, -357.638, -166.378
7.15042, 637.634, 175.578
3.04796, 756.802, 875.083
6.77266, 26.7577, 822.038
5.68532, -723.598, -729.829
5.63853, 405.257, -708.852
3.80589, 722.524, 740.971
5.13936, -951.424, 214.321
7.16608, -276.847, 895.814
3.98055, 920.19, 108.736
4.78006, 158.238, 447.054
6.35659, -658.229, -605.361
4.17193, 113.624, 123.716
6.31775, -39.8195, -932.681
6.65892, -30.4214, 940.667
2.64618, -724.711, 567.124
4.31315, 713.076, -266.457
4.16221, 282.802, 461.848
3.17675, -515.455, -295.228
3.00839, -304.955, 622.765
5.11327, -607.932, 810.132
3.52046, 30.6569, -530.825
5.00728, -869.41, -622.991
5.1371, -3.31158, 961.535
4.13422, -264.693, -292.917
4.75888, 227.118, -440.9
6.85263, -6.75971, 973.401
4.72884, 641.379, 864.219
6.03726, -457.794, -912.235
6.83171, 908.675, -698.1
6.5822, 862.681, 215.41
2.67504, 888.174, 839.34
3.8644, -649.992, -238.251
5.21858, -421.446, -430.281
3.19942, -969.906, -557.231
5.57408, -774.808, -935.342
3.29182, -676.496, -604.411
4.41129, 100.126, 220.334
5.94997, -94.7246, 188.725
3.21128, -392.483, 464.117
5.65284, -784.26, 789.439
3.15973, 194.859, 935.534
7.13583, -737.368, 247.249
5.53465, -937.012, 783.981
5.50388, -924.322, 379.856
3.33635, 593.724, -526.82
3.301, -868.629, -397.427
5.91628, 618.486, -27.9424
5.1456, -707.845, -12.0059
3.65264, -139.211, 797.82
6.55373, -503.141, -56.4542
5.76477, -418.995, -558.49
4.08597, -568.54, -591.051
2.53953, -261.014, -812.427
3.49176, 731.149, 730.492
3.78831, -6.53259, 380.923
3.03825, 883.238, 38.5614
3.49545, 128.768, -429.413
6.75079, 803.754, -770.48
6.63912, -972.192, 211.45
6.76813, -962.703, -556.229
5.71027, 289.133, 777.68
3.6787, 716.586, -979.457
6.80638, -502.754, -805.234
5.4745, 35.7696, -105.563
2.52745, 504.815, -34.6169
6.84925, -667.098, -468.661
7.37729, 647.446, 102.634
5.59653, 376.551, 15.2687
3.85574, -934.012, 383.859
7.46973, -162.027, -628.861
4.60751, -719.422, -526.491
4.20537, -792.992, -613.89
4.80717, 373.757, -131.92
4.44822, 262.424, -381.646
4.613, -47.0976, 514.627
2.84879, 130.564, 290.063
5.5153, -58.3654, -135.238
7.36114, -49.7939, 228.504
5.07406, -697.299, -531.74
7.45461, 950.282, -137.18
5.84906, 625.53, -134.447
4.01716, -604.899, 69.2043
3.47371, 870.215, 572.899
4.0109, -712.235, -931.973
4.93946, -335.961, 460.031
4.72438, 532.576, 986.515
5.7844, 321.509, -935.682
3.74227, -775.514, -670.136
4.72007, 54.345, 554.347
5.75894, -692.392, 48.2473
6.67472, -715.741, 191.583
6.03698, 192.408, 811.153
4.93928, -867.344, -609.48
6.72039, 398.479, -236.266
7.00296, -513.521, -191.867
6.33082, -652.988, -522.601
5.29453, 631.08, 852.043
2.70603, -6.37, 73.2835
5.46749, 562.603, 66.6885
2.68674, -672.818, 816.233
4.53488, 28.0544, 436.897
2.84243, -971.731, -879.722
7.38558, -772.13, -882.558
2.5956, -513.799, -236.637
6.60363, -155.084, -264.708
5.2195, -389.331, 864.619
5.72828, 788.505, -333.047
3.62934, -260.379, 44.7344
2.733, 833.199, -699.773
3.63154, 210.264, -552.569
4.58371, -633.657, 134.467
6.40126, 264.72, -629.453
3.72852, -923.733, 371.69
4.81411, 652.155, 93.852
6.14756, 927.611, 289.997
5.35237, -331.156, 813.155
5.45997, 933.046, 910.482
4.98425, -936.443, 279.81
3.951, 478.029, 116.531
4.71107, -10.4484, -233.011
2.53669, 851.803, -397.032
7.41683, 496.39, -358.173
2.52822, -804.291, -157.058
4.8676, -116.218, 743.081
5.86497, -311.69, -122.797
