6.27803, -735.865, -992.622
3.5948, 60.6873, -88.8918
5.89648, 360.484, -902.643
5.09708, -236.545, 878.674
2.76731, -933.988, 655.932
2.53849, 333.37, 54.5396
4.58743, -856.285, -232.164
7.15218, 178.614, 376.27
2.95982, 50.8924, 691.95
6.00595, -159.786, 318.873
3.81226, 528.561, 816.633
4.14117, 471.605, -900.867
7.45519, 509.559, 260.471
7.41275, -504.797, -268.293
5.75759, 503.664, 443.093
6.92354, 262.297, -850.113
6.33247, -120.615, -450.215
3.87453, -513.856, -50.6256
4.93259, -675.633, -300.813
2.80282, 821.18, 787.945
5.08146, 7.29411, 803.219
4.96988, 967.402, -363.124
7.23882, -814.13, -468.874
4.42071, -9.85782, -837.588
5.14874, 823.441, -449.209
2.75042, 873.587, -62.4377
6.63909, 542.832, 539.311
5.94228, -959.853, -745.629
6.18112, 258.884, 734.812
6.94286, 986.503, 450.003
4.25508, -380.501, -535.199
6.72991, 182.518, 25.9611
3.84659, 662.354, -161.726
4.83959, 72.2084, -176.465
3.2686, -647.942, -433.777
2.66527, 612.95, 141.736
7.2768, -7.14429, 74.1432
6.95369, 110.254, 493.483
3.29884, 678.758, 247.002
3.15214, 428.634, -572.252
2.515, -452.368, -815.776
6.0491, -949.59, -176.509
3.40448, -510.984, 868.327
5.76029, 772.062, -361.075
4.42907, 365.891, -698.265
3.23766, -5.47623, -229.289
5.45054, 680.626, 171.946
3.24076, 122.314, 909.177
3.2091, -181.255, 961.993
4.94257, -492.448, 126.971
3.13015, 898.372, -72.9026
5.64635, -357.766, -596.458
5.60817, 300.322, -742.047
4.88216, -499.108, 601.584
2.64188, -571.487, -248.589
3.21011, -136.645, 802.411
3.15594, -181.18, 889.55
3.31099, -824.09, 755.68
3.76529, -267.989, -851.779
4.77654, 579.444, -737.267
6.54472, -94.2442, -299.633
3.57624, 302.232, 857.535
3.75063, 816.872, 362.486
5.02978, -58.3098, 720.236
6.27922, 634.929, 183.722
5.66369, 909.874, -68.2912
5.9449, 634.675, -130.448
7.27207, 968.915, 409.919
5.18713, -425.832, 718.249
4.57014, -785.453, 31.5051
4.70019, 750.989, 156.159
6.07821, 735.716, 458.392
6.20858, 407.971, 597.152
5.12494, 770.29, -958.968
6.06711, -864.83, -74.4683
5.91025, 333.83, -21.5527
6.82941, 831.438, -598.474
3.19597, 84.5732, 774.213
3.57766, 969.534, -101.365
5.0733, -363.819, -112.276
4.83766, -117.594, 749.439
3.55759, -266.594, 611.19
5.65244, -693.522, 981.126
2.5044, -972.924, 204.38
4.09589, 452.315, 543.776
5.90281, 363.02, -153.183
6.0446, 670.074, -586.675
2.90869, -808.026, 654.249
3.56926, 264.413, 530.627
4.44412, -833.683, -570.985
4.44927, 901.937, 902.834
3.92018, 382.256, -460.866
4.6123, 564.067, 550.402
2.55658, -616.217, -434.901
3.72027, 934.472, -614.683
4.49072, -718.342, 652.08
6.64177, -647.996, 201.159
3.78584, 972.106, -688.027
3.59705, -806.281, -538.335
6.47385, 389.459, 268.55
5.8476, 501.897, 391.435
5.49108, -889.359, 284.167
5.99917, -364.242, -541.469
5.13062, 527.267, -760.448
4.14833, 188.469, 101.734
3.30844, -714.916, 402.042
6.56633, 717.562, -27.9729
4.08004, 479.665, 115.692
4.05369, 53.6138, -732.806
4.65424, 34.7293, 167.049
4.46509, -247.772, -477.636
4.43916, -50.7073, -118.302
4.34871, -836.49, -443.799
5.88118, 342.93, -493.93
6.10384, 451.795, 28.2141
7.20082, -69.3942, 892.841
5.08573, -79.5738, -357.892
5.5282, -193.271, 323.163
5.85049, -690.831, 985.493
5.11404, 80.1635, -307.726
3.87105, -950.094, 639.706
7.08924, 95.2726, 284.869
3.73367, 933.069, -461.629
4.77876, 383.606, 682.378
3.30374, -955.098, 647.746
4.68319, 412.538, 407.926
7.45767, 496.229, 171.043
6.26931, -438.603, 390.785
4.97846, -984.066, -654.839
7.01651, -655.32, -836.991
4.68213, 492.268, 560.59
5.09239, 167.974, -980.927
4.44866, 88.2723, -860.04
5.63431, -222.175, -567.993
5.19331, 414.014, 318.193
4.35955, 632.646, -438.065
2.54674, -369.807, 365.625
6.3794, 40.7636, -787.369
2.85317, -886.401, -561.533
3.98511, 444.264, -679.706
4.78581, -43.9543, -886.466
3.25156, -95.5307, 39.0899
5.97819, 672.073, -433.555
4.15587, 362.565, 153.17
5.21197, 969.648, -879.617
2.64678, 725.176, -977.044
5.38086, -24.8048, -234.134
5.18133, 367.04, 473.297
7.36678, -758.977, -923.72
5.57063, -298.305, -618.09
5.26431, -745.24, 206.757
6.69051, -267.34, 906.241
3.75764, -490.551, 930.625
6.98957, 623.171, -140.637
5.97428, 506.982, -498.918
5.82752, -473.224, -95.1208
3.06838, -578.968, -771.962
3.37987, -979.317, 95.1676
2.91253, -136.242, 193.872
6.68103, -246.033, 370.39
2.64818, 943.299, -773.795
6.34719, -1.16439, -850.731
4.29829, -505.35, 865.535
6.24626, 4.20684, 533.056
6.28385, 363.585, 339.519
3.60834, -537.342, -921.374
5.58305, 305.002, 128.701
3.66846, -549.443, -251.527
6.22052, -669.908, 302.611
5.80997, -909.365, -685.652
4.9209, 908.695, -745.287
2.58972, 828.19, 237.192
4.98291, 447.3, 200.275
5.09587, -108.982, -884.796
4.71395, -871.51, 530.226
4.14528, -60.3162, 946.895
3.52671, 484.336, -106.848
7.19863, -247.854, -650.127
2.85168, -490.364, 930.148
3.30042, 51.3616, -744.16
6.70788, -785.223, 31.9701
4.13614, -164.618, -277.208
6.85942, 160.858, 427.95
5.99896, 670.563, 515.692
5.52801, 868.481, -219.605
4.77536, 79.9983, -262.694
2.91543, -514.632, -181.405
3.94883, -55.4989, -143.41
6.51009, -572.797, -785.192
6.81821, 336.069, 58.0069
3.81831, 420.57, -510.406
4.79881, -835.236, -236.461
4.95672, 611.674, -525.617
5.82344, -467.055, -987.288
7.31738, -627.371, -156.689
7.23022, 576.03, -736.906
2.81902, 216.693, -655.529
5.04829, -416.227, -303.362
6.13222, 667.874, 664.604
5.65882, 599.097, -338.152
3.26658, -914.395, -908.354
5.09652, -865.714, 538.753
3.52281, -555.4, 853.225
6.03231, 400.346, -820.38
6.05786, -473.405, -17.5485
3.66304, -568.383, -231.826
6.80594, -55.1752, -129.015
2.67122, -108.682, 948.328
6.26587, -935.395, 54.5807
4.14789, 641.421, 162.151
4.65309, 70.4426, -532.582
7.33455, 965.056, -194.213
4.05803, 731.691, 692.359
5.69762, 984.013, -699.515
5.95386, 870.94, -61.0327
5.36403, 77.3143, 627.629
6.60667, 892.681, -685.013
4.21807, -897.638, -676.68
5.09387, -811.858, -772.913
6.78438, 122.192, -949.111
6.18587, 343.628, 46.5667
3.45992, -935.154, 380.702
2.83145, -308.061, 339.653
3.60828, 847.452, -718.713
3.33656, 169.57, -232.484
6.31172, 381.191, -928.663
5.44905, -842.411, 422.661
4.65223, 860.415, 855.374
7.09618, 659.406, 12.2412
5.09668, 443.861, 186.096
7.38058, -679.553, -22.6421
5.15714, -452.748, 146.161
2.98716, 334.283, 390.566
5.83983, 216.485, 99.213
5.44444, 139.336, -26.9749
5.01137, -694.343, -118.482
2.75808, -930.249, 458.214
2.6753, -347.832, 31.9228
4.41484, -787.238, -515.728
5.55555, 181.159, 100.345
5.06574, 545.804, 868.007
5.98498, 303.819, -26.2223
4.89891, -24.5033, -185.884
3.88323, 68.2163, 422.351
6.01685, -438.872, 208.469
3.67701, 874.09, 56.478
6.41501, 183, -178.193
6.60589, 359.484, 835.033
3.21842, -533.456, 52.6141
5.75757, -486.929, 811.267
3.87677, 868.604, -984.05
7.26215, -421.26, 715.362
4.58238, -750.546, 14.2675
3.03869, -126.494, 402.443
4.70633, -797.282, 531.19
6.28811, -423.512, -301.54
2.77803, -338.685, -318.468
3.51241, -27.2015, 144.005
6.82305, 939.755, -771.286
6.52456, -265.732, -9.38049
2.78861, -678.559, -671.713
4.40304, -64.6749, -701.567
4.56124, -143.47, 763.808
2.80071, -380.61, 302.464
7.09746, 807.538, 649.908
3.35398, 536.638, 805.391
6.51634, -929.727, 159.088
3.88599, 724.923, 47.1609
4.44586, 172.247, 737.929
7.19936, 54.1036, 623.52
6.24573, 161.956, -166.915
3.44774, -325.682, 758.958
6.89581, 435.208, 484.516
6.8953, 416.514, -848.517
3.30515, -803.848, -268.925
5.87346, -803.059, -165.846
6.89096, 628.408, 127.232
6.98262, 252.44, 521.54
3.06535, -24.222, 753.551
5.93789, -236.379, -257.614
3.21651, -832.774, -771.199
3.6901, 413.086, -44.5992
5.64383, 944.58, -218.222
4.312, 816.662, 364.192
4.64437, 588.347, 717.36
4.91936, -13.5686, -838.536
6.20379, -4.13868, -110.089
3.23098, -383.99, 870.241
7.36238, -832.722, -768.803
7.3158, -509.979, -191.867
3.14741, -600.045, 664.028
5.3784, -317.856, -606.607
4.66439, 169.985, -124.536
5.50066, -234.264, -251.896
5.85098, -696.567, -126.645
4.5137, 396.704, 986.332
6.46691, 640.627, 692.964
4.89889, -974.329, -250.289
5.72449, 299.342, 275.964
4.28836, -246.955, 599.904
5.96794, -329.965, -220.611
5.83428, -416.946, -701.656
3.22071, -382.872, 712.573
7.10415, -979.792, 222.388
4.22228, 31.4528, -235.829
6.66824, -414.147, -469.142
2.74349, 271.458, -745.78
3.27936, -250.293, -61.4153
2.55765, 330.941, 507.598
3.94327, 120.53, 588.296
5.07295, -345.093, -173.15
3.65948, 681.982, 437.386
2.75022, -247.511, -75.8075
5.33091, -595.97, -843.574
6.69774, -151.611, 673.901
4.28763, -647.756, -432.575
4.3452, 164.399, 870.093
7.22226, 256.539, -73.1021
4.72425, -910.257, -178.746
6.82086, 493.289, 183.137
5.82654, -788.142, -735.332
5.79297, 166.26, 664.765
7.10736, -958.899, 960.778
5.11536, 954.47, -620.938
5.45229, 439.008, -441.885
5.79944, 667.667, 658.903
4.24765, 278.229, 462.276
4.11714, 346.075, 42.9774
7.08984, -103.676, 737.489
3.08619, 904.1, -445.506
7.31268, 672.132, -168.995
5.17978, 53.52, -328.858
5.81447, 851.466, 633.609
5.48362, 902.264, -501.594
6.93363, -506.294, -744.404
6.67999, -662.223, -606.613
6.69339, 246.922, 202.573
6.85642, -212.048, 338.366
2.5002, -769.406, 337.997
4.77274, 259.329, 349.506
4.25696, -930.93, 155.928
5.80713, -257.632, 707.982
6.22234, -879.71, 152.941
3.3821, -127.76, -458.993
7.4621, 794.538, -810.761
5.95466, -930.867, 168.945
6.97862, 143.954, -11.9288
3.51579, 366.341, -136.746
7.2356, -458.719, -36.0748
4.88476, 880.096, -507.008
6.78578, 919.37, -748.177
6.41237, -978.254, -549.935
5.70687, 906.402, -909.338
3.14521, -723.184, 149.285
5.77944, 4.62964, 650.431
3.09199, 53.3547, 8.74226
3.88793, 333.752, 802.496
6.65548, -224.628, -227.174
6.14153, -751.055, -512.929
6.74348, -598.224, 295.547
3.43989, -773.265, -931.393
6.09602, 557.244, -280.125
4.25586, 158.139, 332.062
3.34555, -416.113, -691.523
4.52383, 332.941, -543.576
4.20924, 159.51, 769.025
6.67141, 386.806, -125.987
3.9111, 697.869, 584.322
5.16766, -658.731, -468.546
6.25085, 990.46, -851.924
4.62554, -692.701, -760.134
4.66964, -566.389, 548.423
3.03022, 856.917, -930.92
6.4639, -41.8038, -465.294
3.91232, -574.63, -482.111
7.14264, -587.569, -235.801
5.37926, 252.436, 509.67
3.4895, 820.727, -291.692
5.99081, 573.681, -747.644
3.07265, 494.757, -955.912
4.22945, 303.253, 784.978
4.15646, -583.637, -234.128
6.42735, 828.059, -959.766
6.65775, 459.217, -212.527
4.21712, -738.964, 754.41
4.2603, -272.816, 895.081
6.38197, 152.543, -819.241
6.58658, -11.9081, 687.627
4.26157, -132.004, 285.702
7.09559, -419.594, -301.802
3.2877, 494.333, 255.29
5.56029, -487.016, 565.348
5.54222, -383.052, 713.033
3.16647, -251.199, -743.488
3.51409, -743.592, -479.234
4.79457, -855.719, 501.457
3.48759, -523.43, 932.663
6.77118, -849.325, 382.565
6.54562, -759.731, -690.511
2.80131, -904.658, 883.856
6.50584, -720.692, 647.111
5.49597, -198.192, -542.455
7.43182, -889.313, 304.302
2.65919, -160.462, 643.223
6.8356, 938.438, -762.983
3.69109, 666.519, 347.514
3.6127, 170.54, 429.071
4.73907, -976.67, -554.245
2.61231, 863.624, -180.888
6.79755, -260.025, 11.0282
4.15902, 213.966, 588.003
5.72195, 304.655, 253.361
7.43521, -942.826, -483.99
5.30162, 284.545, -582.977
4.74553, -757.511, -246.341
5.213, 163.444, -726.178
2.90797, 773.091, -32.875
3.99606, -819.999, -271.157
6.63964, 819.224, 674.428
6.48936, 624.496, 933.78
5.71048, -103.863, 679.944
4.84105, 629.861, 384.928
7.15326, -199.666, -607.343
5.08798, -243.364, -72.0852
7.42924, 797.082, -535.216
5.94567, -78.6408, -720.284
6.19966, -180.004, -455.962
3.46323, -392.958, -931.714
6.08881, -455.59, 621.327
6.11146, 569.915, -179.32
6.49298, 267.145, 153.464
4.23216, 255.031, -993.87
5.1481, -16.1067, -63.0515
3.19001, 716.112, -358.771
6.73218, -224.097, -213.463
6.32766, -82.1183, -881.99
7.5, 923.344, -421.324
4.24891, 482.472, 987.785
5.50367, -599.867, 588.547
3.50808, -495.684, 82.8714
6.2385, 29.9616, 154.695
6.49225, 972.927, 216.49
3.03505, -705.272, 108.98
5.35813, -506.999, 47.0556
2.84683, 361.473, -338.811
4.16036, 741.954, 690.039
5.80945, 485.335, -706.897
5.27726, 173.619, -191.268
7.12415, 228.852, -11.6472
2.69832, -484.238, 225.161
2.62083, -310.005, 238.659
4.61923, 219.637, -655.364
4.36987, 461.072, 134.956
2.93303, -233.279, -241.779
3.05403, -157.311, 171.062
5.31992, 365.75, -345.882
7.37269, 58.7732, 740.55
3.05066, -42.598, -895.036
5.99352, 99.0816, 977.771
2.79674, -50.7975, -739.557
4.69755, 834.887, -106.537
5.24651, 989.728, 714.97
3.45129, 689.975, -748.916
7.36597, 315.726, 325.6
3.19593, -681.272, -58.3567
5.48978, 934.257, -431.302
7.12812, -871.451, 703.822
3.91116, -81.0559, 883.442
6.8307, -143.954, -84.8987
6.29598, -224.659, -598.393
6.10793, 358.495, 614.838
3.34241, -373.5, 368.08
3.32882, 830.415, 371.584
3.39076, -647.414, -986.769
5.87226, 334.23, -600.261
4.83484, -352.026, 38.3412
6.85219, -809.077, -357.925
5.76023, -697.388, -115.572
5.80464, 759.108, 877.172
2.58037, -666.998, -611.775
4.30596, -776.637, -668.885
3.72747, 921.645, 114.691
6.93086, -934.414, -947.529
5.23701, 822.777, 775.673
6.57209, -27.1165, -644.256
5.24453, 176.797, 864.379
4.16156, 505.908, -54.7101
4.40213, 22.4899, -654.294
2.52389, 929.147, 652.783
6.95226, -90.1318, -397.46
6.16955, -495.209, 684.549
6.04239, -153.484, 658.14
5.1278, 58.6605, -185.243
6.41065, -189.748, -812.782
3.42484, -387.811, -470.46
5.72673, 244.949, 524.02
3.42178, -686.649, -339.995
3.31214, 60.8249, -92.9825
2.65594, -182.006, 849.081
7.42716, 130.731, -666.013
4.04559, -330.452, -714.552
4.11075, -672.563, -289.433
5.51155, 282.058, -236.887
2.89107, -329.107, -920.413
3.93936, -19.4941, 89.5942
5.79307, -126.737, -491.391
7.36348, -988.711, -349.41
7.27758, -363.07, -793.721
7.42745, -673.711, -297.079
7.30478, -910.758, -758.939
3.0073, -558.034, 564.892
3.71505, -127.355, -490.872
6.91151, 99.9076, -431.461
5.28805, 340.113, 697.613
6.7669, 801.429, 516.469
7.49145, -536.73, 527.2
3.99751, -253.464, -480.533
6.33157, 969.294, 483.054
4.81901, 285.798, -144.849
6.8168, -636.373, -790.524
6.99018, 858.838, 2.50196
7.377, 257.444, -415.127
2.77405, 654.819, 91.4788
6.32605, 940.114, -618.241
5.09219, -931.419, 738.842
3.46574, 919.901, -231.676
6.98252, 198.581, -544.099
6.38492, -835.741, 96.3832
2.75968, 414.706, 540.104
7.47331, -850.556, 763.33
5.93659, -6.45715, -457.762
5.94854, 886.508, 496.63
6.57666, -656.891, 814.755
7.05426, -37.3363, -440.119
3.34218, -201.388, 401.309
5.24183, -580.759, 802.819
6.53351, -489.65, -253.451
4.17803, 329.806, -541.191
5.53435, -106.945, 28.4491
6.59602, -947.393, 333.92
7.3485, 83.1406, -248.545
6.29349, 582.232, 493.808
3.72113, -176.93, -91.9364
5.80589, -571.964, 402.052
4.21574, -449.505, -187.835
7.27146, 374.877, -395.212
2.60828, 802.291, 554.862
4.54979, -891.048, 944.378
2.55789, 588.654, -673.375
3.04964, 834.408, 195.875
5.28259, -841.323, 94.9641
4.45466, -14.6032, -238.535
7.20539, 117.504, -182.795
2.55572, 179.362, 390.986
6.22897, -220.564, -437.469
3.84293, 110.163, 121.782
4.27153, -670.383, -756.289
3.45835, -455.424, 620.785
5.14832, 295.054, -167.946
4.39478, -55.7461, -857.148
3.16407, -11.5706, -803.722
4.26563, -128.287, -562.015
4.2497, 783.214, 982.96
7.41084, 609.022, -127.138
5.25961, 151.703, -372.819
4.99918, 14.3911, -715.652
3.58531, -834.339, 453.953
4.37311, -237.746, -647.953
6.78251, -664.774, -475.264
6.45578, 794.635, -517.009
3.9204, -496.502, 927.693
5.07645, 436.898, 102.361
6.79238, -289.775, -21.7778
7.07844, -937.4, -173.228
7.48941, 134.852, 912.718
6.53177, 170.819, -188.942
5.22718, -896.534, -183.522
7.3461, 151.275, -732.854
5.31931, -584.673, 362.613
4.03031, -418.604, 657.686
5.41853, 961.993, 948.861
2.91197, 47.2642, -329.104
5.47382, 356.922, 617.563
3.31968, -597.784, -591.493
6.46527, -611.262, -436.72
2.95373, 580.126, 736.019
6.3072, -504.528, -679.492
6.83996, -225.963, 29.6777
6.40105, 189.551, -334.234
6.61399, 908.468, 965.156
6.70974, 372.085, 552.16
4.48328, 522.43, 257.088
6.508, -160.126, 167.881
6.56811, 379.468, -43.5853
5.43493, -409.094, 100.339
4.64621, 794.136, -48.3841
2.5002, -56.6315, -475.849
5.31153, -813.89, 317.516
6.22632, 337.603, 350.706
3.89846, 965.397, 288.642
2.93406, -982.9, 564.36
3.5733, 853.387, -879.539
3.93296, -486.248, 568.862
4.86595, -404.124, 473.495
6.95893, 844.14, 819.745
5.91955, 516.603, -505.792
3.54376, -48.0032, -69.2229
6.67533, 792.395, 10.8389
7.09218, 925.318, 917.704
4.48244, -475.967, -699.195
6.37858, 541.219, 525.457
5.68161, -158.889, -89.611
6.64746, 482.84, 288.28
3.40204, 553.991, -467.263
7.45927, 578.67, -760.25
6.70558, -154.523, -845.424
4.65177, 886.532, 264.528
4.38589, 596.213, 886.964
2.70802, 652.571, -504.662
6.80715, -798.416, -529.823
6.62116, 916.171, -897.265
6.25052, 13.0492, 730.509
3.55801, -165.388, 988.756
4.31029, -781.38, -191.665
4.43545, -589.73, -797.947
7.32918, 791.848, 635.177
6.5872, -165.688, 634.622
4.5755, -81.3951, 448.396
5.83759, 203.713, 181.171
2.52101, 475.655, 977.099
6.98048, -737.879, 247.933
3.68416, -343.766, 354.614
3.79415, 353.514, -90.6528
5.4939, 407.277, -710.828
6.89823, -836.51, 369.38
6.16299, -560.18, -587.171
6.0773, 908.952, 569.834
3.57724, -606.554, 481.238
6.30413, 679.135, -956.383
3.85351, -162.173, -556.631
2.75246, 663.963, 335.747
4.78866, 271.392, 245.931
2.58759, 446.893, -776.161
3.01129, 71.7049, -174.695
2.639, -131.268, 281.615
5.65921, -342.105, -516.792
6.34425, 82.2463, -248.233
2.74132, 525.951, -838.247
6.6924, -55.4352, -630.574
6.76899, -262.685, -315.935
6.57649, -448.216, 575.159
6.85188, 793.974, 403.968
5.27222, -630.13, -166.431
6.12646, -292.561, 55.7677
3.20424, -523.747, 922.698
6.6115, 593.264, -526.057
5.51185, 730.721, -196.406
4.93856, 506.871, -917.806
6.14942, -286.74, 946.663
4.05164, 757.322, -668.149
3.93925, -699.554, 352.248
5.45857, -949.125, 806.299
5.34055, 652.164, 879.924
5.41059, -935.739, -573.459
2.84132, -688.58, 283.144
4.34304, 150.443, -392.113
6.28475, -927.62, -575.946
6.35297, -449.673, -865.925
4.27217, -393.784, -253.755
5.98913, 240.496, 929.465
5.08005, -663.664, -293.191
5.94494, 388.879, 133.745
6.18066, -81.8901, 616.438
2.56231, -342.286, -673.084
7.16549, 615.209, -125.202
5.37826, 132.211, 125.504
3.05587, 464.129, 973.426
4.87388, -103.211, 36.6071
3.24247, 190.493, 104.166
4.22594, 51.0042, 447.255
7.04476, -931.379, 181.532
4.54571, 13.9467, 519.347
5.96642, -679.575, -70.937
3.35865, 379.349, -942.554
6.21715, 887.492, -505.923
4.16319, -425.515, 644.115
4.62157, 663.919, 312.282
2.79523, -137.771, -111.237
5.09005, 287.47, -230.373
5.94425, 472.754, -580.121
5.01149, -251.731, 12.728
6.56617, -169.667, -749.583
3.07974, 82.9476, -935.847
5.24841, 274.45, 464.247
5.06046, 408.014, 20.9224
6.02649, 961.325, 440.97
5.65083, -238.908, 881.782
4.0207, -27.6462, -643.023
6.74719, 399.604, 369.054
3.39619, 605.34, -22.3418
2.61737, -528.38, -100.102
4.19467, 733.546, 51.2328
3.43818, 355.739, -93.4004
6.60467, -289.185, 180.531
6.72507, -895.06, -162.031
6.78031, 845.626, -717.452
7.37454, -954.501, 643.164
2.99587, 467.08, -447.648
2.56182, 564.698, 654.967
2.58614, 220.947, 581.725
2.64527, 249.899, 96.3017
4.1031, 147.911, -386.926
6.17815, 626.199, 301.575
3.14876, 353.614, 476.94
2.5161, -368.693, 505.569
6.91905, 139.615, -789.814
3.70482, 229.911, -571.555
4.38481, -816.943, 765.925
4.44879, 615.645, 183.717
2.81534, 596.488, 294.062
7.30792, 183.677, 952.619
3.75349, 725.555, -339.681
6.85376, -676.672, -70.8154
2.85991, -916.154, 423.645
2.70653, -619.276, 569.736
3.46378, 358.713, -522.624
3.86708, -309.447, 302.932
7.4007, -951.197, -364.994
3.60607, 322.757, -531.665
6.43119, -874.744, 854.232
4.42306, 298.798, -420.973
3.78593, 478.228, -636.049
3.91087, -940.671, 62.1234
7.33834, 866.79, -37.2503
4.22841, 763.989, 169.581
3.45922, -979.992, 736.705
5.05037, -547.494, -380.049
5.21857, -556.199, 632.482
5.72333, -645.662, -614.381
3.89738, -11.0562, 792.604
3.41887, -296.819, -716.911
2.71579, -831.831, 371.981
3.98408, -500.807, -263.432
4.25548, -231.298, 139.859
7.09372, -424.554, 713.942
5.81225, 505.706, -362.141
5.08041, 865.524, 583.305
4.03763, 613.168, 585.511
3.0007, -351.082, 154.209
3.47502, 379.022, -880.016
4.11407, 30.9825, -129.796
5.56182, 959.77, 87.0293
5.13511, 959.053, -981.596
3.45653, 260.851, 282.906
4.7178, -635.307, -421.123
4.48693, -706.652, 851.251
6.28051, -605.572, 744.714
6.6213, 735.808, 602.585
5.51573, 142.275, -345.851
3.04573, 607.991, -825.83
4.11797, 485.588, -165.269
5.03403, 9.43823, 317.658
4.76521, -648.575, 802.5
4.77315, -179.813, -450.505
4.91125, 922.11, 914.677
5.07896, 368.614, -650.838
4.50207, 203.281, 823.607
4.22945, 970.432, 483.297
6.64533, 932.09, -240.306
3.02204, -730.146, -795.16
6.40057, 583.124, 565.092
3.19919, -297.167, -238.882
2.62171, -791.502, -521.959
6.0664, 405.958, -750.784
7.15538, 146.15, -826.692
7.47667, 186.067, 174.064
3.86264, -871.663, 152.804
3.6923, -475.675, -257.621
3.87328, 959.38, 618.947
5.70836, -906.389, -730.095
5.17637, 309.659, 153.01
6.8967, 830.682, -295.504
6.75968, -671.065, -832.791
2.98004, 902.922, -40.5847
4.66818, -743.928, 211.301
3.17045, -203.388, -755.204
5.86802, -169.843, 307.367
5.34964, -54.7062, -472.737
3.66474, -619.979, 570.167
5.50306, 265.647, -687.264
2.6551, -800.176, -27.0892
7.08512, 567.121, -310.323
3.82958, 860.346, -174.062
6.50016, -183.083, -510.332
5.46389, 166.226, -717.916
5.0822, 346.098, 627.318
5.2567, 323.073, 639.975
3.47225, 502.202, -234.709
5.36152, 126.017, -741.339
3.81992, 211.446, 401.395
4.41648, -765.969, 538.933
2.73626, -757.332, -897.463
4.22823, 585.152, -671.235
3.61594, 664.656, -428.808
3.81264, 18.3168, -732.543
3.05141, -428.731, -403.921
7.40088, -704.567, 17.934
5.93794, 799.619, 632.897
5.82158, -547.897, -376.389
5.99501, -600.63, -671.816
2.68746, -832.929, -768.167
3.6706, -630.059, -745.975
3.95397, 723.699, 693.3
3.50543, -33.0359, -253.415
2.7177, 365.513, 339.104
2.56571, -524.359, 519.637
6.07297, -525.487, 765.276
6.88348, -865.696, -626.86
5.35088, -885.72, 270.381
6.92743, 864.263, 864.074
5.20042, -357.215, -279.107
3.31357, 929.093, -645.247
3.30492, 954.755, 441.572
7.19182, 315.188, 286.104
3.45628, 552.057, -849.059
3.15761, 1.98069, -97.7519
4.41122, -308.921, -7.08165
6.12674, 258.683, -261.427
2.50651, 543.636, 867.148
4.60222, 26.108, 736.226
5.18984, 303.233, -214.57
4.86596, -238.045, 246.361
6.33003, 540.686, 873.331
2.9396, 556.476, -460.241
7.04284, 136.6, 322.757
3.20818, -865.364, -399.473
2.54782, 430.045, -49.909
2.82267, 245.76, 521.693
4.96742, 381.162, 222.148
5.40914, 527.779, 973.425
4.03373, -945.75, 544.24
4.57091, 900.733, -67.9046
4.33401, -576.546, -686.176
3.42687, 179.256, 666.51
2.76788, 640.609, 181.146
4.47222, 538.927, -65.0556
3.98388, -347.325, -132.566
5.05388, -395.645, 819.277
3.75392, -702.777, 229.357
5.01589, 959.313, 886.791
2.51168, -6.83266, 784.028
7.01807, 991.679, -447.508
2.79181, -907.169, -945.074
5.17506, -682.9, 806.249
3.95754, -375.703, 873.128
7.3023, -805.106, -268.817
4.73406, 321.341, -108.969
5.08479, 891.067, 168.412
5.93861, -251.735, 29.9122
2.72187, -160.472, 74.3686
7.2946, -796.441, 605.64
5.70852, 369.67, 157.645
2.80215, 626.097, -777.96
3.33964, 50.8098, 267.639
5.76491, 487.695, -245.767
6.19864, -769.241, 336.822
3.57011, 854.355, 205.003
4.31441, 155.577, -868.39
6.56981, -647.632, 932.413
5.32057, 807.785, -470.315
7.45886, -44.3058, -888.382
6.5669, -763.404, 394.772
3.49157, -990.323, -22.5716
2.50003, -147.938, -840.104
4.62608, 941.202, -779.021
4.07406, 844.174, 200.704
5.56218, 606.181, -931.061
3.83351, -191.316, -541.958
4.39881, -594.549, -62.319
5.43397, 957.2, 300.705
5.95636, -140.964, -509.944
7.26736, -456.715, -570.073
4.89785, -293.113, -950.872
3.60319, 378.743, -725.885
5.33741, -721.64, -449.671
6.09873, 427.714, 362.795
4.4953, -495.05, 553.841
3.48326, -691.392, 979.73
6.66971, -670.203, -760.091
5.59561, -447.101, -873.377
7.26866, -289.779, 179.051
3.23222, -14.2429, -273.802
5.38953, 38.3832, -458.27
7.26796, -392.606, 715.889
3.62331, 721.646, -987.265
7.25137, -495.041, 798.097
3.07874, 787.94, -509.938
2.58372, 30.2607, -256.897
3.90465, -358.024, -166.922
7.15042, 639.064, 172.875
3.04796, 751.849, 873.19
6.77266, 27.8929, 824.572
5.68532, -724.499, -730.567
5.63853, 404.779, -706.921
3.80589, 722.945, 742.929
5.13936, -951.061, 216.073
7.16608, -277.43, 901.086
3.98055, 921.145, 105.403
4.78006, 157.412, 450.184
6.35659, -656.413, -610.773
4.17193, 107.54, 121.879
6.31775, -39.7222, -936.231
6.65892, -30.313, 941.4
2.64618, -724.852, 567.494
4.31315, 713.791, -266.818
4.16221, 286.161, 461.217
3.17675, -516.635, -298.209
3.00839, -305.484, 623.048
5.11327, -608.587, 811.71
3.52046, 30.651, -531.934
5.00728, -871.15, -625.065
5.1371, -1.2673, 961.265
4.13422, -266.029, -292.801
4.75888, 226.809, -442.23
6.85263, -7.02212, 977.462
4.72884, 642.71, 864.529
6.03726, -458.141, -914.563
6.83171, 910.809, -698.539
6.5822, 865.337, 217.382
2.67504, 890.572, 838.783
3.8644, -651.244, -237.692
5.21858, -421.864, -430.461
3.19942, -979.521, -549.33
5.57408, -776.342, -937.007
3.29182, -682.024, -604.607
4.41129, 99.785, 220.586
5.94997, -94.6029, 188.972
3.21128, -391.248, 462.935
5.65284, -784.496, 790.988
3.15973, 196.391, 935.635
7.13583, -740.266, 251.844
5.53465, -937.708, 784.178
5.50388, -922.504, 376.226
3.33635, 590.801, -531.062
3.301, -867.337, -398.7
5.91628, 620.369, -28.6057
5.1456, -710.046, -12.6038
3.65264, -137.097, 802.677
6.55373, -502.53, -57.226
5.76477, -419.44, -559.204
4.08597, -564.296, -589.79
2.53953, -261.497, -813.518
3.49176, 731.59, 732.811
3.78831, -7.16272, 381.27
3.03825, 885.789, 38.5402
3.49545, 129.954, -431.224
6.75079, 803.754, -770.935
6.63912, -977.579, 209.773
6.76813, -961.115, -555.329
5.71027, 287.871, 778.206
3.6787, 717.562, -980.737
6.80638, -502.72, -806.672
5.4745, 36.0953, -104.567
2.52745, 505.547, -33.1038
6.84925, -667.6, -470.957
7.37729, 647.831, 104.484
5.59653, 377.359, 14.7386
3.85574, -936.941, 384.431
7.46973, -161.141, -630.695
4.60751, -720.697, -527.566
4.20537, -793.558, -614.372
4.80717, 371.609, -133.574
4.44822, 263.034, -380.874
4.613, -48.0859, 514.877
2.84879, 130.973, 289.237
5.5153, -60.1098, -133.059
7.36114, -49.7675, 229.253
5.07406, -697.096, -533.017
7.45461, 951.951, -137.341
5.84906, 629.881, -138.687
4.01716, -605.164, 69.6404
3.47371, 871.952, 570.536
4.0109, -711.48, -933.651
4.93946, -335.627, 460.428
4.72438, 532.98, 987.146
5.7844, 320.958, -937.514
3.74227, -776.028, -666.973
4.72007, 54.5258, 554.825
5.75894, -692.225, 49.9838
6.67472, -715.094, 190.649
6.03698, 193.332, 812.394
4.93928, -868.582, -606.857
6.72039, 398.897, -237.136
7.00296, -508.148, -188.674
6.33082, -652.374, -523.842
5.29453, 630.255, 850.832
2.70603, -10.7966, 79.2106
5.46749, 563.111, 66.3324
2.68674, -675.364, 820.113
4.53488, 26.4668, 436.919
2.84243, -973.145, -880.437
7.38558, -773.963, -882.432
2.5956, -514.985, -235.581
6.60363, -155.441, -265.628
5.2195, -387.217, 868.047
5.72828, 789.575, -332.875
3.62934, -260.619, 48.7558
2.733, 831.594, -698.145
3.63154, 211.88, -553.85
4.58371, -633.631, 134.698
6.40126, 265.115, -630.207
3.72852, -923.164, 377.467
4.81411, 654.035, 92.4128
6.14756, 927.95, 290.36
5.35237, -330.93, 814.026
5.45997, 934.09, 912.88
4.98425, -938.737, 280.175
3.951, 484.646, 113.309
4.71107, -9.89997, -230.351
2.53669, 852.697, -396.707
7.41683, 494.929, -357.866
2.52822, -806.216, -153.023
4.8676, -112.984, 739.705
5.86497, -311.267, -122.542
