6.27803, -736.587, -997.667
3.5948, 64.5538, -89.6998
5.89648, 358.58, -904.851
5.09708, -233.739, 871.438
2.76731, -931.595, 660.18
2.53849, 338.925, 58.0937
4.58743, -863.246, -232.797
7.15218, 178.147, 374.255
2.95982, 52.9391, 692.191
6.00595, -165.454, 311.777
3.81226, 525.615, 819.509
4.14117, 471.976, -903.732
7.45519, 511.694, 263.857
7.41275, -508.644, -273.841
5.75759, 505.75, 444.621
6.92354, 262.961, -853.199
6.33247, -125.543, -453.958
3.87453, -521.44, -46.2825
4.93259, -671.511, -296.528
2.80282, 819.28, 793.303
5.08146, 8.57518, 807.463
4.96988, 971.422, -362.304
7.23882, -817.135, -468.082
4.42071, -4.88526, -845.072
5.14874, 826.332, -446.845
2.75042, 880.464, -68.9714
6.63909, 540.627, 527.347
5.94228, -965.622, -748.122
6.18112, 259.02, 735.959
6.94286, 995.106, 450.555
4.25508, -385.396, -534.057
6.72991, 182.309, 26.3616
3.84659, 669.677, -166.146
4.83959, 73.7631, -170.63
3.2686, -643.958, -422.532
2.66527, 607.229, 142.839
7.2768, -4.13854, 70.3028
6.95369, 109.514, 495.604
3.29884, 682.392, 248.853
3.15214, 429.164, -573.784
2.515, -451.31, -817.306
6.0491, -954.417, -175.416
3.40448, -517.799, 873.676
5.76029, 773.363, -363.73
4.42907, 363.649, -698.958
3.23766, -2.47813, -225.974
5.45054, 687.904, 173.599
3.24076, 115.048, 910.188
3.2091, -182.092, 965.134
4.94257, -494.706, 128.9
3.13015, 916.313, -72.0854
5.64635, -360.316, -599.208
5.60817, 301.837, -745.139
4.88216, -502.674, 604.768
2.64188, -589.016, -228.452
3.21011, -144.528, 802.293
3.15594, -179.936, 893.258
3.31099, -817.291, 766.617
3.76529, -268.902, -855.948
4.77654, 568.879, -731.508
6.54472, -95.0267, -300.533
3.57624, 302.954, 861.516
3.75063, 817.273, 361.243
5.02978, -57.7516, 721.259
6.27922, 634.999, 195.991
5.66369, 903.083, -73.0739
5.9449, 645.352, -123.737
7.27207, 972.605, 406.048
5.18713, -422.042, 705.375
4.57014, -788.494, 33.887
4.70019, 752.365, 154.219
6.07821, 737.639, 459.145
6.20858, 411.46, 600.083
5.12494, 771.509, -960.917
6.06711, -868.099, -73.7071
5.91025, 334.913, -21.927
6.82941, 832.684, -600.124
3.19597, 86.8681, 778.196
3.57766, 975.818, -99.9354
5.0733, -367.081, -109.277
4.83766, -120.032, 759.097
3.55759, -268.77, 612.661
5.65244, -692.779, 994.375
2.5044, -990.916, 225.958
4.09589, 453.928, 545.782
5.90281, 364.228, -161.262
6.0446, 671.964, -588.589
2.90869, -809.995, 656.417
3.56926, 261.419, 530.172
4.44412, -836.539, -572.268
4.44927, 897.046, 903.64
3.92018, 383.679, -461.339
4.6123, 566.564, 552.779
2.55658, -605.163, -438.524
3.72027, 956.605, -618.06
4.49072, -725.139, 641.795
6.64177, -646.787, 201.744
3.78584, 974.542, -685.486
3.59705, -799.523, -532.681
6.47385, 391.213, 269.153
5.8476, 504.619, 392.15
5.49108, -889.523, 277.103
5.99917, -362.901, -544.625
5.13062, 525.768, -763.655
4.14833, 179.639, 104.877
3.30844, -714.22, 404.739
6.56633, 719.537, -28.9144
4.08004, 478.006, 114.493
4.05369, 56.0839, -730.213
4.65424, 35.8396, 173.651
4.46509, -249.74, -477.742
4.43916, -48.6953, -109.454
4.34871, -841.279, -442.131
5.88118, 343.357, -492.665
6.10384, 455.508, 27.9809
7.20082, -73.3901, 892.293
5.08573, -79.273, -357.186
5.5282, -195.384, 322.834
5.85049, -697.104, 974.985
5.11404, 82.4101, -310.867
3.87105, -965.512, 654.53
7.08924, 93.2094, 285.607
3.73367, 937.953, -465.223
4.77876, 386.656, 686.198
3.30374, -954.931, 636.998
4.68319, 414.671, 412.045
7.45767, 501.258, 166.43
6.26931, -440.225, 391.176
4.97846, -989.147, -656.758
7.01651, -666.168, -839.764
4.68213, 493.005, 564.275
5.09239, 169.07, -985.295
4.44866, 88.1166, -864.323
5.63431, -226.484, -568.208
5.19331, 417.184, 318.111
4.35955, 632.078, -438.982
2.54674, -370.407, 365.731
6.3794, 41.5552, -790.811
2.85317, -888.453, -559.557
3.98511, 446.506, -679.524
4.78581, -40.2376, -899.154
3.25156, -97.2119, 41.0291
5.97819, 667.814, -429.309
4.15587, 371.117, 160.472
5.21197, 972.443, -883.346
2.64678, 714.933, -992.533
5.38086, -21.0106, -241.517
5.18133, 362.389, 476.191
7.36678, -756.053, -927.099
5.57063, -297.575, -621.798
5.26431, -746.996, 213.974
6.69051, -281.46, 906.947
3.75764, -483.919, 943.772
6.98957, 631.465, -146.612
5.97428, 517.867, -507.782
5.82752, -472.896, -95.9418
3.06838, -580.374, -768.143
3.37987, -985.137, 94.3324
2.91253, -136.169, 197.211
6.68103, -248.327, 373.421
2.64818, 942.93, -757.684
6.34719, -4.85806, -847.274
4.29829, -501.054, 867.057
6.24626, 1.17254, 536.722
6.28385, 362.963, 342.742
3.60834, -538.379, -925.401
5.58305, 305.163, 126.212
3.66846, -550.025, -255.283
6.22052, -668.679, 304.964
5.80997, -907.648, -682.785
4.9209, 900.997, -748.431
2.58972, 828.055, 240.589
4.98291, 444.988, 191.878
5.09587, -114.363, -890.127
4.71395, -874.298, 533.867
4.14528, -63.2464, 951.995
3.52671, 485.844, -107.731
7.19863, -253.049, -655.063
2.85168, -499.779, 927.378
3.30042, 52.2302, -750.025
6.70788, -789.763, 31.4927
4.13614, -156.221, -267.836
6.85942, 155.604, 427.242
5.99896, 672.364, 516.239
5.52801, 869.846, -221.175
4.77536, 79.2305, -272.294
2.91543, -520.855, -183.359
3.94883, -55.1329, -153.331
6.51009, -568.83, -788.589
6.81821, 336.86, 56.4794
3.81831, 422.32, -511.838
4.79881, -837.06, -235.057
4.95672, 600.394, -528.227
5.82344, -467.538, -991.562
7.31738, -626.564, -151.488
7.23022, 587.932, -733.141
2.81902, 223.684, -656.451
5.04829, -407.285, -309.514
6.13222, 668.497, 654.202
5.65882, 602.573, -340.201
3.26658, -916.276, -908.988
5.09652, -869.143, 540.901
3.52281, -557.844, 856.7
6.03231, 399.673, -821.451
6.05786, -475.541, -12.7705
3.66304, -587.807, -238.837
6.80594, -65.9132, -133.736
2.67122, -110.245, 952.536
6.26587, -936.104, 49.4852
4.14789, 644.211, 178.876
4.65309, 72.2388, -534.811
7.33455, 971.636, -193.238
4.05803, 734.097, 698.452
5.69762, 991.774, -702.138
5.95386, 865.522, -62.8734
5.36403, 81.3737, 629.818
6.60667, 891.091, -682.561
4.21807, -909.419, -684.288
5.09387, -808.187, -777.798
6.78438, 122.726, -953.267
6.18587, 347.655, 36.7323
3.45992, -949.767, 392.995
2.83145, -308.195, 341.255
3.60828, 846.692, -720.617
3.33656, 171.255, -237.503
6.31172, 382.122, -941.527
5.44905, -844.419, 425.91
4.65223, 859.459, 851.836
7.09618, 661.533, 12.0432
5.09668, 446.299, 197.271
7.38058, -677.909, -19.7598
5.15714, -453.256, 147.915
2.98716, 334.138, 395.066
5.83983, 219.967, 98.0385
5.44444, 141.224, -18.2026
5.01137, -702.906, -109.906
2.75808, -934.65, 461.305
2.6753, -350.8, 32.8105
4.41484, -785.631, -511.306
5.55555, 192.217, 103.589
5.06574, 541.398, 875.763
5.98498, 301.335, -26.5215
4.89891, -25.7666, -185.198
3.88323, 68.3711, 421.335
6.01685, -439.499, 210.251
3.67701, 875.72, 59.6132
6.41501, 191.582, -174.388
6.60589, 361.883, 838.774
3.21842, -537.621, 54.1333
5.75757, -493.639, 803.268
3.87677, 870.845, -988.376
7.26215, -437.472, 716.862
4.58238, -752.964, 13.8314
3.03869, -126.848, 404.153
4.70633, -799.34, 531.973
6.28811, -415.88, -304.335
2.77803, -338.542, -321.56
3.51241, -28.7317, 145.611
6.82305, 945.709, -783.015
6.52456, -265.344, -14.2228
2.78861, -680.117, -674.37
4.40304, -64.021, -701.43
4.56124, -149.176, 766.326
2.80071, -382.482, 302.545
7.09746, 798.871, 637.629
3.35398, 539.111, 803.186
6.51634, -935.063, 148.279
3.88599, 723.425, 45.1348
4.44586, 173.262, 738.635
7.19936, 52.1248, 623.693
6.24573, 160.268, -161.91
3.44774, -324.411, 760.736
6.89581, 437.006, 485.698
6.8953, 419.065, -852.475
3.30515, -813.344, -267.826
5.87346, -805.821, -166.352
6.89096, 626.851, 125.865
6.98262, 265.354, 533.244
3.06535, -26.1779, 755.779
5.93789, -233.87, -247.799
3.21651, -843.344, -759.252
3.6901, 415.84, -44.666
5.64383, 949.578, -218.022
4.312, 817.185, 361.938
4.64437, 588.523, 718.033
4.91936, -7.9957, -845.16
6.20379, -1.51597, -102.133
3.23098, -396.191, 866.455
7.36238, -837.34, -777.083
7.3158, -518.783, -190.019
3.14741, -602.641, 666.027
5.3784, -320.616, -607.103
4.66439, 170.919, -121.034
5.50066, -240.187, -261.602
5.85098, -700.7, -137.322
4.5137, 396.314, 989.384
6.46691, 639.535, 696.815
4.89889, -978.746, -251.12
5.72449, 294.805, 277.407
4.28836, -245.748, 598.625
5.96794, -330.941, -220.872
5.83428, -416.969, -707.763
3.22071, -373.896, 709.803
7.10415, -984.497, 213.202
4.22228, 32.5616, -235.926
6.66824, -416.815, -470.913
2.74349, 269.901, -749.502
3.27936, -246.764, -75.6185
2.55765, 331.634, 510.414
3.94327, 121.421, 589.298
5.07295, -352.25, -170.972
3.65948, 683.419, 438.015
2.75022, -241.394, -66.8188
5.33091, -595.374, -849.555
6.69774, -153.972, 669.549
4.28763, -641.689, -422.219
4.3452, 168.906, 870.774
7.22226, 255.935, -73.6375
4.72425, -905.797, -184.433
6.82086, 495.496, 189.515
5.82654, -789.96, -737.118
5.79297, 163.545, 666.098
7.10736, -961.134, 963.024
5.11536, 939.355, -614.237
5.45229, 439.383, -442.237
5.79944, 668.763, 670.948
4.24765, 292.568, 460.422
4.11714, 334.234, 61.8529
7.08984, -112.532, 738.76
3.08619, 903.592, -446.349
7.31268, 676.195, -171.116
5.17978, 46.452, -332.631
5.81447, 857.181, 635.379
5.48362, 887.441, -508.477
6.93363, -506.129, -746.819
6.67999, -671.391, -607.579
6.69339, 246.617, 204.115
6.85642, -215.447, 341.784
2.5002, -768.784, 334.363
4.77274, 258.074, 351.307
4.25696, -933.621, 151.371
5.80713, -258.109, 709.475
6.22234, -872.932, 152.826
3.3821, -117.919, -445.139
7.4621, 794.494, -814.631
5.95466, -933.176, 175.009
6.97862, 140.914, -18.9214
3.51579, 375.095, -131.471
7.2356, -456.171, -36.4772
4.88476, 897.949, -506.563
6.78578, 922.028, -746.431
6.41237, -982.674, -561.379
5.70687, 915.211, -903.301
3.14521, -724.974, 147.563
5.77944, 4.00472, 649.608
3.09199, 53.0464, 9.68519
3.88793, 336.52, 804.965
6.65548, -219.45, -226.957
6.14153, -752.47, -513.658
6.74348, -597.773, 295.962
3.43989, -785.574, -949.028
6.09602, 558.642, -278.671
4.25586, 160.838, 332.598
3.34555, -415.869, -687.073
4.52383, 340.026, -550.242
4.20924, 158.971, 771.774
6.67141, 395.554, -125.551
3.9111, 698.039, 584.071
5.16766, -673.035, -477.368
6.25085, 995.261, -853.069
4.62554, -684.856, -763.326
4.66964, -570.865, 546.96
3.03022, 858.109, -932.915
6.4639, -37.4871, -466.678
3.91232, -572.928, -484.053
7.14264, -580.186, -237.002
5.37926, 239.103, 521.352
3.4895, 816.828, -288.531
5.99081, 575.365, -758.204
3.07265, 495.565, -961.11
4.22945, 307.55, 788.452
4.15646, -582.175, -237.956
6.42735, 828.511, -962.954
6.65775, 459.714, -212.909
4.21712, -740.201, 755.221
4.2603, -274.811, 886.543
6.38197, 145.815, -834.153
6.58658, -12.9491, 688.159
4.26157, -130.091, 285.452
7.09559, -433.312, -301.308
3.2877, 490.474, 253.096
5.56029, -488.82, 563.932
5.54222, -374.038, 710.151
3.16647, -252.209, -746.677
3.51409, -746.567, -477.184
4.79457, -857.327, 501.13
3.48759, -528.429, 927.243
6.77118, -839.813, 372.798
6.54562, -759.624, -693.563
2.80131, -907.603, 886.962
6.50584, -718.041, 656.682
5.49597, -193.109, -543.901
7.43182, -891.52, 308.615
2.65919, -163.482, 638.272
6.8356, 946.626, -773.727
3.69109, 669.087, 347.792
3.6127, 177.169, 432.388
4.73907, -991.801, -542.111
2.61231, 861.332, -172.71
6.79755, -252.679, 22.7596
4.15902, 213.774, 590.873
5.72195, 306.799, 249.544
7.43521, -946.362, -482.452
5.30162, 284.607, -584.021
4.74553, -758.253, -246.205
5.213, 171.441, -716.562
2.90797, 773.117, -32.8082
3.99606, -803.83, -272.599
6.63964, 823.899, 680.598
6.48936, 625.911, 938.451
5.71048, -102.951, 679.707
4.84105, 630.995, 386.935
7.15326, -197.689, -611.08
5.08798, -249.175, -71.1228
7.42924, 798.165, -541.793
5.94567, -81.7044, -724.25
6.19966, -181.083, -445.036
3.46323, -392.391, -935.662
6.08881, -451.229, 625.287
6.11146, 570.052, -181.68
6.49298, 266.265, 153.916
4.23216, 255.412, -997.682
5.1481, -15.7392, -58.3948
3.19001, 715.888, -361.661
6.73218, -225.489, -204.983
6.32766, -84.9972, -885.903
7.5, 923.516, -416.802
4.24891, 483.099, 995.07
5.50367, -601.285, 591.77
3.50808, -496.314, 84.783
6.2385, 28.198, 152.104
6.49225, 977.266, 216.181
3.03505, -706.219, 109.37
5.35813, -507.243, 47.3907
2.84683, 358.4, -333.162
4.16036, 749.67, 689.371
5.80945, 487.263, -708.47
5.27726, 172.573, -195.02
7.12415, 228.957, -11.7322
2.69832, -486.29, 227.004
2.62083, -312.062, 240.559
4.61923, 214.637, -656.977
4.36987, 460.796, 136.294
2.93303, -236.163, -260.042
3.05403, -162.768, 166.503
5.31992, 369.038, -348.598
7.37269, 62.1877, 742.739
3.05066, -47.9934, -881.803
5.99352, 99.0427, 982.275
2.79674, -50.2472, -743.674
4.69755, 835.608, -108.764
5.24651, 992.889, 716.372
3.45129, 691.805, -750.636
7.36597, 313.528, 327.719
3.19593, -676.341, -72.1431
5.48978, 942.501, -432.875
7.12812, -873.351, 704.222
3.91116, -75.4656, 890.732
6.8307, -139.87, -81.1059
6.29598, -228.722, -601.365
6.10793, 353.379, 623.74
3.34241, -377.208, 370.525
3.32882, 838.531, 374.809
3.39076, -647.391, -990.593
5.87226, 335.825, -602.75
4.83484, -355.318, 40.1618
6.85219, -811.561, -358.214
5.76023, -696.483, -117.58
5.80464, 763.201, 881.964
2.58037, -660.899, -596.043
4.30596, -779.832, -667.916
3.72747, 925.776, 120.259
6.93086, -938.209, -950.786
5.23701, 825.299, 773.45
6.57209, -26.2639, -652.301
5.24453, 173.952, 868.796
4.16156, 506.421, -55.9687
4.40213, 24.8519, -654.837
2.52389, 932.514, 655.212
6.95226, -90.641, -397.3
6.16955, -498.005, 686.28
6.04239, -153.722, 669.214
5.1278, 54.2681, -187.464
6.41065, -191.727, -815.614
3.42484, -385.318, -470.452
5.72673, 244.613, 511.538
3.42178, -690.022, -343.696
3.31214, 64.1356, -85.1092
2.65594, -181.923, 850.747
7.42716, 130.311, -665.594
4.04559, -332.109, -717.925
4.11075, -668.628, -297.664
5.51155, 288.029, -232.893
2.89107, -329.58, -923.296
3.93936, -18.8991, 88.8314
5.79307, -122.645, -493.88
7.36348, -994.171, -349.013
7.27758, -363.191, -796.823
7.42745, -671.046, -289.46
7.30478, -914.501, -764.581
3.0073, -558.801, 568.899
3.71505, -126.211, -490.241
6.91151, 98.883, -433.769
5.28805, 340.662, 701.51
6.7669, 803.178, 515.911
7.49145, -535.164, 522.884
3.99751, -257.879, -481.87
6.33157, 980.072, 488.791
4.81901, 284.084, -143.37
6.8168, -636.256, -793.635
6.99018, 860.959, 5.39857
7.377, 258.013, -416.877
2.77405, 661.102, 79.3313
6.32605, 948.862, -618.284
5.09219, -934.082, 739.463
3.46574, 931.978, -242.803
6.98252, 195.257, -543.153
6.38492, -831.52, 98.3151
2.75968, 416.142, 541.521
7.47331, -854.847, 765.917
5.93659, -2.27009, -459.416
5.94854, 888.414, 496.793
6.57666, -657.328, 820.943
7.05426, -36.5697, -436.02
3.34218, -201.384, 404.779
5.24183, -580.114, 804.296
6.53351, -481.454, -252.231
4.17803, 320.247, -531.553
5.53435, -101.219, 39.8392
6.59602, -953.608, 334.099
7.3485, 85.7224, -247.435
6.29349, 585.206, 492.931
3.72113, -183.714, -93.0563
5.80589, -572.232, 403.776
4.21574, -447.932, -186.498
7.27146, 376.195, -396.487
2.60828, 803.869, 555.899
4.54979, -892.038, 947.181
2.55789, 590.926, -673.004
3.04964, 841.761, 201.093
5.28259, -850.657, 91.372
4.45466, -31.9858, -235.108
7.20539, 117.973, -182.689
2.55572, 179.296, 396.131
6.22897, -223.781, -435.386
3.84293, 109.792, 128.845
4.27153, -679.44, -760.409
3.45835, -465.597, 617.05
5.14832, 295.935, -170.166
4.39478, -58.7362, -855.122
3.16407, -12.8841, -802.695
4.26563, -124.933, -565.79
4.2497, 783.954, 986.139
7.41084, 611.096, -120.841
5.25961, 150.694, -385.816
4.99918, 13.4479, -714.043
3.58531, -834.671, 457.625
4.37311, -231.636, -652.085
6.78251, -663.082, -472.222
6.45578, 788.889, -510.363
3.9204, -491.421, 929.097
5.07645, 437.494, 100.479
6.79238, -294.235, -25.4894
7.07844, -946.319, -172.805
7.48941, 136.667, 917.078
6.53177, 172.574, -194.97
5.22718, -905.04, -184.673
7.3461, 149.748, -737.794
5.31931, -585.298, 362.643
4.03031, -415.55, 660.357
5.41853, 967.406, 953.747
2.91197, 55.5728, -332.417
5.47382, 354.521, 624.131
3.31968, -598.764, -591.675
6.46527, -610.067, -436.641
2.95373, 578.898, 741.334
6.3072, -505.516, -679.815
6.83996, -219.29, 32.8073
6.40105, 192.2, -334.477
6.61399, 908.621, 970.859
6.70974, 372.614, 553.466
4.48328, 532.705, 256.232
6.508, -159.467, 170.254
6.56811, 380.875, -44.1934
5.43493, -409.993, 101.362
4.64621, 796.304, -50.4403
2.5002, -68.5809, -479.376
5.31153, -815.552, 316.567
6.22632, 335.938, 355.807
3.89846, 965.328, 298.004
2.93406, -987.506, 565.168
3.5733, 853.479, -880.949
3.93296, -493.521, 555.225
4.86595, -407.064, 475.503
6.95893, 845.48, 819.893
5.91955, 507.383, -500.208
3.54376, -50.8784, -65.4919
6.67533, 794.543, 12.1781
7.09218, 941.497, 917.59
4.48244, -474.747, -701.528
6.37858, 541.741, 538.147
5.68161, -161.65, -90.6408
6.64746, 483.599, 292.368
3.40204, 558.907, -458.112
7.45927, 579.701, -765.601
6.70558, -150.844, -845.005
4.65177, 888.648, 266.27
4.38589, 596.813, 890.361
2.70802, 655.885, -505.866
6.80715, -808.122, -540.061
6.62116, 911.966, -907.273
6.25052, 16.5179, 733.76
3.55801, -165.172, 994.13
4.31029, -781.913, -192.314
4.43545, -591.498, -803.734
7.32918, 805.272, 640.405
6.5872, -168.385, 630.999
4.5755, -82.4599, 449.441
5.83759, 205.971, 184.164
2.52101, 477.464, 975.386
6.98048, -742.248, 254.997
3.68416, -343.438, 355.317
3.79415, 359.642, -96.1637
5.4939, 407.153, -708.179
6.89823, -845.659, 379.018
6.16299, -565.624, -592.413
6.0773, 914.09, 570.786
3.57724, -608.596, 481.041
6.30413, 678.567, -958.221
3.85351, -160.37, -560.837
2.75246, 667.859, 342.82
4.78866, 268.599, 245.669
2.58759, 449.342, -779.445
3.01129, 75.4359, -175.571
2.639, -129.32, 281.076
5.65921, -340.757, -515.564
6.34425, 84.5408, -246.736
2.74132, 525.579, -840.886
6.6924, -58.1984, -630.682
6.76899, -263.105, -320.902
6.57649, -444.535, 573.962
6.85188, 795.194, 405.83
5.27222, -634.318, -172.391
6.12646, -296.365, 59.9841
3.20424, -527.745, 938.539
6.6115, 601.239, -530.514
5.51185, 734.17, -197.475
4.93856, 509.199, -921.135
6.14942, -288.638, 953.917
4.05164, 757.62, -669.354
3.93925, -699.346, 354.246
5.45857, -953.627, 811.234
5.34055, 656.719, 886.399
5.41059, -928.405, -578.953
2.84132, -689.506, 283.212
4.34304, 152.992, -381.754
6.28475, -937.533, -576.254
6.35297, -447.007, -875.24
4.27217, -394.094, -252.245
5.98913, 243.287, 932.908
5.08005, -684.176, -303.711
5.94494, 391.639, 131.767
6.18066, -82.1765, 615.674
2.56231, -343.681, -675.353
7.16549, 605.419, -122.895
5.37826, 133.671, 126.547
3.05587, 458.93, 974.795
4.87388, -109.305, 24.8343
3.24247, 173.455, 94.0501
4.22594, 50.9672, 450.019
7.04476, -933.128, 184.262
4.54571, 15.4378, 516.283
5.96642, -678.973, -76.8778
3.35865, 383.212, -934.307
6.21715, 893.526, -504.74
4.16319, -423.636, 641.284
4.62157, 668.126, 311.437
2.79523, -137.255, -115.452
5.09005, 282.21, -239.974
5.94425, 474.743, -581.564
5.01149, -257.615, 22.2073
6.56617, -169.074, -751.607
3.07974, 81.6816, -939.874
5.24841, 266.553, 465.536
5.06046, 411.894, 21.3575
6.02649, 953.259, 441.676
5.65083, -236.835, 890.127
4.0207, -24.0411, -633.758
6.74719, 400.158, 372.235
3.39619, 602.171, -20.3029
2.61737, -530.85, -100.283
4.19467, 740.734, 54.2142
3.43818, 350.543, -84.6801
6.60467, -286.318, 190.433
6.72507, -895.749, -156.169
6.78031, 845.784, -719.98
7.37454, -954.658, 640.75
2.99587, 470.413, -448.473
2.56182, 564.459, 657.104
2.58614, 219.685, 585.758
2.64527, 252.469, 94.9877
4.1031, 150.769, -390.339
6.17815, 627.821, 302.706
3.14876, 365.197, 475.426
2.5161, -367.969, 507.555
6.91905, 139.061, -791.082
3.70482, 231.555, -574.894
4.38481, -821.489, 759.253
4.44879, 609.742, 186.313
2.81534, 595.878, 295.193
7.30792, 183.71, 959.002
3.75349, 726.92, -338.091
6.85376, -680.626, -58.0606
2.85991, -919.126, 427.689
2.70653, -625.326, 578.111
3.46378, 363.302, -523.758
3.86708, -310.648, 302.854
7.4007, -953.463, -365.675
3.60607, 324.843, -540.073
6.43119, -875.945, 856.673
4.42306, 301.336, -422.381
3.78593, 480.339, -637.163
3.91087, -948.333, 65.9523
7.33834, 868.675, -33.8691
4.22841, 768.871, 172.791
3.45922, -984.715, 737.968
5.05037, -547.961, -379.276
5.21857, -558.231, 634.818
5.72333, -636.787, -615.729
3.89738, -10.2219, 787.934
3.41887, -296.559, -720.295
2.71579, -842.146, 378.507
3.98408, -503.308, -265.441
4.25548, -231.572, 140.876
7.09372, -421.314, 728.752
5.81225, 505.44, -362.727
5.08041, 867.029, 586.446
4.03763, 616.593, 588.609
3.0007, -353.203, 155.418
3.47502, 380.155, -881.079
4.11407, 31.5294, -132.275
5.56182, 965.288, 86.6225
5.13511, 961.463, -984.662
3.45653, 256.63, 285.342
4.7178, -649.829, -428.572
4.48693, -710.135, 855.582
6.28051, -607.347, 744.825
6.6213, 737.03, 602.628
5.51573, 141.978, -344.312
3.04573, 610.379, -829.724
4.11797, 487.393, -165.417
5.03403, 8.19126, 318.841
4.76521, -648.258, 798.48
4.77315, -181.332, -461.485
4.91125, 917.924, 910.118
5.07896, 369.61, -651.353
4.50207, 197.564, 817.455
4.22945, 962.461, 485.129
6.64533, 928.349, -240.21
3.02204, -733.138, -799.096
6.40057, 586.846, 569.17
3.19919, -297.676, -239.517
2.62171, -801.767, -515.701
6.0664, 407.167, -755.769
7.15538, 155.696, -822.395
7.47667, 181.262, 174.845
3.86264, -882.26, 152.892
3.6923, -477.488, -254.284
3.87328, 963.746, 620.26
5.70836, -909.315, -731.178
5.17637, 310.813, 156.2
6.8967, 836.756, -297.161
6.75968, -663.229, -840.501
2.98004, 910.01, -35.3089
4.66818, -751.07, 198.758
3.17045, -205.714, -757.868
5.86802, -160.788, 317.141
5.34964, -53.4135, -480.658
3.66474, -624.143, 562.912
5.50306, 266.765, -689.989
2.6551, -803.942, -28.2973
7.08512, 569.053, -312.46
3.82958, 864.538, -179.172
6.50016, -184.975, -509.442
5.46389, 169.349, -724.483
5.0822, 358.999, 616.688
5.2567, 319.391, 644.475
3.47225, 507.356, -233.504
5.36152, 121.276, -743.522
3.81992, 214.001, 402.875
4.41648, -765.317, 539.81
2.73626, -754.638, -897.575
4.22823, 587.111, -670.679
3.61594, 679.458, -437.18
3.81264, 16.9307, -737.743
3.05141, -430.25, -402.241
7.40088, -705.999, 20.3159
5.93794, 797.955, 642.065
5.82158, -547.95, -379.194
5.99501, -601.995, -673.23
2.68746, -833.405, -775.693
3.6706, -628.94, -745.737
3.95397, 717.375, 694.025
3.50543, -39.838, -260.054
2.7177, 376.184, 332.483
2.56571, -533.486, 521.798
6.07297, -527.751, 765.576
6.88348, -871.15, -630.294
5.35088, -887.846, 271.996
6.92743, 866.025, 871.156
5.20042, -356.482, -280.148
3.31357, 930.079, -647.825
3.30492, 968.197, 440.268
7.19182, 319.457, 287.513
3.45628, 554.393, -852.944
3.15761, -4.7692, -109.155
4.41122, -315.513, -5.22859
6.12674, 257.793, -265.524
2.50651, 539.752, 874.947
4.60222, 21.194, 735.936
5.18984, 308.269, -214.031
4.86596, -238.831, 247.381
6.33003, 544.76, 869.829
2.9396, 555.03, -470.071
7.04284, 133.581, 323.929
3.20818, -877.167, -395.551
2.54782, 436.486, -51.8427
2.82267, 239.773, 520.542
4.96742, 381.886, 222.499
5.40914, 532.848, 985.712
4.03373, -948.966, 544.89
4.57091, 917.781, -67.9688
4.33401, -574.473, -689.134
3.42687, 185.382, 669.079
2.76788, 638.893, 161.812
4.47222, 541.552, -65.4774
3.98388, -348, -132.028
5.05388, -396.329, 820.896
3.75392, -699.807, 230.362
5.01589, 965.26, 885.008
2.51168, -16.0531, 797.832
7.01807, 997.203, -448.23
2.79181, -906.041, -948.454
5.17506, -688.707, 804.929
3.95754, -384.481, 875.51
7.3023, -814.434, -272.447
4.73406, 319.707, -109.229
5.08479, 895.058, 167.681
5.93861, -256.193, 14.7904
2.72187, -160.637, 76.154
7.2946, -798.282, 606.949
5.70852, 363.48, 155.555
2.80215, 630.444, -781.156
3.33964, 48.5017, 268.2
5.76491, 487.607, -249.534
6.19864, -769.508, 339.574
3.57011, 860.445, 200.653
4.31441, 157.393, -874.794
6.56981, -648.144, 934.938
5.32057, 807.812, -470.615
7.45886, -42.5277, -897.103
6.5669, -763.675, 397.639
3.49157, -994.154, -23.0451
2.50003, -161.814, -854.18
4.62608, 944.32, -775.244
4.07406, 834.263, 194.992
5.56218, 606.92, -933.949
3.83351, -202.519, -544.333
4.39881, -595.097, -61.1455
5.43397, 966.898, 295.767
5.95636, -141.543, -515.586
7.26736, -459.378, -571.918
4.89785, -292.855, -954.816
3.60319, 375.895, -730.724
5.33741, -724.877, -447.017
6.09873, 433.24, 364.287
4.4953, -488.391, 563.616
3.48326, -689.589, 990.494
6.66971, -674.298, -759.339
5.59561, -449.402, -868.417
7.26866, -294.632, 172.335
3.23222, -14.3723, -280.022
5.38953, 40.7064, -460.045
7.26796, -392.281, 723.076
3.62331, 720.477, -977.651
7.25137, -490.093, 809.035
3.07874, 799.186, -518.28
2.58372, 29.6342, -262.465
3.90465, -351.98, -171.25
7.15042, 647.772, 168.005
3.04796, 746.481, 871.97
6.77266, 30.4435, 830.367
5.68532, -726.583, -732.351
5.63853, 409.119, -711.248
3.80589, 727.624, 743.366
5.13936, -950.987, 220.073
7.16608, -268.28, 913.589
3.98055, 923.464, 101.291
4.78006, 155.811, 456.639
6.35659, -656.615, -621.608
4.17193, 99.4732, 116.06
6.31775, -39.5393, -944.426
6.65892, -30.0649, 943.229
2.64618, -725.19, 568.363
4.31315, 715.461, -267.666
4.16221, 283.871, 461.157
3.17675, -519.263, -304.901
3.00839, -306.725, 623.706
5.11327, -610.045, 815.41
3.52046, 30.6558, -534.527
5.00728, -869.089, -630.943
5.1371, 3.04127, 961.801
4.13422, -269.217, -292.975
4.75888, 226.139, -445.301
6.85263, -7.43294, 985.938
4.72884, 645.811, 865.339
6.03726, -458.941, -919.929
6.83171, 915.406, -699.278
6.5822, 870.73, 221.338
2.67504, 895.964, 837.659
3.8644, -654.198, -236.392
5.21858, -422.829, -430.859
3.19942, -991.904, -546.947
5.57408, -779.417, -936.064
3.29182, -693.234, -605.627
4.41129, 98.9963, 221.181
5.94997, -94.3374, 189.538
3.21128, -389.038, 460.746
5.65284, -785.09, 794.609
3.15973, 199.523, 936.377
7.13583, -739.704, 250.94
5.53465, -939.456, 784.902
5.50388, -922.101, 370.589
3.33635, 599.569, -527.234
3.301, -863.535, -401.349
5.91628, 624.139, -29.8993
5.1456, -715.056, -13.9592
3.65264, -131.945, 811.65
6.55373, -502.339, -58.2673
5.76477, -420.499, -560.899
4.08597, -551.869, -584.096
2.53953, -262.634, -816.093
3.49176, 728.594, 742.518
3.78831, -8.63231, 382.083
3.03825, 891.661, 38.7034
3.49545, 132.579, -435.458
6.75079, 803.754, -772.059
6.63912, -985.152, 213.43
6.76813, -960.371, -552.112
5.71027, 285.617, 779.801
3.6787, 728.52, -989.02
6.80638, -502.641, -810.037
5.4745, 36.8872, -102.35
2.52745, 507.33, -29.8931
6.84925, -662.997, -471.239
7.37729, 650.197, 106.585
5.59653, 379.35, 13.5388
3.85574, -943.528, 379.997
7.46973, -159.121, -634.94
4.60751, -723.489, -530.147
4.20537, -794.896, -615.479
4.80717, 362.993, -137.774
4.44822, 264.457, -379.22
4.613, -50.3708, 515.462
2.84879, 131.944, 287.378
5.5153, -58.1957, -127.114
7.36114, -49.7097, 230.999
5.07406, -696.8, -535.904
7.45461, 955.841, -137.702
5.84906, 625.36, -148.36
4.01716, -605.788, 70.6562
3.47371, 875.33, 566.242
4.0109, -709.777, -937.586
4.93946, -334.856, 461.369
4.72438, 530.8, 980.289
5.7844, 319.72, -941.785
3.74227, -779.6, -667.156
4.72007, 54.9199, 555.931
5.75894, -691.868, 53.9003
6.67472, -713.767, 188.745
6.03698, 200.086, 820.337
4.93928, -871.498, -602.438
6.72039, 399.887, -239.171
7.00296, -498.703, -183.541
6.33082, -650.948, -526.652
5.29453, 628.75, 848.606
2.70603, -21.8294, 92.115
5.46749, 564.322, 65.5058
2.68674, -681.021, 827.86
4.53488, 22.9553, 437.017
2.84243, -976.449, -882.121
7.38558, -778.113, -882.496
2.5956, -517.408, -233.504
6.60363, -160.288, -273.001
5.2195, -374.663, 878.213
5.72828, 792.025, -332.551
3.62934, -260.751, 57.2474
2.733, 828.325, -694.895
3.63154, 214.68, -556.008
4.58371, -633.575, 135.244
6.40126, 266.04, -631.985
3.72852, -922.441, 388.903
4.81411, 659.321, 88.0712
6.14756, 928.954, 291.283
5.35237, -330.429, 816.071
5.45997, 928.306, 925.118
4.98425, -944.003, 281.068
3.951, 494.462, 109.142
4.71107, -5.46704, -226.663
2.53669, 854.798, -395.959
7.41683, 496.981, -359.322
2.52822, -810.162, -145.645
4.8676, -98.4969, 735.925
5.86497, -310.355, -121.99
