6.27803, -735.534, -990.271
3.5948, 59.1316, -94.8512
5.89648, 361.425, -901.663
5.09708, -239.888, 883.791
2.76731, -935.616, 653.647
2.53849, 339.25, 56.5554
4.58743, -852.872, -231.974
7.15218, 178.862, 377.576
2.95982, 49.9208, 691.872
6.00595, -159.743, 318.994
3.81226, 530.184, 814.907
4.14117, 471.45, -899.555
7.45519, 509.01, 258.674
7.41275, -500.76, -263.027
5.75759, 502.697, 442.382
6.92354, 261.99, -848.684
6.33247, -120.091, -450.37
3.87453, -509.212, -53.2349
4.93259, -673.937, -293.749
2.80282, 822.043, 784.396
5.08146, 6.567, 801.12
4.96988, 965.546, -363.514
7.23882, -812.748, -469.236
4.42071, -11.9099, -837.317
5.14874, 822.06, -450.404
2.75042, 867.963, -57.7414
6.63909, 543.84, 540.89
5.94228, -957.154, -744.466
6.18112, 258.827, 734.285
6.94286, 982.278, 449.737
4.25508, -377.731, -535.854
6.72991, 182.618, 25.7732
3.84659, 661.525, -161.58
4.83959, 69.8561, -175.706
3.2686, -651.225, -436.725
2.66527, 615.885, 141.168
7.2768, -9.49633, 77.2885
6.95369, 110.593, 492.501
3.29884, 677.081, 246.136
3.15214, 428.4, -571.548
2.515, -452.859, -815.075
6.0491, -944.349, -176.162
3.40448, -505.164, 864.293
5.76029, 771.481, -359.807
4.42907, 367.023, -698.005
3.23766, -11.9824, -233.109
5.45054, 677.121, 171.185
3.24076, 127.118, 909.073
3.2091, -180.855, 960.564
4.94257, -491.399, 126.085
3.13015, 892.438, -71.0421
5.64635, -356.593, -595.189
5.60817, 299.585, -740.621
4.88216, -497.429, 600.009
2.64188, -565.778, -252.272
3.21011, -133.192, 803.56
3.15594, -181.769, 887.838
3.31099, -825.442, 754.366
3.76529, -267.564, -849.846
4.77654, 582.483, -741.457
6.54472, -93.89, -299.22
3.57624, 301.901, 855.684
3.75063, 816.619, 366.082
5.02978, -58.5588, 719.76
6.27922, 636.857, 176.212
5.66369, 908.493, -67.2099
5.9449, 626.438, -136.005
7.27207, 967.193, 411.898
5.18713, -424.517, 722.994
4.57014, -781.585, 34.9965
4.70019, 750.55, 157.227
6.07821, 734.826, 458.046
6.20858, 406.335, 595.801
5.12494, 769.716, -958.062
6.06711, -863.319, -74.8202
5.91025, 333.265, -21.3934
6.82941, 830.869, -597.712
3.19597, 83.4752, 772.366
3.57766, 966.625, -102.057
5.0733, -362.249, -113.74
4.83766, -115.212, 743.081
3.55759, -265.466, 610.455
5.65244, -693.232, 977.883
2.5044, -971.339, 199.444
4.09589, 451.562, 542.843
5.90281, 362.809, -148.798
6.0446, 669.201, -585.789
2.90869, -807.111, 653.242
3.56926, 261.465, 527.222
4.44412, -832.372, -570.421
4.44927, 904.508, 902.803
3.92018, 381.6, -460.659
4.6123, 562.829, 549.199
2.55658, -612.115, -436.762
3.72027, 934.983, -616.202
4.49072, -716.002, 655.005
6.64177, -648.568, 200.896
3.78584, 971.345, -689.588
3.59705, -804.971, -538.198
6.47385, 388.637, 268.275
5.8476, 500.64, 391.11
5.49108, -888.595, 285.531
5.99917, -365.157, -539.871
5.13062, 528.034, -758.941
4.14833, 188.383, 105.614
3.30844, -715.251, 400.786
6.56633, 716.648, -27.537
4.08004, 482.704, 114.882
4.05369, 52.2414, -734.79
4.65424, 33.7683, 162.906
4.46509, -250.449, -479.43
4.43916, -52.5061, -124.996
4.34871, -834.252, -444.627
5.88118, 342.739, -494.599
6.10384, 450.067, 28.3214
7.20082, -69.1566, 891.827
5.08573, -79.711, -358.241
5.5282, -192.341, 323.299
5.85049, -689.291, 988.493
5.11404, 79.0901, -306.317
3.87105, -944.61, 634.867
7.08924, 96.2465, 284.539
3.73367, 930.751, -459.843
4.77876, 382.176, 680.599
3.30374, -954.799, 644.936
4.68319, 411.546, 405.966
7.45767, 493.496, 174.746
6.26931, -437.855, 390.605
4.97846, -981.708, -653.947
7.01651, -653.921, -834.675
4.68213, 491.942, 558.898
5.09239, 167.465, -978.906
4.44866, 88.3488, -858.053
5.63431, -220.167, -567.954
5.19331, 412.534, 318.267
4.35955, 632.968, -437.644
2.54674, -373.158, 367.939
6.3794, 40.3979, -785.774
2.85317, -885.49, -562.432
3.98511, 443.21, -679.803
4.78581, -41.7125, -887.21
3.25156, -100.083, 36.6782
5.97819, 672.317, -434.151
4.15587, 362.381, 152.192
5.21197, 968.378, -877.862
2.64678, 726.815, -971.072
5.38086, -23.2372, -232.862
5.18133, 366.708, 472.628
7.36678, -760.877, -922.509
5.57063, -298.808, -616.292
5.26431, -743.686, 204.641
6.69051, -264.72, 903.651
3.75764, -496.696, 923.72
6.98957, 625.641, -134.344
5.97428, 504.882, -497.015
5.82752, -473.392, -94.716
3.06838, -578.04, -774.679
3.37987, -976.634, 95.559
2.91253, -136.332, 192.284
6.68103, -244.963, 368.994
2.64818, 937.961, -778.36
6.34719, -2.07134, -849.231
4.29829, -509.453, 866.082
6.24626, 5.86306, 531.019
6.28385, 364.833, 337.99
3.60834, -536.861, -919.511
5.58305, 304.943, 130.024
3.66846, -549.355, -249.757
6.22052, -670.516, 301.486
5.80997, -907.789, -685.298
4.9209, 914.291, -744.876
2.58972, 828.33, 235.537
4.98291, 447.479, 200.348
5.09587, -106.357, -882.352
4.71395, -868.469, 530.989
4.14528, -58.8582, 944.542
3.52671, 483.643, -106.439
7.19863, -243.892, -647.429
2.85168, -489.085, 931.948
3.30042, 51.1122, -740.429
6.70788, -784.765, 29.033
4.13614, -165.558, -277.65
6.85942, 164.743, 428.506
5.99896, 669.729, 515.439
5.52801, 867.864, -218.855
4.77536, 80.7331, -256.039
2.91543, -509.065, -186.935
3.94883, -56.4004, -135.915
6.51009, -574.983, -783.362
6.81821, 335.988, 53.7241
3.81831, 419.758, -509.742
4.79881, -834.517, -237.05
4.95672, 612.376, -525.357
5.82344, -466.832, -985.312
7.31738, -628.169, -160.916
7.23022, 571.115, -740.957
2.81902, 213.628, -655.208
5.04829, -425.689, -298.799
6.13222, 667.302, 667.752
5.65882, 597.477, -337.186
3.26658, -913.539, -908.102
5.09652, -865.715, 535.436
3.52281, -554.262, 851.612
6.03231, 400.683, -819.962
6.05786, -472.287, -20.004
3.66304, -565.764, -231.29
6.80594, -51.5312, -127.107
2.67122, -107.952, 946.376
6.26587, -936.076, 58.4417
4.14789, 638.765, 160.118
4.65309, 69.5975, -531.55
7.33455, 961.981, -194.716
4.05803, 729.398, 690.233
5.69762, 980.143, -698.067
5.95386, 874.648, -60.6727
5.36403, 75.1827, 626.595
6.60667, 893.626, -686.347
4.21807, -895.477, -675.481
5.09387, -814.264, -770.502
6.78438, 121.937, -947.187
6.18587, 341.817, 52.1479
3.45992, -925.255, 376.947
2.83145, -307.997, 338.897
3.60828, 850.051, -719.38
3.33656, 168.788, -230.105
6.31172, 380.252, -925.312
5.44905, -841.504, 421.122
4.65223, 862.173, 859.552
7.09618, 658.417, 12.3206
5.09668, 443.674, 184.598
7.38058, -680.343, -23.9226
5.15714, -452.521, 145.343
2.98716, 334.378, 388.451
5.83983, 214.695, 99.7462
5.44444, 139.567, -27.2859
5.01137, -692.971, -124.334
2.75808, -928.213, 456.776
2.6753, -349.073, 35.5372
4.41484, -789.177, -519.829
5.55555, 180.099, 98.9767
5.06574, 542.492, 869.487
5.98498, 305.049, -26.0602
4.89891, -23.8778, -186.245
3.88323, 68.0916, 422.861
6.01685, -438.586, 207.646
3.67701, 873.378, 54.9157
6.41501, 177.794, -180.861
6.60589, 358.362, 833.302
3.21842, -531.425, 51.8993
5.75757, -486.266, 811.069
3.87677, 867.557, -982.036
7.26215, -415.19, 714.925
4.58238, -749.448, 14.4794
3.03869, -126.335, 401.647
4.70633, -796.303, 530.843
6.28811, -422.456, -301
2.77803, -338.759, -317.027
3.51241, -26.4852, 143.27
6.82305, 939.199, -765.607
6.52456, -265.809, -6.72779
2.78861, -677.837, -670.468
4.40304, -65.082, -701.808
4.56124, -140.769, 762.538
2.80071, -379.741, 302.433
7.09746, 808.793, 650.985
3.35398, 535.201, 806.905
6.51634, -928.979, 163.495
3.88599, 727.426, 48.8791
4.44586, 171.769, 737.634
7.19936, 55.2035, 623.466
6.24573, 163.149, -169.795
3.44774, -326.276, 758.148
6.89581, 434.375, 483.974
6.8953, 415.311, -846.632
3.30515, -804.007, -273.059
5.87346, -801.891, -165.221
6.89096, 629.05, 127.906
6.98262, 245.339, 518.173
3.06535, -23.2852, 752.521
5.93789, -238.288, -257.142
3.21651, -825.527, -775.047
3.6901, 411.911, -44.5966
5.64383, 942.161, -218.449
4.312, 817.062, 362.99
4.64437, 588.202, 717.161
4.91936, -13.0752, -836.643
6.20379, -4.30425, -111.385
3.23098, -376.825, 871.716
7.36238, -832.561, -765.818
7.3158, -505.764, -189.297
3.14741, -598.842, 663.097
5.3784, -316.406, -606.45
4.66439, 169.549, -126.208
5.50066, -229.579, -249.001
5.85098, -693.943, -118.14
4.5137, 396.884, 984.925
6.46691, 641.168, 691.138
4.89889, -972.282, -249.901
5.72449, 301.835, 275.427
4.28836, -247.618, 600.541
5.96794, -329.503, -220.49
5.83428, -416.802, -697.507
3.22071, -390.224, 714.571
7.10415, -977.039, 221.496
4.22228, 30.9292, -235.94
6.66824, -412.849, -468.329
2.74349, 272.246, -744.052
3.27936, -249.814, -59.9865
2.55765, 330.615, 506.274
3.94327, 120.112, 587.831
5.07295, -344.268, -173.025
3.65948, 681.321, 437.099
2.75022, -248.435, -78.7423
5.33091, -596.258, -840.782
6.69774, -150.78, 672.733
4.28763, -645.266, -435.978
4.3452, 164.753, 868.736
7.22226, 256.824, -72.8524
4.72425, -909.273, -176.981
6.82086, 492.648, 178.457
5.82654, -787.343, -734.513
5.79297, 168.142, 664.235
7.10736, -957.866, 959.739
5.11536, 956.39, -621.883
5.45229, 438.873, -441.731
5.79944, 667.449, 655.148
4.24765, 272.991, 464.374
4.11714, 345.827, 38.6253
7.08984, -102.711, 736.897
3.08619, 904.532, -445.022
7.31268, 668.799, -166.914
5.17978, 55.2545, -327.036
5.81447, 848.766, 632.832
5.48362, 903.916, -501.059
6.93363, -506.371, -743.283
6.67999, -656.193, -608.559
6.69339, 247.071, 201.842
6.85642, -210.327, 336.705
2.5002, -768.784, 333.023
4.77274, 259.923, 348.664
4.25696, -927.839, 165.014
5.80713, -257.407, 707.291
6.22234, -880.293, 153.056
3.3821, -129.189, -462.108
7.4621, 794.573, -808.944
5.95466, -929.364, 165.179
6.97862, 144.514, -11.6054
3.51579, 364.966, -139.186
7.2356, -460.062, -35.733
4.88476, 880.99, -507.825
6.78578, 917.056, -748.638
6.41237, -976.9, -546.877
5.70687, 904.962, -908.796
3.14521, -722.368, 150.115
5.77944, 4.90974, 650.84
3.09199, 53.5003, 8.30338
3.88793, 332.48, 801.359
6.65548, -226.867, -226.584
6.14153, -750.39, -512.599
6.74348, -598.435, 295.353
3.43989, -766.803, -925.866
6.09602, 556.631, -280.876
4.25586, 156.699, 331.658
3.34555, -416.471, -695.896
4.52383, 328.052, -538.955
4.20924, 159.769, 767.733
6.67141, 382.19, -126.557
3.9111, 697.812, 584.45
5.16766, -658.62, -467.423
6.25085, 988.219, -851.431
4.62554, -693.339, -758.491
4.66964, -564.188, 549.26
3.03022, 856.36, -930.007
6.4639, -44.5524, -464.922
3.91232, -575.445, -481.213
7.14264, -588.625, -234.563
5.37926, 255.761, 510.584
3.4895, 824.822, -293.96
5.99081, 574.932, -742.132
3.07265, 494.382, -953.487
4.22945, 300.806, 783.147
4.15646, -580.922, -234.749
6.42735, 827.867, -958.291
6.65775, 459.012, -212.364
4.21712, -738.399, 754.032
4.2603, -273.89, 902.141
6.38197, 153.03, -814.408
6.58658, -11.4043, 687.389
4.26157, -132.831, 285.175
7.09559, -413.514, -302.58
3.2877, 496.965, 256.563
5.56029, -489.646, 567.054
5.54222, -389.999, 714.493
3.16647, -250.732, -742.015
3.51409, -742.211, -480.225
4.79457, -855.012, 501.686
3.48759, -521.169, 932.142
6.77118, -850.626, 383.31
6.54562, -759.871, -688.971
2.80131, -903.289, 882.405
6.50584, -721.366, 643.951
5.49597, -198.406, -541.862
7.43182, -888.319, 301.898
2.65919, -160.739, 642.975
6.8356, 934.336, -765.549
3.69109, 664.932, 345.665
3.6127, 164.53, 427.567
4.73907, -969.59, -552.833
2.61231, 862.345, -179.919
6.79755, -257.43, 8.43379
4.15902, 215.439, 585.442
5.72195, 303.637, 255.441
7.43521, -941.191, -484.725
5.30162, 284.532, -582.492
4.74553, -757.198, -246.406
5.213, 159.91, -726.119
2.90797, 773.161, -32.9316
3.99606, -821.655, -271.11
6.63964, 816.954, 671.308
6.48936, 623.837, 931.603
5.71048, -104.306, 680.05
4.84105, 629.336, 383.991
7.15326, -200.73, -605.513
5.08798, -243.077, -69.8207
7.42924, 796.44, -531.576
5.94567, -77.1172, -718.347
6.19966, -179.187, -459.567
3.46323, -393.227, -929.887
6.08881, -457.854, 618.74
6.11146, 569.882, -178.202
6.49298, 267.574, 153.245
4.23216, 254.856, -992.109
5.1481, -16.2822, -65.2609
3.19001, 716.297, -357.306
6.73218, -223.742, -218.677
6.32766, -80.6918, -880.19
7.5, 923.813, -424.039
4.24891, 481.788, 983.997
5.50367, -599.282, 586.945
3.50808, -495.402, 81.9664
6.2385, 31.1087, 156.703
6.49225, 970.917, 216.638
3.03505, -704.833, 108.804
5.35813, -506.94, 46.9257
2.84683, 364.446, -344.268
4.16036, 736.802, 690.574
5.80945, 484.437, -706.171
5.27726, 174.998, -189.294
7.12415, 228.802, -11.6026
2.69832, -483.282, 224.304
2.62083, -309.059, 237.772
4.61923, 221.868, -654.541
4.36987, 461.282, 134.299
2.93303, -233.74, -239.133
3.05403, -160.349, 166.86
5.31992, 363.405, -343.11
7.37269, 57.1096, 739.528
3.05066, -40.4377, -894.884
5.99352, 99.105, 975.684
2.79674, -51.096, -737.593
4.69755, 834.569, -105.495
5.24651, 988.266, 714.324
3.45129, 689.128, -748.121
7.36597, 316.779, 324.62
3.19593, -682.765, -58.5106
5.48978, 929.626, -429.899
7.12812, -870.568, 703.646
3.91116, -80.658, 882.438
6.8307, -146.52, -86.8683
6.29598, -222.606, -597.026
6.10793, 355.077, 615.367
3.34241, -368.963, 365.113
3.32882, 825.86, 369.66
3.39076, -647.425, -985.001
5.87226, 333.478, -599.101
4.83484, -349.024, 35.2657
6.85219, -807.93, -357.795
5.76023, -696.35, -116.583
5.80464, 755.669, 874.16
2.58037, -665.261, -616.939
4.30596, -774.142, -666.656
3.72747, 919.751, 110.115
6.93086, -932.602, -946.004
5.23701, 821.608, 777.3
6.57209, -28.0303, -639.614
5.24453, 176.084, 863.21
4.16156, 505.683, -54.0519
4.40213, 21.3815, -654.037
2.52389, 927.592, 651.653
6.95226, -89.8898, -397.536
6.16955, -493.903, 683.733
6.04239, -153.326, 656.066
5.1278, 61.3784, -183.766
6.41065, -188.818, -811.477
3.42484, -389.111, -470.427
5.72673, 249.379, 525.152
3.42178, -685.052, -338.222
3.31214, 58.8319, -89.8957
2.65594, -182.043, 848.329
7.42716, 130.931, -666.236
4.04559, -329.668, -712.989
4.11075, -669.54, -295.816
5.51155, 281.658, -235.812
2.89107, -328.883, -919.084
3.93936, -17.7204, 87.6493
5.79307, -127.126, -492.106
7.36348, -986.155, -349.609
7.27758, -363.014, -792.289
7.42745, -675.258, -300.844
7.30478, -909.025, -756.235
3.0073, -557.782, 562.733
3.71505, -130.578, -488.524
6.91151, 100.44, -430.369
5.28805, 339.876, 695.792
6.7669, 800.624, 516.742
7.49145, -536.215, 528.465
3.99751, -247.344, -477.855
6.33157, 964.231, 480.25
4.81901, 286.636, -145.654
6.8168, -636.451, -789.056
6.99018, 857.866, 1.13872
7.377, 257.187, -414.295
2.77405, 649.283, 101.04
6.32605, 933.813, -618.288
5.09219, -930.196, 738.56
3.46574, 918.425, -229.392
6.98252, 200.401, -544.768
6.38492, -839.959, 95.0495
2.75968, 414.029, 539.454
7.47331, -848.46, 762.131
5.93659, -8.53346, -456.979
5.94854, 885.627, 496.554
6.57666, -656.533, 811.426
7.05426, -37.7594, -442.286
3.34218, -201.39, 399.686
5.24183, -581.121, 802.141
6.53351, -492.539, -255.304
4.17803, 334.367, -543.869
5.53435, -106.977, 26.0823
6.59602, -944.499, 333.87
7.3485, 83.9034, -251.127
6.29349, 580.839, 494.255
3.72113, -173.324, -91.3737
5.80589, -571.846, 401.24
4.21574, -450.245, -188.475
7.27146, 374.264, -394.619
2.60828, 801.565, 554.369
4.54979, -890.591, 943.083
2.55789, 586.797, -673.086
3.04964, 834.074, 196.385
5.28259, -834.288, 97.1724
4.45466, -8.61489, -234.885
7.20539, 117.316, -182.86
2.55572, 179.381, 387.731
6.22897, -219.042, -438.483
3.84293, 107.736, 119.534
4.27153, -672.05, -757.86
3.45835, -450.382, 623.801
5.14832, 294.607, -166.8
4.39478, -54.342, -858.251
3.16407, -10.9961, -804.32
4.26563, -129.88, -560.241
4.2497, 782.873, 981.49
7.41084, 615.387, -128.378
5.25961, 151.821, -370.905
4.99918, 14.9515, -716.716
3.58531, -834.17, 452.209
4.37311, -243.079, -646.701
6.78251, -663.333, -476.585
6.45578, 795.316, -519.822
3.9204, -493.971, 927.391
5.07645, 436.653, 103.256
6.79238, -287.669, -19.8375
7.07844, -935.573, -174.152
7.48941, 133.41, 910.54
6.53177, 170.03, -184.923
5.22718, -895.402, -181.665
7.3461, 152.893, -730
5.31931, -584.38, 362.615
4.03031, -420.221, 656.092
5.41853, 959.428, 946.57
2.91197, 46.2177, -327.597
5.47382, 361.193, 614.072
3.31968, -597.302, -591.35
6.46527, -615.802, -435.335
2.95373, 580.79, 733.373
6.3072, -504.043, -679.368
6.83996, -229.407, 28.1412
6.40105, 188.295, -334.145
6.61399, 908.419, 962.455
6.70974, 371.845, 551.57
4.48328, 516.208, 257.767
6.508, -157.79, 169.773
6.56811, 378.836, -43.308
5.43493, -408.682, 99.8682
4.64621, 793.099, -47.3978
2.5002, -49.1374, -468.537
5.31153, -813.118, 317.973
6.22632, 338.474, 348.262
3.89846, 963.182, 287.719
2.93406, -980.768, 563.982
3.5733, 853.356, -878.892
3.93296, -482.281, 569.215
4.86595, -402.54, 472.39
6.95893, 843.545, 819.664
5.91955, 517.92, -506.157
3.54376, -46.6131, -70.9664
6.67533, 791.406, 10.2008
7.09218, 918.759, 914.424
4.48244, -476.572, -698.099
6.37858, 541.173, 523.817
5.68161, -157.017, -89.0196
6.64746, 482.552, 286.313
3.40204, 552.332, -469.278
7.45927, 577.139, -755.092
6.70558, -155.132, -844.57
4.65177, 885.545, 263.729
4.38589, 595.965, 885.384
2.70802, 651.015, -504.112
6.80715, -795.152, -525.641
6.62116, 915.841, -895.504
6.25052, 13.4487, 729.907
3.55801, -165.504, 986.25
4.31029, -781.165, -191.332
4.43545, -588.664, -795.017
7.32918, 789.356, 633.105
6.5872, -163.499, 637.799
4.5755, -80.9016, 447.913
5.83759, 202.196, 179.569
2.52101, 474.817, 978.202
6.98048, -739.253, 249.991
3.68416, -343.974, 354.313
3.79415, 351.76, -88.5655
5.4939, 404.599, -707.93
6.89823, -834.61, 369.335
6.16299, -558.518, -585.638
6.0773, 906.536, 569.416
3.57724, -605.61, 481.334
6.30413, 679.418, -955.543
3.85351, -163.085, -554.65
2.75246, 662.657, 334.576
4.78866, 272.768, 246.143
2.58759, 445.755, -774.632
3.01129, 71.4374, -180.617
2.639, -132.338, 282.951
5.65921, -342.807, -517.413
6.34425, 78.5586, -248.137
2.74132, 526.162, -837.04
6.6924, -53.9957, -630.627
6.76899, -262.488, -313.494
6.57649, -449.995, 575.742
6.85188, 793.437, 403.076
5.27222, -627.606, -161.116
6.12646, -290.726, 53.7267
3.20424, -521.473, 918.712
6.6115, 589.4, -526.546
5.51185, 729.132, -195.912
4.93856, 505.779, -916.27
6.14942, -285.84, 943.25
4.05164, 757.185, -667.594
3.93925, -699.66, 351.321
5.45857, -946.98, 803.881
5.34055, 649.813, 876.634
5.41059, -935.387, -571.926
2.84132, -688.089, 283.173
4.34304, 151.198, -390.266
6.28475, -926.454, -574.894
6.35297, -448.824, -867.565
4.27217, -393.664, -254.497
5.98913, 239.192, 927.878
5.08005, -661.163, -288.553
5.94494, 387.506, 134.748
6.18066, -81.7678, 616.803
2.56231, -341.634, -672.038
7.16549, 614.41, -129.656
5.37826, 131.268, 124.944
3.05587, 467.142, 973.118
4.87388, -99.8106, 39.7693
3.24247, 197.107, 101.827
4.22594, 50.9729, 445.916
7.04476, -930.463, 177.49
4.54571, 12.9132, 521.249
5.96642, -677.107, -66.0559
3.35865, 378.421, -941.32
6.21715, 882.085, -503.618
4.16319, -426.106, 645.779
4.62157, 661.965, 312.775
2.79523, -138.186, -109.048
5.09005, 287.481, -228.924
5.94425, 471.829, -579.452
5.01149, -256.724, 10.3422
6.56617, -169.964, -748.657
3.07974, 83.5488, -933.992
5.24841, 280.798, 462.192
5.06046, 406.158, 20.7257
6.02649, 963.729, 440.889
5.65083, -238.245, 876.516
4.0207, -28.7061, -648.667
6.74719, 399.424, 367.553
3.39619, 607.356, -23.4964
2.61737, -527.22, -99.9985
4.19467, 728.555, 49.1294
3.43818, 356.937, -97.0598
6.60467, -290.973, 174.789
6.72507, -894.993, -165.167
6.78031, 844.314, -715.352
7.37454, -953.541, 646.833
2.99587, 465.473, -447.248
2.56182, 564.81, 653.978
2.58614, 219.335, 581.802
2.64527, 248.699, 96.9112
4.1031, 144.931, -386.936
6.17815, 625.453, 301.067
3.14876, 352.326, 476.567
2.5161, -369.039, 504.63
6.91905, 139.878, -789.364
3.70482, 229.085, -569.984
4.38481, -816.382, 766.182
4.44879, 619.265, 182.169
2.81534, 596.831, 293.57
7.30792, 183.753, 949.549
3.75349, 724.882, -340.521
6.85376, -677.558, -75.543
2.85991, -914.774, 421.728
2.70653, -618.092, 565.57
3.46378, 356.443, -522.106
3.86708, -308.894, 302.981
7.4007, -950.183, -364.662
3.60607, 323.785, -531.646
6.43119, -874.193, 853.106
4.42306, 297.592, -420.308
3.78593, 477.253, -635.537
3.91087, -935.515, 57.9478
7.33834, 866.135, -39.1398
4.22841, 761.496, 167.895
3.45922, -977.795, 736.13
5.05037, -547.233, -381.203
5.21857, -555.254, 631.395
5.72333, -652.136, -612.618
3.89738, -9.9028, 792.899
3.41887, -296.966, -715.343
2.71579, -828.837, 367.189
3.98408, -502.491, -266.228
4.25548, -231.18, 139.396
7.09372, -426.232, 707.686
5.81225, 502.51, -360.544
5.08041, 865.085, 581.422
4.03763, 611.58, 584.066
3.0007, -350.101, 153.658
3.47502, 378.457, -879.61
4.11407, 30.709, -128.487
5.56182, 957.198, 87.2352
5.13511, 957.936, -980.176
3.45653, 262.874, 281.752
4.7178, -632.155, -420.816
4.48693, -705.031, 849.237
6.28051, -604.75, 744.677
6.6213, 735.246, 602.577
5.51573, 142.473, -346.695
3.04573, 606.884, -824.02
4.11797, 484.753, -165.211
5.03403, 10.0176, 317.114
4.76521, -649.437, 805.059
4.77315, -179.494, -447.335
4.91125, 926.939, 917.913
5.07896, 368.17, -650.619
4.50207, 203.048, 823.324
4.22945, 974.277, 482.326
6.64533, 931.795, -238.674
3.02204, -728.734, -793.32
6.40057, 581.292, 563.131
3.19919, -296.919, -238.575
2.62171, -787.527, -523.536
6.0664, 405.383, -748.383
7.15538, 144.07, -826.707
7.47667, 188.658, 173.851
3.86264, -871.023, 152.75
3.6923, -478.155, -258.02
3.87328, 957.356, 618.343
5.70836, -905.057, -729.71
5.17637, 309.072, 151.389
6.8967, 826.706, -294.337
6.75968, -670.905, -830.237
2.98004, 899.462, -43.3755
4.66818, -741.298, 215.784
3.17045, -202.259, -753.97
5.86802, -171.499, 306.177
5.34964, -55.0947, -471.075
3.66474, -616.695, 573.896
5.50306, 265.128, -685.999
2.6551, -798.42, -26.519
7.08512, 566.209, -309.286
3.82958, 860.032, -174.968
6.50016, -182.204, -510.792
5.46389, 163.204, -720.076
5.0822, 343.536, 627.237
5.2567, 324.945, 637.796
3.47225, 499.461, -235.491
5.36152, 128.385, -740.212
3.81992, 210.197, 400.683
4.41648, -766.311, 538.516
2.73626, -758.763, -897.392
4.22823, 584.724, -671.786
3.61594, 660.588, -427.211
3.81264, 18.8911, -729.789
3.05141, -428.013, -404.767
7.40088, -703.912, 16.7815
5.93794, 799.263, 633.974
5.82158, -547.913, -374.402
5.99501, -599.946, -671.208
2.68746, -828.679, -764.588
3.6706, -630.647, -746.149
3.95397, 729.504, 692.104
3.50543, -29.4796, -249.962
2.7177, 358, 342.316
2.56571, -523.838, 520.963
6.07297, -524.421, 765.16
6.88348, -865.362, -624.298
5.35088, -885.454, 272.164
6.92743, 862.575, 859.047
5.20042, -357.57, -278.615
3.31357, 928.717, -643.863
3.30492, 951.468, 441.8
7.19182, 312.907, 285.133
3.45628, 550.945, -847.246
3.15761, 3.08557, -97.238
4.41122, -305.57, -7.99403
6.12674, 259.136, -259.482
2.50651, 543.126, 871.314
4.60222, 25.7596, 735.16
5.18984, 300.729, -215.036
4.86596, -237.674, 245.895
6.33003, 544.016, 867.812
2.9396, 556.414, -458.291
7.04284, 138.09, 322.28
3.20818, -860.367, -401.386
2.54782, 426.822, -48.9546
2.82267, 253.642, 518.989
4.96742, 380.825, 221.993
5.40914, 526.681, 971.133
4.03373, -944.267, 543.942
4.57091, 896.462, -67.5738
4.33401, -577.59, -684.759
3.42687, 175.364, 665.186
2.76788, 631.555, 183.821
4.47222, 537.682, -64.8413
3.98388, -347.05, -132.758
5.05388, -395.308, 818.542
3.75392, -704.291, 228.877
5.01589, 956.45, 887.67
2.51168, -4.54088, 780.872
7.01807, 989.112, -447.174
2.79181, -907.825, -943.51
5.17506, -679.791, 807.139
3.95754, -377.642, 870.859
7.3023, -801.941, -265.12
4.73406, 322.183, -108.842
5.08479, 889.204, 168.774
5.93861, -250.228, 31.733
2.72187, -160.387, 73.5442
7.2946, -795.591, 605.036
5.70852, 369.893, 156.769
2.80215, 624.048, -776.458
3.33964, 51.8847, 267.382
5.76491, 487.918, -243.869
6.19864, -769.511, 338.251
3.57011, 850.976, 206.64
4.31441, 154.741, -865.394
6.56981, -647.398, 931.256
5.32057, 807.844, -470.107
7.45886, -47.6355, -882.523
6.5669, -763.29, 393.433
3.49157, -988.554, -22.3521
2.50003, -144.462, -836.356
4.62608, 939.517, -770.929
4.07406, 847.592, 202.014
5.56218, 605.838, -929.727
3.83351, -189.067, -540.74
4.39881, -594.306, -62.8653
5.43397, 954.222, 300.496
5.95636, -140.536, -507.067
7.26736, -455.457, -569.212
4.89785, -293.237, -949.048
3.60319, 380.202, -723.552
5.33741, -720.116, -450.918
6.09873, 425.013, 362.125
4.4953, -494.323, 553.391
3.48326, -690.962, 973.178
6.66971, -666.568, -758.366
5.59561, -448.41, -868.958
7.26866, -287.111, 183.211
3.23222, -14.169, -270.705
5.38953, 37.3051, -457.458
7.26796, -389.857, 712.149
3.62331, 720.321, -988.323
7.25137, -495.417, 796.124
3.07874, 787.249, -508.019
2.58372, 30.5249, -254.124
3.90465, -357.581, -166.345
7.15042, 637.463, 175.868
3.04796, 757.29, 875.27
6.77266, 26.6639, 821.829
5.68532, -723.524, -729.77
5.63853, 405.31, -709.034
3.80589, 722.504, 740.794
5.13936, -951.465, 214.178
7.16608, -276.664, 895.474
3.98055, 920.103, 109.149
4.78006, 158.311, 446.786
6.35659, -658.367, -605.015
4.17193, 114.021, 123.748
6.31775, -39.8279, -932.39
6.65892, -30.4303, 940.608
2.64618, -724.699, 567.094
4.31315, 713.018, -266.427
4.16221, 282.346, 461.943
3.17675, -515.357, -294.981
3.00839, -304.911, 622.742
5.11327, -607.878, 810.004
3.52046, 30.6576, -530.735
5.00728, -869.082, -622.87
5.1371, -3.48619, 961.582
4.13422, -264.585, -292.933
4.75888, 227.144, -440.791
6.85263, -6.73426, 973.049
4.72884, 641.271, 864.195
6.03726, -457.766, -912.044
6.83171, 908.495, -698.06
6.5822, 862.451, 215.24
2.67504, 887.976, 839.387
3.8644, -649.891, -238.297
5.21858, -421.412, -430.266
3.19942, -969.019, -557.601
5.57408, -774.645, -935.159
3.29182, -676.021, -604.406
4.41129, 100.154, 220.314
5.94997, -94.7347, 188.705
3.21128, -392.596, 464.223
5.65284, -784.241, 789.313
3.15973, 194.726, 935.534
7.13583, -737.153, 246.901
5.53465, -936.957, 783.968
5.50388, -924.578, 379.992
3.33635, 593.814, -526.345
3.301, -868.643, -397.366
5.91628, 618.32, -27.8834
5.1456, -707.664, -11.9568
3.65264, -139.288, 797.506
6.55373, -503.229, -56.3707
5.76477, -418.959, -558.432
4.08597, -568.797, -591.105
2.53953, -260.975, -812.339
3.49176, 731.098, 730.319
3.78831, -6.48115, 380.895
3.03825, 883.029, 38.5664
3.49545, 128.669, -429.266
6.75079, 803.754, -770.444
6.63912, -971.769, 211.602
6.76813, -962.915, -556.274
5.71027, 289.249, 777.643
3.6787, 716.549, -979.382
6.80638, -502.757, -805.117
5.4745, 35.7435, -105.646
2.52745, 504.756, -34.7449
6.84925, -666.933, -468.573
7.37729, 647.469, 102.412
5.59653, 376.486, 15.3125
3.85574, -933.688, 383.738
7.46973, -162.099, -628.711
4.60751, -719.315, -526.404
4.20537, -792.946, -613.85
4.80717, 373.916, -131.8
4.44822, 262.374, -381.71
4.613, -47.0166, 514.606
2.84879, 130.531, 290.131
5.5153, -58.0722, -135.407
7.36114, -49.7961, 228.443
5.07406, -697.318, -531.634
7.45461, 950.146, -137.166
5.84906, 625.144, -134.062
4.01716, -604.877, 69.1687
3.47371, 870.057, 573.117
4.0109, -712.297, -931.836
4.93946, -335.989, 459.999
4.72438, 532.533, 986.436
5.7844, 321.555, -935.532
3.74227, -775.403, -670.219
4.72007, 54.33, 554.308
5.75894, -692.405, 48.1039
6.67472, -715.796, 191.663
6.03698, 192.348, 811.069
4.93928, -867.244, -609.727
6.72039, 398.445, -236.195
7.00296, -513.811, -192.045
6.33082, -653.039, -522.499
5.29453, 631.154, 852.151
2.70603, -6.10162, 72.9087
5.46749, 562.562, 66.7177
2.68674, -672.612, 815.895
4.53488, 28.1866, 436.896
2.84243, -971.615, -879.664
7.38558, -771.979, -882.574
2.5956, -513.698, -236.729
6.60363, -155.069, -264.65
5.2195, -389.436, 864.379
5.72828, 788.417, -333.062
3.62934, -260.349, 44.3922
2.733, 833.337, -699.914
3.63154, 210.114, -552.449
4.58371, -633.659, 134.448
6.40126, 264.688, -629.392
3.72852, -923.819, 371.459
4.81411, 651.946, 94.1317
6.14756, 927.586, 289.968
5.35237, -331.175, 813.084
5.45997, 932.873, 910.34
4.98425, -936.255, 279.781
3.951, 477.609, 116.772
4.71107, -10.434, -233.33
2.53669, 851.73, -397.059
7.41683, 496.586, -358.228
2.52822, -804.12, -157.436
4.8676, -116.438, 743.433
5.86497, -311.725, -122.818
