6.27803, -736.146, -994.596
3.5948, 61.9368, -86.2158
5.89648, 359.725, -903.491
5.09708, -235.058, 875.019
2.76731, -932.893, 657.683
2.53849, 331.979, 55.4947
4.58743, -859.061, -232.38
7.15218, 178.423, 375.386
2.95982, 51.6992, 692.033
6.00595, -160.485, 318.033
3.81226, 527.346, 817.849
4.14117, 471.744, -901.979
7.45519, 510.316, 261.856
7.41275, -506.941, -271.367
5.75759, 504.479, 443.691
6.92354, 262.556, -851.317
6.33247, -121.756, -450.938
3.87453, -517.055, -48.8037
4.93259, -674.445, -304.359
2.80282, 820.434, 790.267
5.08146, 7.83981, 804.924
4.96988, 968.969, -362.801
7.23882, -815.299, -468.567
4.42071, -11.8808, -839.413
5.14874, 824.583, -448.254
2.75042, 877.383, -65.546
6.63909, 541.92, 536.721
5.94228, -962.114, -746.604
6.18112, 258.935, 735.258
6.94286, 989.928, 450.213
4.25508, -382.545, -534.718
6.72991, 182.435, 26.118
3.84659, 663.993, -162.539
4.83959, 73.6902, -176.341
3.2686, -644.133, -428.924
2.66527, 610.628, 142.181
7.2768, -5.77708, 72.3861
6.95369, 109.967, 494.311
3.29884, 680.173, 247.728
3.15214, 428.837, -572.848
2.515, -451.954, -816.37
6.0491, -952.86, -176.499
3.40448, -514.099, 870.628
5.76029, 772.563, -362.125
4.42907, 364.986, -698.515
3.23766, -6.65101, -228.518
5.45054, 683.513, 172.589
3.24076, 119.183, 909.494
3.2091, -181.586, 963.21
4.94257, -493.33, 127.722
3.13015, 906.988, -69.3475
5.64635, -358.759, -597.529
5.60817, 300.925, -743.252
4.88216, -500.505, 602.858
2.64188, -577.247, -243.92
3.21011, -140.585, 801.466
3.15594, -180.69, 890.997
3.31099, -822.419, 757.707
3.76529, -268.346, -853.408
4.77654, 573.756, -734.445
6.54472, -94.5464, -299.983
3.57624, 302.512, 859.091
3.75063, 817.019, 361.678
5.02978, -58.098, 720.638
6.27922, 634.851, 188.971
5.66369, 907.893, -69.5518
5.9449, 639.318, -127.43
7.27207, 970.362, 408.348
5.18713, -423.814, 710.991
4.57014, -788.808, 28.3875
4.70019, 751.47, 155.354
6.07821, 736.466, 458.686
6.20858, 409.338, 598.294
5.12494, 770.769, -959.729
6.06711, -866.105, -74.1715
5.91025, 334.273, -21.694
6.82941, 831.921, -599.117
3.19597, 85.481, 775.768
3.57766, 971.986, -100.796
5.0733, -365.111, -111.081
4.83766, -118.843, 753.447
3.55759, -267.48, 611.781
5.65244, -690.859, 985.141
2.5044, -977.04, 211.991
4.09589, 452.946, 544.56
5.90281, 363.391, -156.513
6.0446, 670.811, -587.422
2.90869, -808.796, 655.096
3.56926, 265.742, 532.677
4.44412, -834.792, -571.472
4.44927, 899.926, 903.038
3.92018, 382.811, -461.047
4.6123, 565.049, 551.372
2.55658, -616.041, -434.668
3.72027, 937.829, -616.275
4.49072, -721.732, 646.6
6.64177, -647.519, 201.385
3.78584, 972.963, -686.934
3.59705, -805.963, -536.951
6.47385, 390.147, 268.784
5.8476, 502.958, 391.712
5.49108, -889.813, 282.599
5.99917, -363.644, -542.741
5.13062, 526.658, -761.706
4.14833, 187.046, 100.685
3.30844, -714.64, 403.096
6.56633, 718.332, -28.3404
4.08004, 478.55, 115.412
4.05369, 54.6338, -731.636
4.65424, 35.2536, 169.852
4.46509, -247.496, -477.143
4.43916, -49.7131, -114.437
4.34871, -838.366, -443.129
5.88118, 343.093, -493.408
6.10384, 453.247, 28.1232
7.20082, -70.0072, 893.37
5.08573, -79.4572, -357.609
5.5282, -194.089, 323.035
5.85049, -693.754, 979.453
5.11404, 81.0506, -308.937
3.87105, -957.828, 647.281
7.08924, 94.461, 285.153
3.73367, 934.992, -463.072
4.77876, 384.802, 683.873
3.30374, -953.856, 643.103
4.68319, 413.371, 409.552
7.45767, 498.269, 168.963
6.26931, -439.236, 390.937
4.97846, -986.05, -655.59
7.01651, -657.349, -838.696
4.68213, 492.551, 562.024
5.09239, 168.403, -982.631
4.44866, 88.2111, -861.713
5.63431, -223.861, -568.057
5.19331, 415.255, 318.148
4.35955, 632.406, -438.418
2.54674, -368.944, 364.905
6.3794, 41.0723, -788.712
2.85317, -887.188, -560.768
3.98511, 445.144, -679.63
4.78581, -46.3444, -888.519
3.25156, -94.4483, 40.8559
5.97819, 670.177, -431.945
4.15587, 365.253, 155.566
5.21197, 970.73, -881.081
2.64678, 720.882, -984.831
5.38086, -24.2072, -235.906
5.18133, 366.788, 474.008
7.36678, -757.721, -924.96
5.57063, -297.969, -619.563
5.26431, -745.748, 210.974
6.69051, -272.082, 906.859
3.75764, -487.181, 936.608
6.98957, 623.726, -144.141
5.97428, 510.228, -501.577
5.82752, -473.091, -95.4497
3.06838, -579.584, -770.247
3.37987, -981.583, 94.8401
2.91253, -136.195, 195.188
6.68103, -246.931, 371.571
2.64818, 941.506, -767.636
6.34719, -1.10334, -851.202
4.29829, -503.311, 865.953
6.24626, 2.95886, 534.572
6.28385, 362.835, 341.064
3.60834, -537.747, -922.945
5.58305, 305.061, 127.676
3.66846, -549.627, -253
6.22052, -669.416, 303.54
5.80997, -910.18, -685.567
4.9209, 905.267, -746.382
2.58972, 828.113, 238.545
4.98291, 446.957, 199.355
5.09587, -111.126, -886.868
4.71395, -873.321, 530.664
4.14528, -61.4929, 948.883
3.52671, 484.923, -107.193
7.19863, -250.138, -652.11
2.85168, -495.662, 927.545
3.30042, 51.6747, -746.659
6.70788, -785.528, 34.5508
4.13614, -163.134, -275.941
6.85942, 158.6, 427.594
5.99896, 671.266, 515.905
5.52801, 869.009, -220.225
4.77536, 79.6271, -266.877
2.91543, -517.977, -180.088
3.94883, -55.2594, -147.842
6.51009, -571.151, -786.569
6.81821, 336.063, 59.3442
3.81831, 421.253, -510.965
4.79881, -835.912, -235.932
4.95672, 610.061, -525.828
5.82344, -467.243, -988.954
7.31738, -626.972, -154.367
7.23022, 581.863, -735.179
2.81902, 222.184, -655.669
5.04829, -410.839, -306.6
6.13222, 668.23, 659.248
5.65882, 600.458, -338.958
3.26658, -915.125, -908.587
5.09652, -866.394, 540.518
3.52281, -556.356, 854.583
6.03231, 400.076, -820.772
6.05786, -474.276, -15.6115
3.66304, -571.81, -232.93
6.80594, -60.3184, -131.867
2.67122, -109.294, 949.971
6.26587, -935.514, 52.367
4.14789, 643.154, 166.552
4.65309, 71.1481, -533.451
7.33455, 967.633, -193.814
4.05803, 732.747, 694.786
5.69762, 987.116, -700.598
5.95386, 868.301, -61.5972
5.36403, 78.9732, 628.49
6.60667, 891.999, -683.998
4.21807, -900.179, -678.221
5.09387, -810.234, -774.866
6.78438, 122.403, -950.732
6.18587, 345.347, 41.441
3.45992, -942.587, 386.53
2.83145, -308.114, 340.283
3.60828, 843.07, -716.614
3.33656, 170.228, -234.462
6.31172, 381.872, -932.083
5.44905, -843.19, 423.94
4.65223, 859.841, 853.566
7.09618, 660.238, 12.1682
5.09668, 444.24, 188.171
7.38058, -678.904, -21.538
5.15714, -452.944, 146.847
2.98716, 334.217, 392.334
5.83983, 217.885, 98.7657
5.44444, 139.41, -25.8295
5.01137, -698.67, -112.748
2.75808, -931.966, 459.423
2.6753, -348.242, 31.0602
4.41484, -786.254, -513.698
5.55555, 185.753, 102.632
5.06574, 544.552, 868.3
5.98498, 302.824, -26.3471
4.89891, -25.0123, -185.601
3.88323, 68.2941, 421.941
6.01685, -439.115, 209.164
3.67701, 874.713, 57.7353
6.41501, 186.63, -176.519
6.60589, 360.424, 836.493
3.21842, -535.114, 53.2106
5.75757, -488.074, 810.496
3.87677, 869.481, -985.742
7.26215, -429.351, 715.985
4.58238, -751.484, 14.094
3.03869, -126.63, 403.112
4.70633, -798.094, 531.49
6.28811, -420.12, -302.426
2.77803, -338.627, -319.678
3.51241, -27.8017, 144.629
6.82305, 941.186, -776.971
6.52456, -265.585, -11.3614
2.78861, -679.167, -672.754
4.40304, -64.388, -701.459
4.56124, -145.721, 764.823
2.80071, -381.342, 302.494
7.09746, 805.726, 648.151
3.35398, 537.677, 804.408
6.51634, -931.341, 155.198
3.88599, 724.071, 46.2487
4.44586, 172.646, 738.194
7.19936, 53.2772, 623.581
6.24573, 161.19, -164.815
3.44774, -325.184, 759.648
6.89581, 435.91, 484.974
6.8953, 417.517, -850.078
3.30515, -805.48, -264.564
5.87346, -804.114, -166.13
6.89096, 627.823, 126.696
6.98262, 257.031, 525.442
3.06535, -24.9942, 754.419
5.93789, -233.942, -254.671
3.21651, -838.411, -764.495
3.6901, 414.132, -44.6166
5.64383, 946.567, -218.1
4.312, 816.737, 363.498
4.64437, 588.435, 717.589
4.91936, -9.74295, -839.739
6.20379, -3.71754, -108.438
3.23098, -390.254, 867.976
7.36238, -832.714, -772.05
7.3158, -513.92, -192.428
3.14741, -601.059, 664.809
5.3784, -318.985, -606.779
4.66439, 170.35, -123.152
5.50066, -239.113, -256.554
5.85098, -698.253, -131.474
4.5137, 396.552, 987.521
6.46691, 640.191, 694.481
4.89889, -976.053, -250.614
5.72449, 297.454, 276.503
4.28836, -246.452, 599.39
5.96794, -330.349, -220.713
5.83428, -416.972, -704.241
3.22071, -379.052, 711.698
7.10415, -981.607, 221.686
4.22228, 31.8881, -235.819
6.66824, -415.208, -469.832
2.74349, 270.828, -747.234
3.27936, -250.134, -63.9119
2.55765, 331.214, 508.703
3.94327, 120.879, 588.687
5.07295, -346.36, -172.982
3.65948, 682.541, 437.63
2.75022, -243.374, -70.5254
5.33091, -595.733, -845.916
6.69774, -152.396, 674.12
4.28763, -649.726, -430.667
4.3452, 164.819, 870.923
7.22226, 256.302, -73.3118
4.72425, -910.338, -180.395
6.82086, 494.087, 185.936
5.82654, -788.837, -736.025
5.79297, 165.066, 665.265
7.10736, -959.771, 961.654
5.11536, 951.021, -619.79
5.45229, 439.142, -442.019
5.79944, 667.976, 664.955
4.24765, 284.163, 461.224
4.11714, 343.941, 49.3675
7.08984, -106.775, 738.512
3.08619, 903.842, -445.863
7.31268, 674.396, -170.339
5.17978, 49.629, -330.443
5.81447, 853.713, 634.288
5.48362, 899.409, -502.316
6.93363, -506.23, -745.348
6.67999, -666.609, -607.196
6.69339, 246.8, 203.181
6.85642, -213.423, 339.726
2.5002, -769.805, 341.243
4.77274, 258.835, 350.212
4.25696, -932.633, 152.573
5.80713, -257.819, 708.564
6.22234, -877.048, 152.839
3.3821, -125.321, -454.895
7.4621, 794.516, -812.28
5.95466, -931.794, 170.622
6.97862, 143.28, -12.8843
3.51579, 370.695, -133.316
7.2356, -457.676, -36.2762
4.88476, 882.824, -505.104
6.78578, 920.609, -747.468
6.41237, -978.711, -555.18
5.70687, 908.226, -909.033
3.14521, -723.878, 148.601
5.77944, 4.38899, 650.1
3.09199, 53.2332, 9.11112
3.88793, 334.828, 803.457
6.65548, -222.628, -227.236
6.14153, -751.611, -513.212
6.74348, -598.047, 295.71
3.43989, -779.729, -939.212
6.09602, 557.779, -279.532
4.25586, 159.251, 332.318
3.34555, -415.985, -689.431
4.52383, 336.139, -546.611
4.20924, 159.296, 770.104
6.67141, 390.349, -125.737
3.9111, 697.93, 584.221
5.16766, -663.643, -472.284
6.25085, 992.339, -852.358
4.62554, -691.344, -761.541
4.66964, -568.173, 547.807
3.03022, 857.385, -931.695
6.4639, -39.9299, -465.782
3.91232, -573.957, -482.869
7.14264, -583.949, -236.131
5.37926, 248.619, 511.25
3.4895, 818.85, -290.323
5.99081, 573.459, -751.07
3.07265, 495.072, -957.947
4.22945, 305.053, 786.393
4.15646, -588.768, -235.266
6.42735, 828.229, -961.009
6.65775, 459.402, -212.671
4.21712, -739.444, 754.728
4.2603, -273.624, 890.869
6.38197, 150.261, -825.377
6.58658, -12.3219, 687.832
4.26157, -130.699, 282.634
7.09559, -426.667, -301.195
3.2877, 492.612, 254.347
5.56029, -484.611, 566.021
5.54222, -378.968, 711.55
3.16647, -251.593, -744.732
3.51409, -744.754, -478.42
4.79457, -856.332, 501.305
3.48759, -525.286, 931.668
6.77118, -847.313, 381.225
6.54562, -759.66, -691.741
2.80131, -905.809, 885.072
6.50584, -719.147, 651.857
5.49597, -195.267, -542.807
7.43182, -890.167, 306.1
2.65919, -160.877, 642.377
6.8356, 943.182, -764.065
3.69109, 667.739, 348.555
3.6127, 173.57, 430.387
4.73907, -984.499, -551.291
2.61231, 863.809, -179.841
6.79755, -260.173, 14.1832
4.15902, 213.31, 589.631
5.72195, 305.506, 251.777
7.43521, -944.205, -483.382
5.30162, 284.564, -583.385
4.74553, -757.791, -246.29
5.213, 166.391, -724.492
2.90797, 773.074, -32.8409
3.99606, -816.794, -270.864
6.63964, 821.079, 676.904
6.48936, 625.05, 935.608
5.71048, -103.499, 679.853
4.84105, 630.303, 385.714
7.15326, -198.848, -608.832
5.08798, -245.79, -74.6484
7.42924, 797.557, -537.922
5.94567, -79.8691, -721.861
6.19966, -180.562, -450.485
3.46323, -392.735, -933.254
6.08881, -453.161, 623.432
6.11146, 569.959, -180.25
6.49298, 266.794, 153.643
4.23216, 255.18, -995.356
5.1481, -15.9602, -61.2165
3.19001, 715.999, -359.938
6.73218, -224.604, -209.846
6.32766, -83.274, -883.511
7.5, 923.292, -419.419
4.24891, 482.801, 990.742
5.50367, -600.399, 589.841
3.50808, -495.926, 83.6241
6.2385, 29.2064, 153.516
6.49225, 974.62, 216.368
3.03505, -705.641, 109.131
5.35813, -507.077, 47.1778
2.84683, 360.036, -336.214
4.16036, 745.316, 689.689
5.80945, 486.09, -707.51
5.27726, 170.283, -190.433
7.12415, 228.894, -11.6822
2.69832, -485.041, 225.882
2.62083, -310.805, 239.403
4.61923, 215.993, -656.132
4.36987, 460.937, 135.491
2.93303, -232.649, -245.837
3.05403, -157.683, 171.29
5.31992, 367.158, -347.149
7.37269, 60.1328, 741.407
3.05066, -45.2343, -888.966
5.99352, 99.0645, 979.529
2.79674, -50.5682, -741.183
4.69755, 835.164, -107.41
5.24651, 990.96, 715.517
3.45129, 690.689, -749.587
7.36597, 314.856, 326.428
3.19593, -679.006, -60.6978
5.48978, 937.657, -432.052
7.12812, -872.193, 703.974
3.91116, -80.6226, 884.905
6.8307, -142.192, -83.3566
6.29598, -226.298, -599.551
6.10793, 360.559, 616.43
3.34241, -375.805, 369.627
3.32882, 833.773, 372.944
3.39076, -647.406, -988.26
5.87226, 334.858, -601.235
4.83484, -353.736, 39.7226
6.85219, -810.045, -358.037
5.76023, -696.073, -117.775
5.80464, 760.924, 879.162
2.58037, -664.332, -603.781
4.30596, -778.059, -668.781
3.72747, 923.262, 117.16
6.93086, -935.913, -948.806
5.23701, 823.767, 774.672
6.57209, -26.7537, -648.23
5.24453, 176.799, 865.632
4.16156, 506.104, -55.2243
4.40213, 23.4173, -654.508
2.52389, 930.46, 653.733
6.95226, -90.333, -397.398
6.16955, -496.304, 685.229
6.04239, -153.668, 660.472
5.1278, 56.7796, -186.218
6.41065, -190.526, -813.884
3.42484, -386.792, -470.468
5.72673, 243.942, 519.407
3.42178, -687.982, -341.458
3.31214, 62.4659, -93.1106
2.65594, -181.974, 849.724
7.42716, 130.566, -665.839
4.04559, -331.104, -715.869
4.11075, -675.062, -288.815
5.51155, 284.009, -235.839
2.89107, -329.293, -921.536
3.93936, -20.5195, 90.6538
5.79307, -127.172, -490.236
7.36348, -990.851, -349.25
7.27758, -363.117, -794.93
7.42745, -671.175, -292.299
7.30478, -912.218, -761.17
3.0073, -558.306, 566.541
3.71505, -123.641, -493.859
6.91151, 99.4888, -432.37
5.28805, 340.321, 699.139
6.7669, 802.11, 516.246
7.49145, -536.858, 525.964
3.99751, -256.377, -481.654
6.33157, 974.52, 485.547
4.81901, 285.114, -144.234
6.8168, -636.319, -791.746
6.99018, 859.663, 3.64018
7.377, 257.664, -415.817
2.77405, 658.054, 84.3941
6.32605, 944.668, -616.863
5.09219, -932.455, 739.083
3.46574, 922.091, -234.234
6.98252, 197.208, -543.668
6.38492, -833.538, 97.2927
2.75968, 415.27, 540.655
7.47331, -852.267, 764.337
5.93659, -4.77808, -458.414
5.94854, 887.252, 496.693
6.57666, -657.071, 817.287
7.05426, -37.0206, -438.432
3.34218, -201.386, 402.669
5.24183, -580.486, 803.393
6.53351, -487.191, -252.426
4.17803, 326.231, -538.773
5.53435, -105.605, 32.9331
6.59602, -949.823, 333.98
7.3485, 81.5299, -246.531
6.29349, 583.397, 493.451
3.72113, -179.719, -92.3863
5.80589, -572.066, 402.73
4.21574, -448.888, -187.306
7.27146, 375.393, -395.71
2.60828, 802.904, 555.272
4.54979, -891.434, 945.47
2.55789, 585.326, -670.643
3.04964, 835.947, 196.081
5.28259, -845.63, 93.3692
4.45466, -20.8653, -238.735
7.20539, 117.676, -182.748
2.55572, 179.336, 393.205
6.22897, -221.831, -436.637
3.84293, 110.844, 124.982
4.27153, -668.618, -758.747
3.45835, -460.641, 618.354
5.14832, 295.411, -168.849
4.39478, -56.9155, -856.316
3.16407, -12.0742, -803.281
4.26563, -126.965, -563.497
4.2497, 783.502, 984.2
7.41084, 606.733, -125.711
5.25961, 151.32, -375.321
4.99918, 13.9893, -714.934
3.58531, -834.474, 455.401
4.37311, -234.96, -649.479
6.78251, -665.871, -470.327
6.45578, 793.112, -514.014
3.9204, -493.982, 928.548
5.07645, 437.121, 101.619
6.79238, -291.529, -23.2963
7.07844, -939.781, -172.705
7.48941, 135.681, 914.454
6.53177, 173.721, -193.474
5.22718, -898.185, -184.65
7.3461, 150.502, -734.911
5.31931, -584.918, 362.62
4.03031, -417.359, 658.826
5.41853, 964.127, 950.78
2.91197, 52.4998, -330.231
5.47382, 353.035, 619.329
3.31968, -598.173, -591.586
6.46527, -609.043, -437.338
2.95373, 579.618, 738.149
6.3072, -504.922, -679.61
6.83996, -223.256, 30.9406
6.40105, 190.595, -334.321
6.61399, 908.521, 967.399
6.70974, 372.289, 552.666
4.48328, 526.759, 256.681
6.508, -160.704, 167.855
6.56811, 380.011, -43.8204
5.43493, -409.443, 100.737
4.64621, 794.993, -49.198
2.5002, -62.5856, -477.934
5.31153, -814.54, 317.141
6.22632, 336.924, 352.725
3.89846, 966.747, 290.164
2.93406, -984.697, 564.676
3.5733, 853.417, -880.087
3.93296, -490.495, 564.293
4.86595, -405.331, 474.326
6.95893, 844.655, 819.808
5.91955, 514.01, -504.419
3.54376, -49.1446, -67.7612
6.67533, 793.231, 11.3677
7.09218, 932.327, 918.576
4.48244, -475.477, -700.111
6.37858, 541.433, 528.2
5.68161, -160.1, -90.0447
6.64746, 483.115, 289.9
3.40204, 556.197, -463.19
7.45927, 579.638, -763.503
6.70558, -152.855, -845.181
4.65177, 887.36, 265.205
4.38589, 596.437, 888.293
2.70802, 653.871, -505.13
6.80715, -801.203, -533.612
6.62116, 915.922, -899.403
6.25052, 13.2952, 731.276
3.55801, -165.299, 990.859
4.31029, -781.577, -191.928
4.43545, -590.491, -800.276
7.32918, 797.114, 636.572
6.5872, -167.119, 632.63
4.5755, -81.8108, 448.803
5.83759, 204.723, 182.398
2.52101, 476.394, 976.323
6.98048, -737.683, 247.769
3.68416, -343.616, 354.88
3.79415, 356.591, -94.092
5.4939, 407.589, -710.307
6.89823, -836.753, 371.178
6.16299, -563.39, -589.675
6.0773, 910.969, 570.198
3.57724, -607.35, 481.16
6.30413, 678.907, -957.096
3.85351, -161.445, -558.282
2.75246, 665.201, 337.322
4.78866, 270.274, 245.799
2.58759, 447.851, -777.445
3.01129, 72.0371, -171.392
2.639, -131.379, 286.179
5.65921, -341.554, -516.295
6.34425, 86.2533, -249.171
2.74132, 525.793, -839.272
6.6924, -56.5664, -630.584
6.76899, -262.849, -317.916
6.57649, -446.755, 574.683
6.85188, 794.441, 404.704
5.27222, -631.878, -169.174
6.12646, -294.07, 57.4429
3.20424, -525.538, 927.644
6.6115, 596.635, -527.966
5.51185, 732.064, -196.823
4.93856, 507.784, -919.104
6.14942, -287.488, 949.516
4.05164, 757.438, -668.619
3.93925, -699.47, 353.028
5.45857, -950.9, 808.266
5.34055, 654.011, 882.536
5.41059, -933.182, -575.609
2.84132, -688.961, 283.151
4.34304, 148.697, -389.715
6.28475, -931.161, -576.074
6.35297, -449.528, -867.057
4.27217, -393.896, -253.151
5.98913, 241.59, 930.806
5.08005, -670.167, -297.953
5.94494, 389.988, 132.944
6.18066, -81.9983, 616.135
2.56231, -342.832, -673.968
7.16549, 614.122, -122.856
5.37826, 132.867, 125.935
3.05587, 461.933, 973.888
4.87388, -105.731, 31.2941
3.24247, 180.698, 101.358
4.22594, 51.0048, 448.354
7.04476, -932.076, 183.802
4.54571, 14.6157, 518.027
5.96642, -680.14, -75.2053
3.35865, 380.285, -942.393
6.21715, 890.596, -508.563
4.16319, -424.861, 642.916
4.62157, 665.564, 311.919
2.79523, -137.518, -112.955
5.09005, 285.793, -233.614
5.94425, 473.532, -580.684
5.01149, -250.093, 14.6494
6.56617, -169.428, -750.369
3.07974, 82.4485, -937.415
5.24841, 270.714, 464.963
5.06046, 409.548, 21.0904
6.02649, 957.255, 441.276
5.65083, -238.37, 885.732
4.0207, -26.211, -638.088
6.74719, 399.796, 370.306
3.39619, 603.962, -21.492
2.61737, -529.349, -100.18
4.19467, 736.593, 52.5089
3.43818, 352.96, -88.5326
6.60467, -287.6, 185.446
6.72507, -895.253, -159.62
6.78031, 847.873, -719.984
7.37454, -954.246, 641.446
2.99587, 468.401, -447.977
2.56182, 564.604, 655.801
2.58614, 221.378, 582.494
2.64527, 250.905, 95.789
4.1031, 151.925, -389.866
6.17815, 626.83, 302.011
3.14876, 355.568, 477.027
2.5161, -368.407, 506.35
6.91905, 139.402, -790.259
3.70482, 230.575, -572.867
4.38481, -817.911, 765.02
4.44879, 613.089, 184.819
2.81534, 596.229, 294.493
7.30792, 183.664, 955.144
3.75349, 726.1, -339.029
6.85376, -677.693, -65.5447
2.85991, -917.315, 425.236
2.70653, -621.41, 574.326
3.46378, 360.554, -523.065
3.86708, -309.914, 302.897
7.4007, -952.069, -365.265
3.60607, 322.804, -532.886
6.43119, -875.211, 855.183
4.42306, 299.799, -421.527
3.78593, 479.051, -636.482
3.91087, -943.911, 63.9778
7.33834, 867.462, -35.8309
4.22841, 765.961, 170.891
3.45922, -981.839, 737.194
5.05037, -548.058, -375.965
5.21857, -556.993, 633.396
5.72333, -641.598, -615.039
3.89738, -11.3518, 791.307
3.41887, -296.709, -718.232
2.71579, -840.07, 373.338
3.98408, -500.974, -262.849
4.25548, -231.402, 140.253
7.09372, -422.065, 721.318
5.81225, 506.997, -362.93
5.08041, 866.049, 584.638
4.03763, 614.506, 586.724
3.0007, -351.909, 154.678
3.47502, 379.478, -880.404
4.11407, 31.2048, -130.817
5.56182, 961.929, 86.8647
5.13511, 959.993, -982.792
3.45653, 259.182, 283.866
4.7178, -638.683, -422.339
4.48693, -708.014, 852.944
6.28051, -606.264, 744.752
6.6213, 736.284, 602.597
5.51573, 142.143, -345.211
3.04573, 608.923, -827.352
4.11797, 486.292, -165.323
5.03403, 8.95093, 318.119
4.76521, -648.295, 800.754
4.77315, -180.236, -456.362
4.91125, 919.349, 912.56
5.07896, 368.997, -651.032
4.50207, 202.842, 823.147
4.22945, 965.78, 483.745
6.64533, 931.902, -241.259
3.02204, -731.323, -796.702
6.40057, 584.611, 566.708
3.19919, -297.371, -239.134
2.62171, -795.563, -519.505
6.0664, 406.434, -752.76
7.15538, 149.566, -824.778
7.47667, 184.092, 174.329
3.86264, -875.777, 152.906
3.6923, -474.576, -257.02
3.87328, 961.085, 619.458
5.70836, -907.523, -730.48
5.17637, 310.126, 154.298
6.8967, 833.235, -296.216
6.75968, -670.303, -835.171
2.98004, 905.745, -38.4123
4.66818, -746.97, 204.815
3.17045, -204.313, -756.244
5.86802, -167.816, 309.181
5.34964, -53.8912, -475.663
3.66474, -621.823, 566.308
5.50306, 266.084, -688.329
2.6551, -801.65, -27.5646
7.08512, 567.881, -311.172
3.82958, 861.236, -174.584
6.50016, -183.822, -509.966
5.46389, 167.914, -718.29
5.0822, 349.46, 626.262
5.2567, 321.597, 641.755
3.47225, 504.311, -234.178
5.36152, 124.108, -742.227
3.81992, 212.465, 401.982
4.41648, -765.701, 539.279
2.73626, -756.221, -897.507
4.22823, 588.469, -672.578
3.61594, 670.842, -431.996
3.81264, 17.7881, -734.667
3.05141, -429.328, -403.243
7.40088, -705.122, 18.8792
5.93794, 797.005, 633.583
5.82158, -547.586, -380.764
5.99501, -601.179, -672.353
2.68746, -836.655, -773.441
3.6706, -629.599, -745.861
3.95397, 720.738, 693.599
3.50543, -35.8325, -256.141
2.7177, 370.959, 335.832
2.56571, -525.735, 519.113
6.07297, -526.374, 765.387
6.88348, -869.273, -627.766
5.35088, -886.142, 269.631
6.92743, 865.083, 867.138
5.20042, -356.925, -279.517
3.31357, 929.441, -646.318
3.30492, 961.528, 440.999
7.19182, 316.941, 286.734
3.45628, 552.978, -850.579
3.15761, 0.509837, -99.3185
4.41122, -311.586, -6.34069
6.12674, 258.324, -263.04
2.50651, 546.467, 867.802
4.60222, 25.6613, 736.786
5.18984, 305.244, -214.3
4.86596, -238.354, 246.756
6.33003, 540.173, 875.099
2.9396, 555.585, -464.648
7.04284, 135.393, 323.195
3.20818, -871.251, -397.299
2.54782, 432.632, -50.6821
2.82267, 240.481, 525.257
4.96742, 381.445, 222.282
5.40914, 528.985, 976.122
4.03373, -947.002, 544.493
4.57091, 905.538, -71.0131
4.33401, -575.71, -687.346
3.42687, 181.875, 667.542
2.76788, 645.171, 174.474
4.47222, 539.962, -65.2267
3.98388, -347.578, -132.372
5.05388, -395.92, 819.904
3.75392, -701.573, 229.754
5.01589, 961.666, 886.082
2.51168, -9.60893, 788.475
7.01807, 993.837, -447.79
2.79181, -906.687, -946.393
5.17506, -685.278, 805.655
3.95754, -376.678, 874.179
7.3023, -807.975, -272.49
4.73406, 320.675, -109.074
5.08479, 892.63, 168.119
5.93861, -253.315, 27.1661
2.72187, -160.539, 75.0648
7.2946, -797.158, 606.151
5.70852, 367.691, 157.191
2.80215, 627.806, -779.214
3.33964, 49.9069, 267.856
5.76491, 487.613, -247.28
6.19864, -769.078, 336.009
3.57011, 856.811, 203.316
4.31441, 156.28, -870.9
6.56981, -647.831, 933.394
5.32057, 807.772, -470.452
7.45886, -40.8981, -894.06
6.5669, -763.506, 395.894
3.49157, -991.817, -22.7565
2.50003, -153.972, -845.824
4.62608, 942.559, -780.66
4.07406, 841.063, 199.676
5.56218, 606.47, -932.187
3.83351, -197.079, -543.192
4.39881, -594.759, -61.8602
5.43397, 960.03, 300.32
5.95636, -141.236, -512.223
7.26736, -457.762, -570.795
4.89785, -293.011, -952.411
3.60319, 377.587, -727.802
5.33741, -722.911, -448.629
6.09873, 429.916, 363.371
4.4953, -495.081, 555.43
3.48326, -693.741, 989.066
6.66971, -674.035, -759.127
5.59561, -446.979, -874.269
7.26866, -292.098, 175.476
3.23222, -14.2929, -276.296
5.38953, 39.2907, -458.959
7.26796, -392.851, 718.882
3.62331, 721.823, -982.869
7.25137, -494.273, 800.5
3.07874, 790.688, -513.717
2.58372, 30.0219, -259.13
3.90465, -357.65, -167.742
7.15042, 640.275, 171.47
3.04796, 749.332, 872.483
6.77266, 28.9047, 826.854
5.68532, -725.315, -731.253
5.63853, 406.16, -708.078
3.80589, 723.726, 744.248
5.13936, -950.917, 217.645
7.16608, -274.619, 906.188
3.98055, 922.028, 103.531
4.78006, 156.744, 452.822
6.35659, -656.163, -615.437
4.17193, 103.517, 119.162
6.31775, -39.6436, -939.442
6.65892, -30.2157, 942.096
2.64618, -724.982, 567.832
4.31315, 714.442, -267.148
4.16221, 285.764, 461.222
3.17675, -517.681, -300.868
3.00839, -305.968, 623.306
5.11327, -609.166, 813.152
3.52046, 30.6499, -532.946
5.00728, -868.353, -628.168
5.1371, 0.477558, 961.339
4.13422, -267.26, -292.804
4.75888, 226.539, -443.434
6.85263, -7.20656, 980.893
4.72884, 643.925, 864.831
6.03726, -458.454, -916.668
6.83171, 912.657, -698.865
6.5822, 867.543, 219.02
2.67504, 892.707, 838.318
3.8644, -652.39, -237.185
5.21858, -422.243, -430.619
3.19942, -984.916, -543.961
5.57408, -776.677, -936.225
3.29182, -686.645, -604.95
4.41129, 99.4759, 220.817
5.94997, -94.4961, 189.195
3.21128, -390.298, 462.007
5.65284, -784.722, 792.4
3.15973, 197.675, 935.855
7.13583, -741.922, 254.393
5.53465, -938.372, 784.422
5.50388, -922.093, 373.1
3.33635, 589.559, -530.438
3.301, -864.608, -400.363
5.91628, 621.918, -29.1425
5.1456, -712.022, -13.1411
3.65264, -134.334, 806.987
6.55373, -502.333, -57.7138
5.76477, -419.85, -559.861
4.08597, -557.797, -586.865
2.53953, -261.94, -814.519
3.49176, 731.559, 735.38
3.78831, -7.73659, 381.587
3.03825, 888.094, 38.5745
3.49545, 131.002, -432.875
6.75079, 803.754, -771.363
6.63912, -981.769, 208.45
6.76813, -960.475, -554.171
5.71027, 286.901, 778.783
3.6787, 721.43, -983.351
6.80638, -502.689, -807.984
5.4745, 36.4005, -103.683
2.52745, 506.232, -31.8028
6.84925, -664.599, -474.579
7.37729, 648.609, 105.526
5.59653, 378.116, 14.2651
3.85574, -938.513, 381.985
7.46973, -160.345, -632.358
4.60751, -721.815, -528.562
4.20537, -794.077, -614.807
4.80717, 367.531, -136.144
4.44822, 263.589, -380.205
4.613, -48.9814, 515.105
2.84879, 131.351, 288.499
5.5153, -58.4445, -129.442
7.36114, -49.7443, 229.934
5.07406, -696.954, -534.158
7.45461, 953.471, -137.484
5.84906, 631.374, -141.876
4.01716, -605.406, 70.0372
3.47371, 873.345, 568.714
4.0109, -710.806, -935.183
4.93946, -335.325, 460.793
4.72438, 533.025, 986.871
5.7844, 320.467, -939.182
3.74227, -777.264, -666.649
4.72007, 54.6842, 555.259
5.75894, -692.081, 51.5347
6.67472, -714.546, 189.862
6.03698, 194.632, 814.039
4.93928, -869.72, -604.916
6.72039, 399.282, -237.929
7.00296, -503.544, -186.165
6.33082, -651.816, -524.953
5.29453, 629.608, 849.878
2.70603, -13.7891, 82.9646
5.46749, 563.579, 66.009
2.68674, -677.633, 823.311
4.53488, 25.0666, 436.95
2.84243, -974.434, -881.092
7.38558, -775.603, -882.404
2.5956, -515.986, -234.717
6.60363, -156.199, -267.01
5.2195, -383.237, 872.414
5.72828, 790.538, -332.736
3.62934, -260.706, 52.1873
2.733, 830.248, -696.794
3.63154, 213.094, -554.796
4.58371, -633.608, 134.91
6.40126, 265.475, -630.898
3.72852, -922.686, 383.097
4.81411, 655.885, 91.6286
6.14756, 928.308, 290.711
5.35237, -330.73, 814.822
5.45997, 931.972, 916.827
4.98425, -940.807, 280.518
3.951, 489.007, 111.448
4.71107, -5.98953, -228.25
2.53669, 853.515, -396.414
7.41683, 494.635, -357.996
2.52822, -807.815, -149.912
4.8676, -107.527, 737.194
5.86497, -310.899, -122.32
