6.27803, -736.586, -997.657
3.5948, 64.5445, -89.6845
5.89648, 358.584, -904.846
5.09708, -233.742, 871.448
2.76731, -931.598, 660.172
2.53849, 338.95, 58.1404
4.58743, -863.233, -232.795
7.15218, 178.148, 374.258
2.95982, 52.9353, 692.19
6.00595, -165.438, 311.8
3.81226, 525.62, 819.504
4.14117, 471.975, -903.726
7.45519, 511.689, 263.851
7.41275, -508.644, -273.84
5.75759, 505.746, 444.618
6.92354, 262.96, -853.193
6.33247, -125.536, -453.954
3.87453, -521.428, -46.29
4.93259, -671.523, -296.597
2.80282, 819.284, 793.295
5.08146, 8.5731, 807.455
4.96988, 971.414, -362.305
7.23882, -817.13, -468.084
4.42071, -4.93367, -845.037
5.14874, 826.327, -446.849
2.75042, 880.457, -68.9619
6.63909, 540.628, 527.369
5.94228, -965.611, -748.117
6.18112, 259.019, 735.957
6.94286, 995.09, 450.554
4.25508, -385.387, -534.059
6.72991, 182.309, 26.3609
3.84659, 669.644, -166.124
4.83959, 73.7579, -170.631
3.2686, -643.941, -422.513
2.66527, 607.24, 142.837
7.2768, -4.14325, 70.3088
6.95369, 109.516, 495.6
3.29884, 682.385, 248.849
3.15214, 429.163, -573.781
2.515, -451.312, -817.303
6.0491, -954.429, -175.424
3.40448, -517.788, 873.667
5.76029, 773.361, -363.725
4.42907, 363.653, -698.956
3.23766, -2.51277, -225.986
5.45054, 687.891, 173.595
3.24076, 115.06, 910.186
3.2091, -182.091, 965.128
4.94257, -494.701, 128.897
3.13015, 916.29, -72.0726
5.64635, -360.311, -599.203
5.60817, 301.835, -745.133
4.88216, -502.667, 604.762
2.64188, -588.992, -228.489
3.21011, -144.517, 802.29
3.15594, -179.938, 893.251
3.31099, -817.301, 766.593
3.76529, -268.9, -855.94
4.77654, 568.891, -731.516
6.54472, -95.0251, -300.531
3.57624, 302.952, 861.508
3.75063, 817.268, 361.272
5.02978, -57.7528, 721.257
6.27922, 634.999, 195.97
5.66369, 903.087, -73.0634
5.9449, 645.335, -123.747
7.27207, 972.598, 406.055
5.18713, -422.046, 705.389
4.57014, -788.507, 33.8487
4.70019, 752.362, 154.223
6.07821, 737.635, 459.144
6.20858, 411.453, 600.078
5.12494, 771.507, -960.913
6.06711, -868.092, -73.7086
5.91025, 334.911, -21.9263
6.82941, 832.682, -600.121
3.19597, 86.8638, 778.189
3.57766, 975.806, -99.9381
5.0733, -367.075, -109.282
4.83766, -120.029, 759.081
3.55759, -268.766, 612.658
5.65244, -692.778, 994.357
2.5044, -990.882, 225.925
4.09589, 453.925, 545.778
5.90281, 364.225, -161.248
6.0446, 671.961, -588.586
2.90869, -809.992, 656.413
3.56926, 261.442, 530.193
4.44412, -836.533, -572.266
4.44927, 897.055, 903.638
3.92018, 383.676, -461.338
4.6123, 566.559, 552.775
2.55658, -605.2, -438.51
3.72027, 956.554, -618.068
4.49072, -725.13, 641.806
6.64177, -646.789, 201.743
3.78584, 974.537, -685.49
3.59705, -799.538, -532.683
6.47385, 391.21, 269.152
5.8476, 504.614, 392.149
5.49108, -889.53, 277.141
5.99917, -362.903, -544.619
5.13062, 525.77, -763.649
4.14833, 179.655, 104.864
3.30844, -714.221, 404.733
6.56633, 719.533, -28.9126
4.08004, 478.007, 114.497
4.05369, 56.0796, -730.217
4.65424, 35.8381, 173.64
4.46509, -249.724, -477.736
4.43916, -48.6977, -109.468
4.34871, -841.27, -442.134
5.88118, 343.356, -492.667
6.10384, 455.5, 27.9814
7.20082, -73.3641, 892.308
5.08573, -79.2736, -357.187
5.5282, -195.38, 322.834
5.85049, -697.095, 974.995
5.11404, 82.4059, -310.861
3.87105, -965.492, 654.512
7.08924, 93.2132, 285.605
3.73367, 937.944, -465.216
4.77876, 386.65, 686.191
3.30374, -954.93, 636.967
4.68319, 414.667, 412.038
7.45767, 501.249, 166.437
6.26931, -440.222, 391.175
4.97846, -989.138, -656.755
7.01651, -666.122, -839.766
4.68213, 493.004, 564.268
5.09239, 169.068, -985.287
4.44866, 88.1169, -864.315
5.63431, -226.475, -568.207
5.19331, 417.178, 318.111
4.35955, 632.078, -438.981
2.54674, -370.394, 365.723
6.3794, 41.5537, -790.804
2.85317, -888.449, -559.56
3.98511, 446.501, -679.524
4.78581, -40.2732, -899.113
3.25156, -97.1744, 41.0413
5.97819, 667.817, -429.314
4.15587, 371.115, 160.467
5.21197, 972.437, -883.339
2.64678, 714.945, -992.514
5.38086, -21.0133, -241.502
5.18133, 362.419, 476.18
7.36678, -756.058, -927.092
5.57063, -297.576, -621.791
5.26431, -746.991, 213.968
6.69051, -281.438, 906.943
3.75764, -483.928, 943.751
6.98957, 631.442, -146.605
5.97428, 517.851, -507.768
5.82752, -472.897, -95.9403
3.06838, -580.371, -768.148
3.37987, -985.126, 94.334
2.91253, -136.169, 197.204
6.68103, -248.323, 373.415
2.64818, 942.914, -757.706
6.34719, -4.82075, -847.319
4.29829, -501.06, 867.054
6.24626, 1.17787, 536.716
6.28385, 362.962, 342.737
3.60834, -538.377, -925.393
5.58305, 305.162, 126.216
3.66846, -550.023, -255.276
6.22052, -668.681, 304.96
5.80997, -907.672, -682.804
4.9209, 901.009, -748.425
2.58972, 828.055, 240.583
4.98291, 444.996, 191.909
5.09587, -114.353, -890.116
4.71395, -874.303, 533.846
4.14528, -63.2411, 951.985
3.52671, 485.842, -107.73
7.19863, -253.041, -655.054
2.85168, -499.78, 927.375
3.30042, 52.2284, -750.015
6.70788, -789.742, 31.5167
4.13614, -156.245, -267.866
6.85942, 155.613, 427.243
5.99896, 672.36, 516.237
5.52801, 869.843, -221.172
4.77536, 79.2315, -272.279
2.91543, -520.854, -183.325
3.94883, -55.1328, -153.316
6.51009, -568.837, -788.583
6.81821, 336.836, 56.4758
3.81831, 422.317, -511.835
4.79881, -837.056, -235.06
4.95672, 600.464, -528.2
5.82344, -467.537, -991.554
7.31738, -626.565, -151.496
7.23022, 587.916, -733.147
2.81902, 223.692, -656.448
5.04829, -407.284, -309.511
6.13222, 668.496, 654.213
5.65882, 602.566, -340.198
3.26658, -916.273, -908.986
5.09652, -869.128, 540.91
3.52281, -557.84, 856.694
6.03231, 399.674, -821.449
6.05786, -475.538, -12.7791
3.66304, -587.745, -238.813
6.80594, -65.9061, -133.738
2.67122, -110.242, 952.528
6.26587, -936.101, 49.4935
4.14789, 644.206, 178.854
4.65309, 72.2355, -534.807
7.33455, 971.624, -193.24
4.05803, 734.093, 698.441
5.69762, 991.76, -702.133
5.95386, 865.53, -62.8693
5.36403, 81.3665, 629.813
6.60667, 891.093, -682.565
4.21807, -909.367, -684.255
5.09387, -808.193, -777.789
6.78438, 122.725, -953.259
6.18587, 347.649, 36.745
3.45992, -949.747, 392.978
2.83145, -308.195, 341.252
3.60828, 846.652, -720.584
3.33656, 171.252, -237.493
6.31172, 382.122, -941.498
5.44905, -844.416, 425.904
4.65223, 859.459, 851.841
7.09618, 661.529, 12.0436
5.09668, 446.29, 197.235
7.38058, -677.912, -19.7654
5.15714, -453.255, 147.911
2.98716, 334.138, 395.058
5.83983, 219.96, 98.0408
5.44444, 141.211, -18.2533
5.01137, -702.901, -109.904
2.75808, -934.641, 461.299
2.6753, -350.785, 32.7938
4.41484, -785.632, -511.313
5.55555, 192.206, 103.589
5.06574, 541.419, 875.738
5.98498, 301.34, -26.5209
4.89891, -25.7643, -185.199
3.88323, 68.371, 421.336
6.01685, -439.497, 210.248
3.67701, 875.717, 59.6075
6.41501, 191.567, -174.394
6.60589, 361.878, 838.767
3.21842, -537.613, 54.1304
5.75757, -493.618, 803.296
3.87677, 870.841, -988.368
7.26215, -437.452, 716.86
4.58238, -752.959, 13.8322
3.03869, -126.847, 404.15
4.70633, -799.336, 531.972
6.28811, -415.897, -304.324
2.77803, -338.542, -321.555
3.51241, -28.7288, 145.608
6.82305, 945.697, -783.026
6.52456, -265.345, -14.2141
2.78861, -680.114, -674.365
4.40304, -64.022, -701.429
4.56124, -149.166, 766.322
2.80071, -382.478, 302.545
7.09746, 798.9, 637.686
3.35398, 539.107, 803.19
6.51634, -935.059, 148.282
3.88599, 723.426, 45.1379
4.44586, 173.26, 738.634
7.19936, 52.1281, 623.692
6.24573, 160.271, -161.919
3.44774, -324.414, 760.732
6.89581, 437.003, 485.696
6.8953, 419.061, -852.467
3.30515, -813.31, -267.774
5.87346, -805.815, -166.351
6.89096, 626.854, 125.868
6.98262, 265.325, 533.214
3.06535, -26.1742, 755.775
5.93789, -233.868, -247.813
3.21651, -843.331, -759.265
3.6901, 415.834, -44.6658
5.64383, 949.569, -218.022
4.312, 817.187, 361.918
4.64437, 588.523, 718.032
4.91936, -8.01011, -845.117
6.20379, -1.52126, -102.152
3.23098, -396.175, 866.459
7.36238, -837.334, -777.071
7.3158, -518.767, -190.037
3.14741, -602.636, 666.024
5.3784, -320.611, -607.102
4.66439, 170.917, -121.041
5.50066, -240.201, -261.599
5.85098, -700.693, -137.306
4.5137, 396.315, 989.378
6.46691, 639.537, 696.808
4.89889, -978.737, -251.118
5.72449, 294.813, 277.404
4.28836, -245.75, 598.627
5.96794, -330.939, -220.872
5.83428, -416.969, -707.753
3.22071, -373.911, 709.81
7.10415, -984.481, 213.25
4.22228, 32.5595, -235.925
6.66824, -416.81, -470.91
2.74349, 269.904, -749.495
3.27936, -246.77, -75.5686
2.55765, 331.633, 510.409
3.94327, 121.42, 589.297
5.07295, -352.208, -170.988
3.65948, 683.416, 438.014
2.75022, -241.381, -66.8211
5.33091, -595.375, -849.544
6.69774, -153.966, 669.587
4.28763, -641.727, -422.265
4.3452, 168.873, 870.783
7.22226, 255.936, -73.6365
4.72425, -905.84, -184.411
6.82086, 495.491, 189.505
5.82654, -789.956, -737.115
5.79297, 163.55, 666.095
7.10736, -961.13, 963.02
5.11536, 939.377, -614.254
5.45229, 439.382, -442.237
5.79944, 668.761, 670.933
4.24765, 292.558, 460.423
4.11714, 334.269, 61.8038
7.08984, -112.519, 738.762
3.08619, 903.593, -446.347
7.31268, 676.197, -171.12
5.17978, 46.4529, -332.624
5.81447, 857.17, 635.376
5.48362, 887.472, -508.449
6.93363, -506.129, -746.815
6.67999, -671.379, -607.579
6.69339, 246.618, 204.112
6.85642, -215.441, 341.778
2.5002, -768.783, 334.354
4.77274, 258.077, 351.303
4.25696, -933.607, 151.399
5.80713, -258.108, 709.472
6.22234, -872.932, 152.825
3.3821, -117.934, -445.159
7.4621, 794.494, -814.624
5.95466, -933.172, 174.983
6.97862, 140.927, -18.8816
3.51579, 375.086, -131.474
7.2356, -456.176, -36.4767
4.88476, 897.895, -506.536
6.78578, 922.024, -746.434
6.41237, -982.661, -561.362
5.70687, 915.181, -903.33
3.14521, -724.97, 147.566
5.77944, 4.00594, 649.609
3.09199, 53.0469, 9.6834
3.88793, 336.515, 804.961
6.65548, -219.46, -226.958
6.14153, -752.467, -513.657
6.74348, -597.774, 295.961
3.43989, -785.56, -949.002
6.09602, 558.639, -278.673
4.25586, 160.834, 332.597
3.34555, -415.869, -687.079
4.52383, 340.014, -550.232
4.20924, 158.972, 771.769
6.67141, 395.538, -125.551
3.9111, 698.039, 584.071
5.16766, -673.028, -477.366
6.25085, 995.252, -853.067
4.62554, -684.9, -763.325
4.66964, -570.857, 546.963
3.03022, 858.107, -932.911
6.4639, -37.494, -466.675
3.91232, -572.931, -484.049
7.14264, -580.171, -236.996
5.37926, 239.136, 521.311
3.4895, 816.833, -288.536
5.99081, 575.35, -758.168
3.07265, 495.563, -961.1
4.22945, 307.543, 788.446
4.15646, -582.245, -237.965
6.42735, 828.51, -962.948
6.65775, 459.713, -212.908
4.21712, -740.199, 755.22
4.2603, -274.808, 886.554
6.38197, 145.825, -834.132
6.58658, -12.9471, 688.158
4.26157, -130.093, 285.445
7.09559, -433.296, -301.307
3.2877, 490.48, 253.099
5.56029, -488.784, 563.96
5.54222, -374.052, 710.153
3.16647, -252.207, -746.671
3.51409, -746.561, -477.188
4.79457, -857.323, 501.13
3.48759, -528.42, 927.248
6.77118, -839.83, 372.829
6.54562, -759.624, -693.558
2.80131, -907.597, 886.956
6.50584, -718.043, 656.669
5.49597, -193.104, -543.896
7.43182, -891.516, 308.607
2.65919, -163.465, 638.297
6.8356, 946.632, -773.669
3.69109, 669.086, 347.808
3.6127, 177.159, 432.381
4.73907, -991.784, -542.141
2.61231, 861.333, -172.717
6.79755, -252.718, 22.7354
4.15902, 213.766, 590.874
5.72195, 306.795, 249.551
7.43521, -946.356, -482.455
5.30162, 284.607, -584.019
4.74553, -758.251, -246.205
5.213, 171.431, -716.572
2.90797, 773.116, -32.8083
3.99606, -803.861, -272.588
6.63964, 823.891, 680.587
6.48936, 625.908, 938.443
5.71048, -102.953, 679.708
4.84105, 630.993, 386.931
7.15326, -197.693, -611.073
5.08798, -249.179, -71.1475
7.42924, 798.163, -541.781
5.94567, -81.6988, -724.242
6.19966, -181.082, -445.05
3.46323, -392.392, -935.655
6.08881, -451.234, 625.282
6.11146, 570.051, -181.676
6.49298, 266.266, 153.915
4.23216, 255.412, -997.675
5.1481, -15.7398, -58.4035
3.19001, 715.889, -361.656
6.73218, -225.486, -204.997
6.32766, -84.992, -885.895
7.5, 923.515, -416.81
4.24891, 483.099, 995.057
5.50367, -601.282, 591.764
3.50808, -496.313, 84.7795
6.2385, 28.2009, 152.108
6.49225, 977.257, 216.181
3.03505, -706.217, 109.369
5.35813, -507.242, 47.39
2.84683, 358.404, -333.17
4.16036, 749.657, 689.372
5.80945, 487.26, -708.467
5.27726, 172.541, -194.986
7.12415, 228.957, -11.732
2.69832, -486.286, 227
2.62083, -312.058, 240.555
4.61923, 214.633, -656.975
4.36987, 460.796, 136.292
2.93303, -236.124, -259.992
3.05403, -162.778, 166.487
5.31992, 369.032, -348.594
7.37269, 62.1814, 742.735
3.05066, -47.987, -881.815
5.99352, 99.0427, 982.267
2.79674, -50.2481, -743.666
4.69755, 835.607, -108.76
5.24651, 992.883, 716.37
3.45129, 691.801, -750.633
7.36597, 313.532, 327.715
3.19593, -676.333, -72.0945
5.48978, 942.487, -432.873
7.12812, -873.347, 704.221
3.91116, -75.5102, 890.691
6.8307, -139.877, -81.1127
6.29598, -228.715, -601.359
6.10793, 353.43, 623.715
3.34241, -377.21, 370.527
3.32882, 838.517, 374.803
3.39076, -647.391, -990.586
5.87226, 335.822, -602.745
4.83484, -355.317, 40.1667
6.85219, -811.556, -358.214
5.76023, -696.474, -117.588
5.80464, 763.194, 881.956
2.58037, -660.907, -596.061
4.30596, -779.817, -667.891
3.72747, 925.768, 120.251
6.93086, -938.202, -950.78
5.23701, 825.294, 773.453
6.57209, -26.2654, -652.29
5.24453, 173.978, 868.779
4.16156, 506.42, -55.9665
4.40213, 24.8475, -654.836
2.52389, 932.508, 655.208
6.95226, -90.64, -397.3
6.16955, -498, 686.276
6.04239, -153.723, 669.159
5.1278, 54.2754, -187.46
6.41065, -191.723, -815.609
3.42484, -385.323, -470.452
5.72673, 244.615, 511.551
3.42178, -690.016, -343.689
3.31214, 64.1319, -85.1387
2.65594, -181.923, 850.744
7.42716, 130.312, -665.595
4.04559, -332.106, -717.918
4.11075, -668.646, -297.634
5.51155, 288.026, -232.89
2.89107, -329.579, -923.29
3.93936, -18.9103, 88.8418
5.79307, -122.651, -493.878
7.36348, -994.161, -349.014
7.27758, -363.191, -796.817
7.42745, -671.037, -289.439
7.30478, -914.493, -764.571
3.0073, -558.799, 568.892
3.71505, -126.216, -490.238
6.91151, 98.8848, -433.764
5.28805, 340.661, 701.503
6.7669, 803.175, 515.912
7.49145, -535.181, 522.901
3.99751, -257.885, -481.875
6.33157, 980.057, 488.781
4.81901, 284.087, -143.372
6.8168, -636.256, -793.629
6.99018, 860.955, 5.39312
7.377, 258.012, -416.874
2.77405, 661.095, 79.3348
6.32605, 948.857, -618.272
5.09219, -934.077, 739.462
3.46574, 931.931, -242.765
6.98252, 195.263, -543.155
6.38492, -831.525, 98.3123
2.75968, 416.14, 541.518
7.47331, -854.839, 765.912
5.93659, -2.27772, -459.413
5.94854, 888.41, 496.793
6.57666, -657.327, 820.932
7.05426, -36.571, -436.027
3.34218, -201.384, 404.772
5.24183, -580.115, 804.293
6.53351, -481.488, -252.224
4.17803, 320.258, -531.569
5.53435, -101.247, 39.8154
6.59602, -953.596, 334.099
7.3485, 85.6943, -247.424
6.29349, 585.2, 492.933
3.72113, -183.702, -93.0543
5.80589, -572.231, 403.773
4.21574, -447.935, -186.5
7.27146, 376.193, -396.485
2.60828, 803.866, 555.897
4.54979, -892.036, 947.175
2.55789, 590.911, -672.999
3.04964, 841.754, 201.08
5.28259, -850.643, 91.3777
4.45466, -31.9619, -235.117
7.20539, 117.972, -182.689
2.55572, 179.297, 396.123
6.22897, -223.775, -435.39
3.84293, 109.797, 128.834
4.27153, -679.397, -760.429
3.45835, -465.584, 617.052
5.14832, 295.933, -170.162
4.39478, -58.7305, -855.126
3.16407, -12.8816, -802.697
4.26563, -124.939, -565.783
4.2497, 783.953, 986.133
7.41084, 611.081, -120.857
5.25961, 150.684, -385.755
4.99918, 13.4494, -714.046
3.58531, -834.67, 457.619
4.37311, -231.645, -652.077
6.78251, -663.096, -472.187
6.45578, 788.899, -510.369
3.9204, -491.42, 929.097
5.07645, 437.493, 100.482
6.79238, -294.226, -25.4829
7.07844, -946.285, -172.8
7.48941, 136.664, 917.07
6.53177, 172.597, -194.983
5.22718, -904.992, -184.682
7.3461, 149.749, -737.785
5.31931, -585.296, 362.642
4.03031, -415.556, 660.353
5.41853, 967.396, 953.738
2.91197, 55.5791, -332.41
5.47382, 354.479, 624.129
3.31968, -598.762, -591.674
6.46527, -610.062, -436.643
2.95373, 578.9, 741.324
6.3072, -505.514, -679.814
6.83996, -219.303, 32.8017
6.40105, 192.195, -334.477
6.61399, 908.621, 970.849
6.70974, 372.613, 553.464
4.48328, 532.687, 256.233
6.508, -159.459, 170.261
6.56811, 380.873, -44.1922
5.43493, -409.991, 101.36
4.64621, 796.3, -50.4364
2.5002, -68.5654, -479.373
5.31153, -815.549, 316.569
6.22632, 335.941, 355.797
3.89846, 965.346, 297.957
2.93406, -987.497, 565.166
3.5733, 853.479, -880.946
3.93296, -493.513, 555.233
4.86595, -407.058, 475.5
6.95893, 845.478, 819.893
5.91955, 507.396, -500.216
3.54376, -50.8731, -65.499
6.67533, 794.539, 12.1756
7.09218, 941.476, 917.591
4.48244, -474.749, -701.524
6.37858, 541.742, 538.122
5.68161, -161.646, -90.6391
6.64746, 483.598, 292.36
3.40204, 558.9, -458.123
7.45927, 579.708, -765.607
6.70558, -150.848, -845.003
4.65177, 888.644, 266.267
4.38589, 596.812, 890.355
2.70802, 655.879, -505.863
6.80715, -808.104, -540.048
6.62116, 911.985, -907.239
6.25052, 16.49, 733.744
3.55801, -165.172, 994.12
4.31029, -781.912, -192.312
4.43545, -591.495, -803.724
7.32918, 805.275, 640.377
6.5872, -168.384, 630.999
4.5755, -82.4579, 449.439
5.83759, 205.968, 184.159
2.52101, 477.461, 975.389
6.98048, -742.229, 254.968
3.68416, -343.439, 355.316
3.79415, 359.634, -96.1592
5.4939, 407.139, -708.16
6.89823, -845.616, 379.001
6.16299, -565.62, -592.406
6.0773, 914.08, 570.784
3.57724, -608.592, 481.042
6.30413, 678.568, -958.218
3.85351, -160.373, -560.829
2.75246, 667.847, 342.785
4.78866, 268.604, 245.67
2.58759, 449.337, -779.439
3.01129, 75.4343, -175.584
2.639, -129.325, 281.09
5.65921, -340.759, -515.566
6.34425, 84.5639, -246.752
2.74132, 525.58, -840.881
6.6924, -58.1936, -630.682
6.76899, -263.104, -320.893
6.57649, -444.542, 573.964
6.85188, 795.192, 405.826
5.27222, -634.31, -172.382
6.12646, -296.358, 59.9763
3.20424, -527.738, 938.514
6.6115, 601.225, -530.532
5.51185, 734.164, -197.473
4.93856, 509.195, -921.129
6.14942, -288.635, 953.903
4.05164, 757.619, -669.352
3.93925, -699.346, 354.242
5.45857, -953.619, 811.225
5.34055, 656.711, 886.388
5.41059, -928.403, -578.948
2.84132, -689.504, 283.212
4.34304, 152.986, -381.778
6.28475, -937.528, -576.249
6.35297, -447.013, -875.221
4.27217, -394.094, -252.247
5.98913, 243.282, 932.901
5.08005, -684.144, -303.695
5.94494, 391.634, 131.77
6.18066, -82.1759, 615.676
2.56231, -343.678, -675.348
7.16549, 605.447, -122.893
5.37826, 133.669, 126.545
3.05587, 458.939, 974.792
4.87388, -109.297, 24.8486
3.24247, 173.469, 94.069
4.22594, 50.9674, 450.014
7.04476, -933.125, 184.274
4.54571, 15.4355, 516.288
5.96642, -678.982, -76.8872
3.35865, 383.201, -934.332
6.21715, 893.528, -504.777
4.16319, -423.64, 641.288
4.62157, 668.118, 311.438
2.79523, -137.255, -115.445
5.09005, 282.21, -239.967
5.94425, 474.739, -581.561
5.01149, -257.563, 22.1821
6.56617, -169.075, -751.603
3.07974, 81.684, -939.866
5.24841, 266.564, 465.535
5.06046, 411.887, 21.3567
6.02649, 953.268, 441.675
5.65083, -236.84, 890.115
4.0207, -24.0476, -633.77
6.74719, 400.157, 372.229
3.39619, 602.176, -20.3064
2.61737, -530.845, -100.283
4.19467, 740.722, 54.2092
3.43818, 350.549, -84.6897
6.60467, -286.321, 190.419
6.72507, -895.747, -156.179
6.78031, 845.806, -719.992
7.37454, -954.654, 640.772
2.99587, 470.407, -448.471
2.56182, 564.459, 657.1
2.58614, 219.7, 585.739
2.64527, 252.465, 94.9902
4.1031, 150.78, -390.376
6.17815, 627.818, 302.704
3.14876, 365.141, 475.438
2.5161, -367.97, 507.552
6.91905, 139.062, -791.079
3.70482, 231.552, -574.888
4.38481, -821.482, 759.268
4.44879, 609.752, 186.308
2.81534, 595.879, 295.191
7.30792, 183.71, 958.99
3.75349, 726.917, -338.094
6.85376, -680.619, -58.0771
2.85991, -919.12, 427.682
2.70653, -625.314, 578.101
3.46378, 363.294, -523.756
3.86708, -310.645, 302.854
7.4007, -953.459, -365.674
3.60607, 324.844, -540.057
6.43119, -875.943, 856.668
4.42306, 301.331, -422.378
3.78593, 480.335, -637.161
3.91087, -948.32, 65.9472
7.33834, 868.671, -33.8748
4.22841, 768.862, 172.786
3.45922, -984.706, 737.965
5.05037, -547.965, -379.233
5.21857, -558.227, 634.813
5.72333, -636.8, -615.727
3.89738, -10.2228, 787.938
3.41887, -296.559, -720.289
2.71579, -842.195, 378.46
3.98408, -503.294, -265.421
4.25548, -231.572, 140.874
7.09372, -421.315, 728.732
5.81225, 505.46, -362.733
5.08041, 867.025, 586.441
4.03763, 616.586, 588.603
3.0007, -353.199, 155.415
3.47502, 380.153, -881.077
4.11407, 31.5284, -132.271
5.56182, 965.278, 86.6232
5.13511, 961.458, -984.656
3.45653, 256.638, 285.338
4.7178, -649.795, -428.561
4.48693, -710.128, 855.574
6.28051, -607.344, 744.825
6.6213, 737.028, 602.628
5.51573, 141.979, -344.315
3.04573, 610.374, -829.717
4.11797, 487.389, -165.417
5.03403, 8.19362, 318.839
4.76521, -648.257, 798.487
4.77315, -181.328, -461.474
4.91125, 917.925, 910.125
5.07896, 369.608, -651.352
4.50207, 197.595, 817.487
4.22945, 962.469, 485.124
6.64533, 928.368, -240.219
3.02204, -733.132, -799.088
6.40057, 586.84, 569.163
3.19919, -297.675, -239.515
2.62171, -801.748, -515.712
6.0664, 407.164, -755.76
7.15538, 155.681, -822.397
7.47667, 181.27, 174.843
3.86264, -882.26, 152.892
3.6923, -477.45, -254.306
3.87328, 963.737, 620.257
5.70836, -909.309, -731.176
5.17637, 310.811, 156.195
6.8967, 836.746, -297.158
6.75968, -663.27, -840.479
2.98004, 909.997, -35.3181
4.66818, -751.058, 198.774
3.17045, -205.71, -757.863
5.86802, -160.811, 317.113
5.34964, -53.4146, -480.642
3.66474, -624.136, 562.921
5.50306, 266.763, -689.983
2.6551, -803.935, -28.295
7.08512, 569.049, -312.456
3.82958, 864.532, -179.168
6.50016, -184.971, -509.444
5.46389, 169.341, -724.476
5.0822, 358.975, 616.706
5.2567, 319.398, 644.467
3.47225, 507.347, -233.506
5.36152, 121.284, -743.518
3.81992, 213.996, 402.872
4.41648, -765.318, 539.809
2.73626, -754.643, -897.575
4.22823, 587.114, -670.684
3.61594, 679.438, -437.168
3.81264, 16.9334, -737.733
3.05141, -430.247, -402.244
7.40088, -705.996, 20.3115
5.93794, 797.908, 642.029
5.82158, -547.946, -379.227
5.99501, -601.992, -673.227
2.68746, -833.391, -775.679
3.6706, -628.942, -745.737
3.95397, 717.384, 694.024
3.50543, -39.8261, -260.043
2.7177, 376.17, 332.492
2.56571, -533.426, 521.767
6.07297, -527.747, 765.576
6.88348, -871.171, -630.278
5.35088, -887.834, 271.968
6.92743, 866.023, 871.145
5.20042, -356.484, -280.146
3.31357, 930.077, -647.821
3.30492, 968.181, 440.27
7.19182, 319.449, 287.511
3.45628, 554.388, -852.937
3.15761, -4.75596, -109.126
4.41122, -315.501, -5.23198
6.12674, 257.794, -265.517
2.50651, 539.741, 874.932
4.60222, 21.2319, 735.949
5.18984, 308.26, -214.031
4.86596, -238.83, 247.379
6.33003, 544.749, 869.843
2.9396, 555.03, -470.06
7.04284, 133.586, 323.927
3.20818, -877.151, -395.556
2.54782, 436.475, -51.8391
2.82267, 239.754, 520.595
4.96742, 381.884, 222.499
5.40914, 532.834, 985.676
4.03373, -948.96, 544.888
4.57091, 917.752, -67.981
4.33401, -574.477, -689.128
3.42687, 185.372, 669.074
2.76788, 638.913, 161.828
4.47222, 541.547, -65.4767
3.98388, -347.999, -132.029
5.05388, -396.328, 820.893
3.75392, -699.812, 230.36
5.01589, 965.249, 885.012
2.51168, -16.0378, 797.812
7.01807, 997.193, -448.228
2.79181, -906.043, -948.448
5.17506, -688.696, 804.931
3.95754, -384.464, 875.499
7.3023, -814.423, -272.469
4.73406, 319.71, -109.229
5.08479, 895.051, 167.683
5.93861, -256.191, 14.8272
2.72187, -160.636, 76.1506
7.2946, -798.278, 606.947
5.70852, 363.481, 155.552
2.80215, 630.436, -781.15
3.33964, 48.5061, 268.198
5.76491, 487.607, -249.527
6.19864, -769.508, 339.575
3.57011, 860.434, 200.662
4.31441, 157.39, -874.781
6.56981, -648.143, 934.933
5.32057, 807.812, -470.615
7.45886, -42.5109, -897.102
6.5669, -763.675, 397.633
3.49157, -994.147, -23.0442
2.50003, -161.796, -854.159
4.62608, 944.293, -775.263
4.07406, 834.275, 195.005
5.56218, 606.918, -933.944
3.83351, -202.518, -544.33
4.39881, -595.096, -61.1478
5.43397, 966.867, 295.797
5.95636, -141.542, -515.576
7.26736, -459.373, -571.914
4.89785, -292.855, -954.809
3.60319, 375.9, -730.715
5.33741, -724.871, -447.022
6.09873, 433.23, 364.284
4.4953, -488.438, 563.581
3.48326, -689.593, 990.48
6.66971, -674.286, -759.318
5.59561, -449.397, -868.428
7.26866, -294.625, 172.343
3.23222, -14.3721, -280.011
5.38953, 40.702, -460.042
7.26796, -392.284, 723.063
3.62331, 720.479, -977.659
7.25137, -490.109, 809.004
3.07874, 799.165, -518.275
2.58372, 29.6355, -262.455
3.90465, -352.028, -171.226
7.15042, 647.75, 168.015
3.04796, 746.488, 871.971
6.77266, 30.4388, 830.356
5.68532, -726.579, -732.347
5.63853, 409.125, -711.263
3.80589, 727.591, 743.391
5.13936, -950.986, 220.065
7.16608, -268.293, 913.57
3.98055, 923.46, 101.297
4.78006, 155.813, 456.628
6.35659, -656.614, -621.59
4.17193, 99.4842, 116.069
6.31775, -39.5396, -944.411
6.65892, -30.0653, 943.225
2.64618, -725.189, 568.362
4.31315, 715.457, -267.665
4.16221, 283.862, 461.159
3.17675, -519.258, -304.889
3.00839, -306.723, 623.704
5.11327, -610.042, 815.403
3.52046, 30.6558, -534.522
5.00728, -869.051, -630.946
5.1371, 3.03352, 961.799
4.13422, -269.211, -292.974
4.75888, 226.14, -445.296
6.85263, -7.43232, 985.923
4.72884, 645.806, 865.337
6.03726, -458.939, -919.919
6.83171, 915.397, -699.277
6.5822, 870.72, 221.331
2.67504, 895.954, 837.661
3.8644, -654.192, -236.395
5.21858, -422.828, -430.858
3.19942, -991.88, -546.931
5.57408, -779.407, -936.062
3.29182, -693.214, -605.625
4.41129, 98.9978, 221.18
5.94997, -94.3378, 189.537
3.21128, -389.041, 460.75
5.65284, -785.089, 794.602
3.15973, 199.518, 936.375
7.13583, -739.715, 250.957
5.53465, -939.452, 784.9
5.50388, -922.1, 370.595
3.33635, 599.477, -527.222
3.301, -863.536, -401.347
5.91628, 624.133, -29.897
5.1456, -715.046, -13.9567
3.65264, -131.951, 811.637
6.55373, -502.339, -58.2659
5.76477, -420.497, -560.896
4.08597, -551.884, -584.102
2.53953, -262.632, -816.088
3.49176, 728.626, 742.472
3.78831, -8.62952, 382.081
3.03825, 891.65, 38.7029
3.49545, 132.574, -435.45
6.75079, 803.754, -772.057
6.63912, -985.146, 213.387
6.76813, -960.37, -552.119
5.71027, 285.621, 779.798
3.6787, 728.505, -989.006
6.80638, -502.641, -810.031
5.4745, 36.8856, -102.354
2.52745, 507.327, -29.8989
6.84925, -662.98, -471.267
7.37729, 650.191, 106.582
5.59653, 379.346, 13.5411
3.85574, -943.512, 380.001
7.46973, -159.125, -634.932
4.60751, -723.484, -530.142
4.20537, -794.893, -615.477
4.80717, 363.004, -137.771
4.44822, 264.454, -379.223
4.613, -50.3665, 515.461
2.84879, 131.942, 287.381
5.5153, -58.1849, -127.111
7.36114, -49.7098, 230.995
5.07406, -696.8, -535.899
7.45461, 955.834, -137.701
5.84906, 625.378, -148.341
4.01716, -605.787, 70.6543
3.47371, 875.324, 566.249
4.0109, -709.78, -937.578
4.93946, -334.858, 461.367
4.72438, 530.809, 980.317
5.7844, 319.722, -941.776
3.74227, -779.604, -667.186
4.72007, 54.9192, 555.929
5.75894, -691.869, 53.893
6.67472, -713.77, 188.748
6.03698, 200.058, 820.307
4.93928, -871.493, -602.445
6.72039, 399.885, -239.167
7.00296, -498.716, -183.549
6.33082, -650.951, -526.646
5.29453, 628.753, 848.609
2.70603, -21.7965, 92.081
5.46749, 564.32, 65.5074
2.68674, -681.011, 827.847
4.53488, 22.9618, 437.017
2.84243, -976.443, -882.117
7.38558, -778.105, -882.495
2.5956, -517.404, -233.507
6.60363, -160.274, -272.979
5.2195, -374.682, 878.201
5.72828, 792.02, -332.551
3.62934, -260.75, 57.232
2.733, 828.331, -694.901
3.63154, 214.676, -556.005
4.58371, -633.575, 135.243
6.40126, 266.039, -631.982
3.72852, -922.44, 388.887
4.81411, 659.309, 88.0877
6.14756, 928.951, 291.281
5.35237, -330.43, 816.067
5.45997, 928.311, 925.096
4.98425, -943.993, 281.066
3.951, 494.446, 109.148
4.71107, -5.45177, -226.665
2.53669, 854.794, -395.96
7.41683, 496.961, -359.313
2.52822, -810.155, -145.657
4.8676, -98.5161, 735.925
5.86497, -310.356, -121.991
