6.27803, -736.397, -996.353
3.5948, 63.2216, -86.3206
5.89648, 359.066, -904.263
5.09708, -234.239, 872.808
2.76731, -932.099, 659.14
2.53849, 336.614, 60.0593
4.58743, -861.474, -232.608
7.15218, 178.262, 374.708
2.95982, 52.4112, 692.119
6.00595, -162.517, 315.591
3.81226, 526.337, 818.826
4.14117, 471.874, -902.979
7.45519, 511.084, 263.02
7.41275, -508.196, -273.206
5.75759, 505.206, 444.223
6.92354, 262.788, -852.393
6.33247, -124.26, -453.161
3.87453, -519.631, -47.3257
4.93259, -672.128, -302.765
2.80282, 819.772, 792.069
5.08146, 8.27763, 806.393
4.96988, 970.371, -362.515
7.23882, -816.348, -468.29
4.42071, -10.6907, -842.225
5.14874, 825.588, -447.437
2.75042, 879.355, -67.6137
6.63909, 541.003, 531.34
5.94228, -964.123, -747.472
6.18112, 258.983, 735.658
6.94286, 992.911, 450.406
4.25508, -384.217, -534.329
6.72991, 182.361, 26.2574
3.84659, 666.453, -164.005
4.83959, 73.6214, -172.583
3.2686, -642.512, -423.093
2.66527, 608.654, 142.562
7.2768, -4.80202, 71.146
6.95369, 109.709, 495.05
3.29884, 681.44, 248.372
3.15214, 429.022, -573.382
2.515, -451.586, -816.904
6.0491, -954.623, -176.15
3.40448, -516.317, 872.418
5.76029, 773.018, -363.047
4.42907, 364.211, -698.761
3.23766, -7.36777, -227.676
5.45054, 686.04, 173.165
3.24076, 116.734, 909.869
3.2091, -181.877, 964.307
4.94257, -494.117, 128.395
3.13015, 913.761, -68.2093
5.64635, -359.648, -598.488
5.60817, 301.451, -744.33
4.88216, -501.746, 603.961
2.64188, -584.672, -235.163
3.21011, -142.973, 801.823
3.15594, -180.257, 892.289
3.31099, -819.419, 762.237
3.76529, -268.664, -854.86
4.77654, 570.655, -732.625
6.54472, -94.8196, -300.297
3.57624, 302.764, 860.478
3.75063, 816.814, 363.707
5.02978, -57.9028, 720.994
6.27922, 634.936, 193.097
5.66369, 904.007, -71.5813
5.9449, 642.89, -125.226
7.27207, 971.648, 407.012
5.18713, -422.598, 707.377
4.57014, -789.802, 29.3473
4.70019, 751.963, 154.69
6.07821, 737.137, 458.948
6.20858, 410.552, 599.316
5.12494, 771.194, -960.409
6.06711, -867.244, -73.9061
5.91025, 334.647, -21.8254
6.82941, 832.356, -599.692
3.19597, 86.2785, 777.157
3.57766, 974.177, -100.3
5.0733, -366.245, -110.041
4.83766, -119.612, 756.752
3.55759, -268.231, 612.29
5.65244, -691.425, 990.324
2.5044, -985.717, 220.464
4.09589, 453.508, 545.259
5.90281, 363.84, -159.291
6.0446, 671.47, -588.089
2.90869, -809.482, 655.852
3.56926, 265.023, 532.936
4.44412, -835.788, -571.921
4.44927, 898.239, 903.34
3.92018, 383.307, -461.212
4.6123, 565.911, 552.196
2.55658, -612.106, -435.951
3.72027, 947.531, -618.468
4.49072, -723.869, 643.465
6.64177, -647.099, 201.589
3.78584, 973.837, -686.074
3.59705, -801.945, -533.456
6.47385, 390.758, 268.995
5.8476, 503.907, 391.962
5.49108, -889.936, 280.373
5.99917, -363.196, -543.832
5.13062, 526.14, -762.823
4.14833, 182.186, 102.885
3.30844, -714.398, 404.036
6.56633, 719.021, -28.6686
4.08004, 478.14, 114.921
4.05369, 55.4807, -730.778
4.65424, 35.6146, 172.089
4.46509, -248.258, -477.219
4.43916, -49.0663, -111.456
4.34871, -840.034, -442.551
5.88118, 343.242, -492.973
6.10384, 454.54, 28.0419
7.20082, -71.1987, 893.336
5.08573, -79.3522, -357.365
5.5282, -194.832, 322.917
5.85049, -695.796, 976.488
5.11404, 81.8317, -310.034
3.87105, -962.592, 651.893
7.08924, 93.743, 285.411
3.73367, 936.69, -464.317
4.77876, 385.864, 685.204
3.30374, -954.492, 636.537
4.68319, 414.115, 410.984
7.45767, 500.001, 167.439
6.26931, -439.801, 391.073
4.97846, -987.821, -656.258
7.01651, -660.747, -839.774
4.68213, 492.809, 563.31
5.09239, 168.785, -984.154
4.44866, 88.1571, -863.205
5.63431, -225.363, -568.137
5.19331, 416.359, 318.122
4.35955, 632.212, -438.738
2.54674, -369.288, 365.03
6.3794, 41.3484, -789.912
2.85317, -887.905, -560.078
3.98511, 445.924, -679.568
4.78581, -44.6889, -893.733
3.25156, -94.8139, 41.5841
5.97819, 668.356, -430.166
4.15587, 369.923, 159.201
5.21197, 971.705, -882.379
2.64678, 716.79, -989.856
5.38086, -21.6229, -239.273
5.18133, 365.598, 474.905
7.36678, -756.728, -926.159
5.57063, -297.726, -620.85
5.26431, -746.404, 212.988
6.69051, -278.15, 906.542
3.75764, -485.181, 940.876
6.98957, 627.3, -145.935
5.97428, 515.287, -505.586
5.82752, -472.977, -95.7342
3.06838, -580.056, -768.977
3.37987, -983.613, 94.5493
2.91253, -136.174, 196.349
6.68103, -247.731, 372.628
2.64818, 941.058, -761.112
6.34719, -2.08978, -850.398
4.29829, -501.937, 866.545
6.24626, 1.91783, 535.828
6.28385, 362.833, 342.076
3.60834, -538.108, -924.349
5.58305, 305.118, 126.82
3.66846, -549.842, -254.304
6.22052, -668.99, 304.358
5.80997, -909.972, -684.814
4.9209, 902.704, -747.523
2.58972, 828.072, 239.723
4.98291, 446.242, 196.797
5.09587, -112.993, -888.728
4.71395, -874.311, 531.91
4.14528, -62.5073, 950.661
3.52671, 485.449, -107.501
7.19863, -251.87, -653.812
2.85168, -499.133, 927.088
3.30042, 51.986, -748.644
6.70788, -787.153, 34.2942
4.13614, -160.293, -272.837
6.85942, 156.836, 427.368
5.99896, 671.894, 516.096
5.52801, 869.486, -220.77
4.77536, 79.3808, -270.098
2.91543, -520.075, -180.724
3.94883, -55.1451, -151.128
6.51009, -569.792, -787.737
6.81821, 335.114, 57.8652
3.81831, 421.863, -511.464
4.79881, -836.558, -235.439
4.95672, 606.715, -526.244
5.82344, -467.412, -990.445
7.31738, -626.716, -152.647
7.23022, 585.572, -733.944
2.81902, 223.882, -656.064
5.04829, -408.075, -308.661
6.13222, 668.392, 655.975
5.65882, 601.668, -339.671
3.26658, -915.781, -908.811
5.09652, -867.571, 541.284
3.52281, -557.207, 855.794
6.03231, 399.842, -821.151
6.05786, -475.011, -13.9628
3.66304, -578.031, -235.339
6.80594, -64.2841, -133.592
2.67122, -109.838, 951.438
6.26587, -935.811, 50.6626
4.14789, 643.614, 175.026
4.65309, 71.7734, -534.229
7.33455, 969.925, -193.478
4.05803, 733.542, 696.912
5.69762, 989.803, -701.497
5.95386, 866.613, -62.316
5.36403, 80.3708, 629.251
6.60667, 891.459, -683.157
4.21807, -903.748, -680.534
5.09387, -809.004, -776.556
6.78438, 122.589, -952.181
6.18587, 346.753, 38.5534
3.45992, -946.922, 390.49
2.83145, -308.161, 340.841
3.60828, 842.799, -717.274
3.33656, 170.815, -236.207
6.31172, 382.227, -936.62
5.44905, -843.892, 425.069
4.65223, 859.57, 852.466
7.09618, 660.979, 12.0983
5.09668, 445.005, 191.702
7.38058, -678.334, -20.5298
5.15714, -453.121, 147.458
2.98716, 334.168, 393.9
5.83983, 219.088, 98.3536
5.44444, 139.929, -23.2867
5.01137, -701.641, -110.332
2.75808, -933.5, 460.499
2.6753, -349.302, 31.4038
4.41484, -785.792, -512.271
5.55555, 190.37, 103.511
5.06574, 543.37, 870.951
5.98498, 301.963, -26.4498
4.89891, -25.4501, -185.364
3.88323, 68.3444, 421.589
6.01685, -439.334, 209.785
3.67701, 875.284, 58.8205
6.41501, 189.543, -175.249
6.60589, 361.259, 837.797
3.21842, -536.559, 53.7394
5.75757, -490.402, 807.713
3.87677, 870.262, -987.249
7.26215, -434.409, 716.494
4.58238, -752.327, 13.9425
3.03869, -126.754, 403.707
4.70633, -798.81, 531.765
6.28811, -417.793, -303.288
2.77803, -338.577, -320.755
3.51241, -28.3347, 145.188
6.82305, 943.898, -782.211
6.52456, -265.442, -13.0162
2.78861, -679.71, -673.679
4.40304, -64.1673, -701.424
4.56124, -147.707, 765.694
2.80071, -381.994, 302.522
7.09746, 802.694, 644.507
3.35398, 538.52, 803.672
6.51634, -933.792, 150.358
3.88599, 723.631, 45.5798
4.44586, 172.999, 738.443
7.19936, 52.6001, 623.642
6.24573, 160.63, -163.107
3.44774, -324.741, 760.268
6.89581, 436.536, 485.387
6.8953, 418.405, -851.454
3.30515, -809.266, -264.13
5.87346, -805.083, -166.282
6.89096, 627.274, 126.223
6.98262, 261.074, 529.177
3.06535, -25.6738, 755.195
5.93789, -233.779, -250.232
3.21651, -841.434, -761.163
3.6901, 415.099, -44.6419
5.64383, 948.305, -218.038
4.312, 817.258, 360.595
4.64437, 588.492, 717.832
4.91936, -7.70445, -841.35
6.20379, -2.68315, -105.532
3.23098, -393.871, 867.019
7.36238, -835.392, -775.038
7.3158, -516.709, -191.608
3.14741, -601.963, 665.506
5.3784, -319.935, -606.957
4.66439, 170.676, -121.935
5.50066, -240.643, -260.185
5.85098, -699.685, -134.987
4.5137, 396.416, 988.585
6.46691, 639.813, 695.821
4.89889, -977.592, -250.904
5.72449, 295.9, 277.014
4.28836, -246.038, 598.948
5.96794, -330.688, -220.803
5.83428, -416.974, -706.308
3.22071, -376.094, 710.889
7.10415, -982.73, 218.478
4.22228, 32.2744, -235.863
6.66824, -416.133, -470.45
2.74349, 270.29, -748.531
3.27936, -248.721, -68.4079
2.55765, 331.455, 509.682
3.94327, 121.19, 589.037
5.07295, -348.45, -172.388
3.65948, 683.042, 437.849
2.75022, -240.872, -67.8904
5.33091, -595.527, -847.999
6.69774, -153.209, 673.03
4.28763, -647.287, -427.47
4.3452, 166.197, 871.237
7.22226, 256.091, -73.4983
4.72425, -909.232, -182.211
6.82086, 494.877, 188.067
5.82654, -789.473, -736.649
5.79297, 164.157, 665.735
7.10736, -960.55, 962.437
5.11536, 943.47, -616.806
5.45229, 439.275, -442.143
5.79944, 668.416, 668.783
4.24765, 290.339, 460.58
4.11714, 340.177, 54.6469
7.08984, -110.609, 738.919
3.08619, 903.679, -446.151
7.31268, 675.853, -171.11
5.17978, 47.123, -331.723
5.81447, 855.703, 634.908
5.48362, 893.904, -504.416
6.93363, -506.172, -746.189
6.67999, -669.606, -607.519
6.69339, 246.695, 203.717
6.85642, -214.598, 340.912
2.5002, -769.145, 336.776
4.77274, 258.398, 350.839
4.25696, -932.698, 152.95
5.80713, -257.985, 709.085
6.22234, -873.679, 152.805
3.3821, -120.431, -448.361
7.4621, 794.502, -813.627
5.95466, -932.589, 172.478
6.97862, 142.331, -14.9191
3.51579, 373.601, -131.963
7.2356, -456.799, -36.4057
4.88476, 889.159, -504.106
6.78578, 921.473, -746.85
6.41237, -980.852, -558.955
5.70687, 911.09, -907.211
3.14521, -724.503, 148.003
5.77944, 4.17051, 649.815
3.09199, 53.1259, 9.43968
3.88793, 335.794, 804.318
6.65548, -220.82, -227.117
6.14153, -752.104, -513.467
6.74348, -597.89, 295.854
3.43989, -783.432, -945.293
6.09602, 558.268, -279.031
4.25586, 160.179, 332.495
3.34555, -415.91, -687.99
4.52383, 338.42, -548.774
4.20924, 159.11, 771.062
6.67141, 393.369, -125.607
3.9111, 697.99, 584.133
5.16766, -670.763, -476.279
6.25085, 994.011, -852.76
4.62554, -688.812, -762.733
4.66964, -569.724, 547.308
3.03022, 857.8, -932.391
6.4639, -38.4751, -466.278
3.91232, -573.365, -483.546
7.14264, -580.826, -236.579
5.37926, 243.63, 516.138
3.4895, 817.601, -289.262
5.99081, 574.052, -754.474
3.07265, 495.354, -959.758
4.22945, 306.52, 787.588
4.15646, -588.829, -237.688
6.42735, 828.388, -962.121
6.65775, 459.577, -212.805
4.21712, -739.876, 755.01
4.2603, -274.33, 888.182
6.38197, 147.31, -831.09
6.58658, -12.6833, 688.018
4.26157, -130.107, 282.765
7.09559, -430.901, -301.181
3.2877, 491.324, 253.601
5.56029, -485.65, 566.014
5.54222, -375.962, 710.519
3.16647, -251.945, -745.844
3.51409, -745.791, -477.708
4.79457, -856.895, 501.196
3.48759, -527.11, 928.227
6.77118, -843.619, 378.069
6.54562, -759.629, -692.797
2.80131, -906.835, 886.154
6.50584, -718.384, 654.882
5.49597, -193.137, -543.36
7.43182, -890.938, 307.572
2.65919, -161.878, 640.729
6.8356, 946.188, -768.259
3.69109, 668.665, 348.776
3.6127, 175.74, 431.537
4.73907, -989.156, -547.336
2.61231, 862.023, -174.959
6.79755, -257.971, 18.359
4.15902, 213.227, 590.643
5.72195, 306.251, 250.469
7.43521, -945.438, -482.848
5.30162, 284.587, -583.749
4.74553, -758.052, -246.243
5.213, 169.602, -719.422
2.90797, 773.089, -32.8194
3.99606, -809.5, -271.18
6.63964, 822.699, 679.033
6.48936, 625.543, 937.235
5.71048, -103.182, 679.77
4.84105, 630.699, 386.413
7.15326, -198.17, -610.128
5.08798, -248.135, -74.3314
7.42924, 797.925, -540.182
5.94567, -80.9298, -723.237
6.19966, -180.872, -447.053
3.46323, -392.538, -934.631
6.08881, -451.93, 624.577
6.11146, 570.007, -181.071
6.49298, 266.489, 153.8
4.23216, 255.313, -996.685
5.1481, -15.8317, -59.597
3.19001, 715.927, -360.936
6.73218, -225.104, -206.974
6.32766, -84.271, -884.875
7.5, 923.386, -417.881
4.24891, 482.994, 993.252
5.50367, -600.898, 590.956
3.50808, -496.147, 84.2891
6.2385, 28.6109, 152.661
6.49225, 976.133, 216.26
3.03505, -705.971, 109.267
5.35813, -507.166, 47.2963
2.84683, 359.04, -334.371
4.16036, 747.906, 689.476
5.80945, 486.762, -708.058
5.27726, 169.668, -191.484
7.12415, 228.93, -11.7114
2.69832, -485.756, 226.524
2.62083, -311.522, 240.065
4.61923, 214.702, -656.648
4.36987, 460.846, 135.955
2.93303, -233.187, -253.707
3.05403, -161.873, 167.102
5.31992, 368.264, -348.029
7.37269, 61.3166, 742.169
3.05066, -46.9949, -883.751
5.99352, 99.0513, 981.099
2.79674, -50.3794, -742.614
4.69755, 835.416, -108.185
5.24651, 992.063, 716.005
3.45129, 691.327, -750.186
7.36597, 314.092, 327.167
3.19593, -676.393, -67.1494
5.48978, 940.48, -432.56
7.12812, -872.855, 704.115
3.91116, -79.0435, 887.161
6.8307, -140.813, -82.0494
6.29598, -227.702, -600.588
6.10793, 359.091, 619.881
3.34241, -376.992, 370.41
3.32882, 836.551, 374.04
3.39076, -647.398, -989.593
5.87226, 335.413, -602.101
4.83484, -354.867, 40.338
6.85219, -810.911, -358.138
5.76023, -695.784, -118.185
5.80464, 762.279, 880.794
2.58037, -662.05, -598.753
4.30596, -778.281, -665.988
3.72747, 924.7, 119.01
6.93086, -937.232, -949.94
5.23701, 824.645, 773.934
6.57209, -26.4716, -650.697
5.24453, 175.967, 867.109
4.16156, 506.283, -55.6578
4.40213, 24.2397, -654.696
2.52389, 931.634, 654.58
6.95226, -90.5102, -397.342
6.16955, -497.278, 685.832
6.04239, -153.782, 663.82
5.1278, 55.2927, -186.964
6.41065, -191.215, -814.872
3.42484, -385.934, -470.463
5.72673, 244.303, 514.543
3.42178, -689.156, -342.743
3.31214, 63.6745, -90.5662
2.65594, -181.945, 850.306
7.42716, 130.42, -665.695
4.04559, -331.681, -717.044
4.11075, -672.709, -293.628
5.51155, 287.116, -233.192
2.89107, -329.458, -922.541
3.93936, -20.6519, 90.6932
5.79307, -124.778, -492.128
7.36348, -992.753, -349.113
7.27758, -363.159, -796.012
7.42745, -670.049, -288.882
7.30478, -913.523, -763.13
3.0073, -558.58, 567.917
3.71505, -124.774, -492.06
6.91151, 99.1358, -433.172
5.28805, 340.513, 700.497
6.7669, 802.72, 516.053
7.49145, -536.481, 524.568
3.99751, -257.827, -482.076
6.33157, 977.86, 487.451
4.81901, 284.52, -143.727
6.8168, -636.28, -792.828
6.99018, 860.403, 4.64848
7.377, 257.863, -416.426
2.77405, 659.994, 80.7061
6.32605, 948.393, -616.813
5.09219, -933.383, 739.299
3.46574, 925.785, -237.732
6.98252, 196.068, -543.354
6.38492, -832.269, 97.9103
2.75968, 415.77, 541.15
7.47331, -853.756, 765.238
5.93659, -3.32789, -458.989
5.94854, 887.916, 496.75
6.57666, -657.216, 819.413
7.05426, -36.7583, -437.022
3.34218, -201.384, 403.877
5.24183, -580.266, 803.908
6.53351, -484.555, -251.965
4.17803, 322.236, -534.322
5.53435, -103.566, 37.0755
6.59602, -951.989, 334.044
7.3485, 82.4872, -246.239
6.29349, 584.432, 493.148
3.72113, -182.052, -92.7737
5.80589, -572.16, 403.33
4.21574, -448.341, -186.841
7.27146, 375.852, -396.155
2.60828, 803.455, 555.632
4.54979, -891.779, 946.448
2.55789, 586.484, -670.757
3.04964, 840.221, 198.886
5.28259, -848.639, 92.1854
4.45466, -28.304, -236.507
7.20539, 117.842, -182.712
2.55572, 179.313, 394.942
6.22897, -222.95, -435.914
3.84293, 110.353, 127.288
4.27153, -673.091, -761.63
3.45835, -463.687, 617.462
5.14832, 295.715, -169.615
4.39478, -57.9571, -855.62
3.16407, -12.5354, -802.934
4.26563, -125.798, -564.811
4.2497, 783.76, 985.308
7.41084, 608.355, -123.243
5.25961, 150.697, -379.19
4.99918, 13.6689, -714.395
3.58531, -834.589, 456.678
4.37311, -232.956, -650.948
6.78251, -664.788, -468.799
6.45578, 790.395, -511.37
3.9204, -491.794, 928.963
5.07645, 437.331, 100.964
6.79238, -293.08, -24.5744
7.07844, -942.799, -172.53
7.48941, 136.278, 915.964
6.53177, 174.58, -195.694
5.22718, -900.754, -185.166
7.3461, 150.026, -736.599
5.31931, -585.136, 362.631
4.03031, -416.309, 659.733
5.41853, 966.01, 952.481
2.91197, 55.4751, -331.442
5.47382, 351.195, 622.362
3.31968, -598.513, -591.645
6.46527, -608.684, -437.298
2.95373, 579.197, 739.989
6.3072, -505.265, -679.725
6.83996, -220.957, 32.0257
6.40105, 191.516, -334.408
6.61399, 908.577, 969.383
6.70974, 372.475, 553.122
4.48328, 530.252, 256.402
6.508, -159.398, 169.904
6.56811, 380.502, -44.0326
5.43493, -409.757, 101.094
4.64621, 795.746, -49.9124
2.5002, -66.302, -478.849
5.31153, -815.119, 316.812
6.22632, 336.35, 354.497
3.89846, 967.057, 292.864
2.93406, -986.303, 564.957
3.5733, 853.449, -880.579
3.93296, -491.807, 558.273
4.86595, -406.341, 475.014
6.95893, 845.124, 819.859
5.91955, 509.521, -501.546
3.54376, -50.143, -66.4613
6.67533, 793.98, 11.8333
7.09218, 938.311, 917.871
4.48244, -475.055, -700.923
6.37858, 541.783, 533.89
5.68161, -161.025, -90.3958
6.64746, 483.385, 291.32
3.40204, 557.927, -459.781
7.45927, 580.046, -765.398
6.70558, -151.422, -844.866
4.65177, 888.097, 265.813
4.38589, 596.648, 889.476
2.70802, 655.024, -505.551
6.80715, -805.401, -537.928
6.62116, 914.635, -902.649
6.25052, 14.3343, 732.33
3.55801, -165.224, 992.731
4.31029, -781.765, -192.152
4.43545, -591.091, -802.276
7.32918, 803.086, 637.417
6.5872, -168.058, 631.375
4.5755, -82.1819, 449.168
5.83759, 205.478, 183.427
2.52101, 477.021, 975.75
6.98048, -739.579, 250.828
3.68416, -343.505, 355.127
3.79415, 358.464, -95.4632
5.4939, 406.497, -707.756
6.89823, -839.664, 375.357
6.16299, -564.901, -591.361
6.0773, 912.758, 570.531
3.57724, -608.062, 481.091
6.30413, 678.71, -957.737
3.85351, -160.821, -559.747
2.75246, 666.516, 339.606
4.78866, 269.306, 245.714
2.58759, 448.704, -778.589
3.01129, 74.2436, -174.514
2.639, -130.583, 285.64
5.65921, -341.089, -515.87
6.34425, 86.9659, -248.63
2.74132, 525.666, -840.193
6.6924, -57.5183, -630.63
6.76899, -262.995, -319.637
6.57649, -445.478, 574.268
6.85188, 794.868, 405.351
5.27222, -633.302, -171.12
6.12646, -295.391, 58.9065
3.20424, -526.82, 934.862
6.6115, 599.154, -530.379
5.51185, 733.267, -197.196
4.93856, 508.595, -920.264
6.14942, -288.149, 952.041
4.05164, 757.542, -669.039
3.93925, -699.398, 353.724
5.45857, -952.466, 809.977
5.34055, 655.582, 884.773
5.41059, -929.107, -577.957
2.84132, -689.28, 283.179
4.34304, 150.757, -385.715
6.28475, -935.935, -575.809
6.35297, -448.266, -871.264
4.27217, -394.006, -252.628
5.98913, 242.561, 932.007
5.08005, -679.255, -301.26
5.94494, 390.943, 132.261
6.18066, -82.0988, 615.87
2.56231, -343.318, -674.759
7.16549, 609.904, -122.441
5.37826, 133.358, 126.292
3.05587, 460.163, 974.385
4.87388, -108.052, 26.9604
3.24247, 175.753, 96.8553
4.22594, 50.9885, 449.313
7.04476, -932.679, 184.78
4.54571, 15.1127, 516.991
5.96642, -679.732, -76.9467
3.35865, 381.567, -939.407
6.21715, 892.908, -509.074
4.16319, -424.187, 641.953
4.62157, 667.03, 311.633
2.79523, -137.35, -114.407
5.09005, 282.857, -238.308
5.94425, 474.225, -581.187
5.01149, -251.271, 17.7847
6.56617, -169.223, -751.075
3.07974, 82.0081, -938.819
5.24841, 268.186, 465.333
5.06046, 410.896, 21.2425
6.02649, 954.647, 441.529
5.65083, -237.52, 888.374
4.0207, -24.9465, -635.4
6.74719, 399.995, 371.413
3.39619, 602.894, -20.7953
2.61737, -530.209, -100.241
4.19467, 739.024, 53.5136
3.43818, 351.437, -86.1083
6.60467, -286.781, 188.49
6.72507, -895.51, -157.602
6.78031, 847.928, -720.86
7.37454, -954.296, 642.169
2.99587, 469.559, -448.263
2.56182, 564.521, 656.546
2.58614, 220.966, 583.878
2.64527, 251.801, 95.3309
4.1031, 152.024, -392.301
6.17815, 627.396, 302.406
3.14876, 358.893, 476.687
2.5161, -368.155, 507.041
6.91905, 139.209, -790.711
3.70482, 231.144, -574.029
4.38481, -819.981, 762.154
4.44879, 611.094, 185.698
2.81534, 596.021, 294.889
7.30792, 183.682, 957.361
3.75349, 726.572, -338.482
6.85376, -679.657, -60.6189
2.85991, -918.35, 426.643
2.70653, -623.652, 576.67
3.46378, 362.144, -523.461
3.86708, -310.333, 302.871
7.4007, -952.862, -365.501
3.60607, 324.544, -537.275
6.43119, -875.63, 856.034
4.42306, 300.682, -422.017
3.78593, 479.787, -636.871
3.91087, -946.502, 65.1976
7.33834, 868.135, -34.6749
4.22841, 767.647, 171.996
3.45922, -983.484, 737.635
5.05037, -548.256, -375.475
5.21857, -557.701, 634.209
5.72333, -638.677, -615.451
3.89738, -10.4274, 788.682
3.41887, -296.62, -719.412
2.71579, -845.312, 372.915
3.98408, -501.914, -263.632
4.25548, -231.498, 140.608
7.09372, -421.427, 725.854
5.81225, 506.954, -363.155
5.08041, 866.591, 585.705
4.03763, 615.699, 587.803
3.0007, -352.649, 155.1
3.47502, 379.87, -880.781
4.11407, 31.3945, -131.67
5.56182, 963.851, 86.7241
5.13511, 960.833, -983.861
3.45653, 257.715, 284.713
4.7178, -644.179, -425.912
4.48693, -709.227, 854.453
6.28051, -606.883, 744.793
6.6213, 736.711, 602.613
5.51573, 142.045, -344.685
3.04573, 609.755, -828.709
4.11797, 486.921, -165.375
5.03403, 8.51638, 318.531
4.76521, -648.229, 799.399
4.77315, -180.849, -459.703
4.91125, 918.272, 911.069
5.07896, 369.345, -651.213
4.50207, 201.255, 821.422
4.22945, 963.629, 484.501
6.64533, 930.873, -241.414
3.02204, -732.363, -798.073
6.40057, 585.901, 568.125
3.19919, -297.548, -239.354
2.62171, -799.134, -517.272
6.0664, 406.855, -754.491
7.15538, 153.435, -822.812
7.47667, 182.442, 174.612
3.86264, -881.101, 152.932
3.6923, -474.934, -256.003
3.87328, 962.606, 619.916
5.70836, -908.546, -730.866
5.17637, 310.525, 155.4
6.8967, 835.296, -296.773
6.75968, -667.968, -837.74
2.98004, 908.204, -36.5986
4.66818, -749.397, 201.011
3.17045, -205.12, -757.172
5.86802, -164.608, 312.567
5.34964, -53.5745, -478.531
3.66474, -623.165, 564.215
5.50306, 266.473, -689.278
2.6551, -802.962, -27.9849
7.08512, 568.553, -311.914
3.82958, 863.372, -177.753
6.50016, -184.482, -509.659
5.46389, 168.51, -722.273
5.0822, 354.647, 621.347
5.2567, 320.328, 643.316
3.47225, 506.083, -233.773
5.36152, 122.467, -742.98
3.81992, 213.351, 402.496
4.41648, -765.477, 539.584
2.73626, -755.295, -897.545
4.22823, 588.93, -672.237
3.61594, 676.553, -435.41
3.81264, 17.3004, -736.456
3.05141, -429.857, -402.662
7.40088, -705.622, 19.706
5.93794, 794.857, 637.244
5.82158, -547.575, -381.933
5.99501, -601.651, -672.849
2.68746, -834.588, -774.81
3.6706, -629.214, -745.782
3.95397, 718.684, 693.837
3.50543, -38.1729, -258.432
2.7177, 374.159, 333.786
2.56571, -528.431, 519.564
6.07297, -527.161, 765.494
6.88348, -872.194, -628.621
5.35088, -886.817, 269.994
6.92743, 865.656, 869.515
5.20042, -356.67, -279.879
3.31357, 929.789, -647.206
3.30492, 965.878, 440.535
7.19182, 318.407, 287.204
3.45628, 553.79, -851.933
3.15761, -2.07784, -103.559
4.41122, -313.862, -5.69857
6.12674, 258.015, -264.466
2.50651, 543.323, 871.775
4.60222, 24.1875, 736.794
5.18984, 306.99, -214.125
4.86596, -238.628, 247.113
6.33003, 542.02, 873.424
2.9396, 555.061, -468.329
7.04284, 134.347, 323.609
3.20818, -874.814, -396.217
2.54782, 434.861, -51.3521
2.82267, 238.808, 524.659
4.96742, 381.697, 222.405
5.40914, 530.647, 980.109
4.03373, -948.124, 544.719
4.57091, 912.984, -71.1408
4.33401, -574.993, -688.373
3.42687, 183.947, 668.429
2.76788, 642.357, 164.885
4.47222, 540.875, -65.3725
3.98388, -347.816, -132.18
5.05388, -396.157, 820.47
3.75392, -700.548, 230.103
5.01589, 963.732, 885.464
2.51168, -13.7793, 794.859
7.01807, 995.762, -448.041
2.79181, -906.303, -947.572
5.17506, -687.274, 805.214
3.95754, -381.53, 874.301
7.3023, -811.919, -273.878
4.73406, 320.111, -109.164
5.08479, 894.02, 167.866
5.93861, -255.208, 21.9171
2.72187, -160.596, 75.6873
7.2946, -797.8, 606.607
5.70852, 364.312, 155.662
2.80215, 629.319, -780.327
3.33964, 49.1027, 268.052
5.76491, 487.595, -248.583
6.19864, -769.352, 338.26
3.57011, 858.906, 201.794
4.31441, 156.914, -873.13
6.56981, -648.01, 934.275
5.32057, 807.786, -470.552
7.45886, -40.5658, -896.829
6.5669, -763.601, 396.893
3.49157, -993.153, -22.9215
2.50003, -159.214, -851.181
4.62608, 942.626, -777.459
4.07406, 836.396, 196.989
5.56218, 606.727, -933.194
3.83351, -201.489, -543.946
4.39881, -594.951, -61.4513
5.43397, 963.165, 298.999
5.95636, -141.427, -514.172
7.26736, -458.689, -571.438
4.89785, -292.921, -953.786
3.60319, 376.604, -729.483
5.33741, -724.038, -447.705
6.09873, 431.833, 363.892
4.4953, -493.318, 559.352
3.48326, -692.018, 990.73
6.66971, -674.475, -757.885
5.59561, -448.161, -871.453
7.26866, -293.625, 173.506
3.23222, -14.3369, -278.448
5.38953, 40.1004, -459.578
7.26796, -392.602, 721.338
3.62331, 720.816, -979.058
7.25137, -492.559, 804.308
3.07874, 796.131, -517.386
2.58372, 29.8016, -261.058
3.90465, -356.069, -169.034
7.15042, 644.382, 169.476
3.04796, 747.598, 872.132
6.77266, 29.7906, 828.87
5.68532, -726.041, -731.878
5.63853, 408.686, -711.179
3.80589, 725.088, 744.675
5.13936, -950.916, 219.036
7.16608, -270.341, 910.893
3.98055, 922.842, 102.181
4.78006, 156.197, 455.044
6.35659, -656.384, -619.09
4.17193, 101.062, 117.288
6.31775, -39.5812, -942.296
6.65892, -30.1295, 942.736
2.64618, -725.1, 568.136
4.31315, 715.024, -267.444
4.16221, 283.475, 461.308
3.17675, -518.593, -303.193
3.00839, -306.401, 623.535
5.11327, -609.672, 814.443
3.52046, 30.6521, -533.85
5.00728, -866.236, -630.632
5.1371, 1.96429, 961.563
4.13422, -268.373, -292.879
4.75888, 226.307, -444.504
6.85263, -7.34321, 983.815
4.72884, 645.006, 865.116
6.03726, -458.732, -918.536
6.83171, 914.246, -699.113
6.5822, 869.395, 220.377
2.67504, 894.58, 837.932
3.8644, -653.42, -236.732
5.21858, -422.579, -430.757
3.19942, -988.723, -543.244
5.57408, -778.075, -935.896
3.29182, -690.491, -605.321
4.41129, 99.2012, 221.024
5.94997, -94.4041, 189.392
3.21128, -389.55, 461.262
5.65284, -784.932, 793.662
3.15973, 198.752, 936.131
7.13583, -741.359, 253.484
5.53465, -938.985, 784.683
5.50388, -922.044, 371.505
3.33635, 592.263, -528.133
3.301, -863.819, -401.01
5.91628, 623.212, -29.5851
5.1456, -713.763, -13.6124
3.65264, -132.853, 809.762
6.55373, -502.303, -58.0542
5.76477, -420.22, -560.453
4.08597, -554.051, -585.096
2.53953, -262.336, -815.417
3.49176, 730.807, 738.456
3.78831, -8.24882, 381.87
3.03825, 890.138, 38.6386
3.49545, 131.912, -434.351
6.75079, 803.754, -771.758
6.63912, -984.03, 209.366
6.76813, -960.309, -553.007
5.71027, 286.139, 779.35
3.6787, 726.215, -986.96
6.80638, -502.662, -809.157
5.4745, 36.6779, -102.913
2.52745, 506.856, -30.6943
6.84925, -661.867, -474.439
7.37729, 649.471, 106.197
5.59653, 378.813, 13.8485
3.85574, -941.331, 380.657
7.46973, -159.642, -633.836
4.60751, -722.782, -529.465
4.20537, -794.544, -615.193
4.80717, 364.637, -137.264
4.44822, 264.085, -379.634
4.613, -49.7772, 515.309
2.84879, 131.69, 287.853
5.5153, -57.4452, -127.31
7.36114, -49.7243, 230.543
5.07406, -696.856, -535.162
7.45461, 954.827, -137.609
5.84906, 628.989, -145.337
4.01716, -605.624, 70.3913
3.47371, 874.501, 567.256
4.0109, -710.214, -936.556
4.93946, -335.056, 461.121
4.72438, 532.383, 984.82
5.7844, 320.036, -940.67
3.74227, -779.526, -669.555
4.72007, 54.8207, 555.644
5.75894, -691.957, 52.8954
6.67472, -714.09, 189.208
6.03698, 196.684, 816.496
4.93928, -870.735, -603.433
6.72039, 399.627, -238.639
7.00296, -500.576, -184.585
6.33082, -651.319, -525.93
5.29453, 629.098, 849.122
2.70603, -16.9456, 86.7535
5.46749, 564.002, 65.7211
2.68674, -679.595, 825.968
4.53488, 23.849, 436.986
2.84243, -975.586, -881.679
7.38558, -777.046, -882.439
2.5956, -516.818, -234.007
6.60363, -157.837, -269.477
5.2195, -377.897, 876.27
5.72828, 791.39, -332.626
3.62934, -260.737, 55.114
2.733, 829.125, -695.68
3.63154, 214.038, -555.521
4.58371, -633.59, 135.101
6.40126, 265.798, -631.518
3.72852, -922.462, 386.613
4.81411, 657.811, 89.9145
6.14756, 928.664, 291.036
5.35237, -330.556, 815.535
5.45997, 929.162, 921.856
4.98425, -942.64, 280.831
3.951, 492.245, 110.079
4.71107, -3.3828, -226.841
2.53669, 854.247, -396.153
7.41683, 495.311, -358.487
2.52822, -809.174, -147.403
4.8676, -101.472, 735.995
5.86497, -310.583, -122.129
