6.27803, -736.443, -996.67
3.5948, 63.509, -86.9193
5.89648, 358.949, -904.404
5.09708, -234.112, 872.461
2.76731, -931.971, 659.394
2.53849, 337.853, 60.6251
4.58743, -861.903, -232.652
7.15218, 178.234, 374.595
2.95982, 52.5387, 692.136
6.00595, -163.22, 314.712
3.81226, 526.161, 818.994
4.14117, 471.899, -903.16
7.45519, 511.229, 263.224
7.41275, -508.354, -273.435
5.75759, 505.337, 444.319
6.92354, 262.829, -852.587
6.33247, -124.618, -453.415
3.87453, -520.075, -47.0702
4.93259, -671.978, -301.777
2.80282, 819.653, 792.374
5.08146, 8.35151, 806.653
4.96988, 970.623, -362.464
7.23882, -816.537, -468.24
4.42071, -9.61612, -842.745
5.14874, 825.768, -447.293
2.75042, 879.644, -67.9527
6.63909, 540.871, 530.179
5.94228, -964.484, -747.629
6.18112, 258.992, 735.73
6.94286, 993.442, 450.442
4.25508, -384.506, -534.262
6.72991, 182.348, 26.2825
3.84659, 667.065, -164.397
4.83959, 73.5494, -171.781
3.2686, -642.453, -422.314
2.66527, 608.307, 142.629
7.2768, -4.63875, 70.9386
6.95369, 109.662, 495.184
3.29884, 681.669, 248.488
3.15214, 429.056, -573.479
2.515, -451.52, -817.001
6.0491, -954.753, -176.03
3.40448, -516.685, 872.726
5.76029, 773.101, -363.212
4.42907, 364.074, -698.807
3.23766, -6.54519, -227.327
5.45054, 686.491, 173.269
3.24076, 116.318, 909.943
3.2091, -181.929, 964.506
4.94257, -494.258, 128.516
3.13015, 914.4, -69.1004
5.64635, -359.809, -598.661
5.60817, 301.544, -744.525
4.88216, -501.969, 604.157
2.64188, -585.983, -233.143
3.21011, -143.361, 801.925
3.15594, -180.18, 892.522
3.31099, -818.683, 763.576
3.76529, -268.722, -855.122
4.77654, 570.198, -732.341
6.54472, -94.8692, -300.354
3.57624, 302.81, 860.728
3.75063, 816.858, 363.537
5.02978, -57.8668, 721.058
6.27922, 634.951, 193.807
5.66369, 903.701, -71.9537
5.9449, 643.497, -124.857
7.27207, 971.878, 406.777
5.18713, -422.447, 706.859
4.57014, -789.651, 30.1367
4.70019, 752.058, 154.574
6.07821, 737.257, 458.996
6.20858, 410.77, 599.501
5.12494, 771.27, -960.531
6.06711, -867.45, -73.8582
5.91025, 334.712, -21.8496
6.82941, 832.435, -599.796
3.19597, 86.421, 777.407
3.57766, 974.572, -100.212
5.0733, -366.447, -109.856
4.83766, -119.724, 757.326
3.55759, -268.362, 612.38
5.65244, -691.851, 991.469
2.5044, -987.154, 222.043
4.09589, 453.609, 545.385
5.90281, 363.929, -159.773
6.0446, 671.589, -588.209
2.90869, -809.606, 655.988
3.56926, 264.36, 532.501
4.44412, -835.968, -572.004
4.44927, 897.946, 903.406
3.92018, 383.396, -461.243
4.6123, 566.068, 552.34
2.55658, -610.514, -436.532
3.72027, 950.043, -618.547
4.49072, -724.191, 643.03
6.64177, -647.023, 201.626
3.78584, 974.003, -685.929
3.59705, -801.251, -533.132
6.47385, 390.867, 269.033
5.8476, 504.078, 392.007
5.49108, -889.903, 279.797
5.99917, -363.122, -544.024
5.13062, 526.05, -763.023
4.14833, 181.522, 103.387
3.30844, -714.355, 404.205
6.56633, 719.145, -28.7277
4.08004, 478.097, 114.822
4.05369, 55.6282, -730.637
4.65424, 35.6718, 172.473
4.46509, -248.517, -477.296
4.43916, -48.969, -110.957
4.34871, -840.334, -442.449
5.88118, 343.269, -492.897
6.10384, 454.773, 28.0272
7.20082, -71.5461, 893.225
5.08573, -79.3332, -357.321
5.5282, -194.966, 322.896
5.85049, -696.121, 976.09
5.11404, 81.9714, -310.234
3.87105, -963.329, 652.567
7.08924, 93.6143, 285.458
3.73367, 936.995, -464.537
4.77876, 386.055, 685.444
3.30374, -954.625, 636.065
4.68319, 414.249, 411.24
7.45767, 500.306, 167.187
6.26931, -439.903, 391.098
4.97846, -988.141, -656.379
7.01651, -661.775, -839.852
4.68213, 492.856, 563.542
5.09239, 168.853, -984.429
4.44866, 88.1474, -863.474
5.63431, -225.633, -568.154
5.19331, 416.557, 318.119
4.35955, 632.178, -438.797
2.54674, -369.468, 365.135
6.3794, 41.3981, -790.128
2.85317, -888.036, -559.953
3.98511, 446.064, -679.557
4.78581, -43.8279, -894.91
3.25156, -95.1066, 41.5842
5.97819, 668.194, -429.94
4.15587, 370.379, 159.616
5.21197, 971.882, -882.612
2.64678, 716.3, -990.535
5.38086, -21.4117, -239.848
5.18133, 365.142, 475.131
7.36678, -756.56, -926.383
5.57063, -297.687, -621.079
5.26431, -746.542, 213.252
6.69051, -279.023, 906.607
3.75764, -484.864, 941.593
6.98957, 628.339, -146.104
5.97428, 515.998, -506.177
5.82752, -472.958, -95.7846
3.06838, -580.135, -768.768
3.37987, -983.979, 94.497
2.91253, -136.172, 196.557
6.68103, -247.874, 372.818
2.64818, 941.454, -760.195
6.34719, -2.47136, -850.001
4.29829, -501.715, 866.664
6.24626, 1.73605, 536.046
6.28385, 362.857, 342.242
3.60834, -538.174, -924.602
5.58305, 305.129, 126.671
3.66846, -549.885, -254.538
6.22052, -668.914, 304.505
5.80997, -909.702, -684.513
4.9209, 902.279, -747.738
2.58972, 828.067, 239.933
4.98291, 445.986, 195.802
5.09587, -113.325, -889.064
4.71395, -874.394, 532.265
4.14528, -62.6867, 950.982
3.52671, 485.544, -107.556
7.19863, -252.161, -654.115
2.85168, -499.418, 927.125
3.30042, 52.0441, -748.983
6.70788, -787.67, 33.827
4.13614, -159.353, -271.706
6.85942, 156.534, 427.334
5.99896, 672.007, 516.13
5.52801, 869.573, -220.868
4.77536, 79.3426, -270.642
2.91543, -520.349, -181.104
3.94883, -55.1363, -151.675
6.51009, -569.556, -787.944
6.81821, 335.166, 57.366
3.81831, 421.973, -511.554
4.79881, -836.677, -235.348
4.95672, 605.692, -526.443
5.82344, -467.442, -990.714
7.31738, -626.677, -152.36
7.23022, 586.162, -733.742
2.81902, 223.968, -656.15
5.04829, -407.76, -308.938
6.13222, 668.418, 655.515
5.65882, 601.886, -339.799
3.26658, -915.9, -908.853
5.09652, -867.87, 541.3
3.52281, -557.361, 856.013
6.03231, 399.801, -821.222
6.05786, -475.14, -13.6727
3.66304, -580.118, -236.114
6.80594, -64.78, -133.71
2.67122, -109.936, 951.702
6.26587, -935.877, 50.3727
4.14789, 643.723, 176.165
4.65309, 71.8856, -534.369
7.33455, 970.338, -193.419
4.05803, 733.678, 697.287
5.69762, 990.28, -701.653
5.95386, 866.339, -62.4498
5.36403, 80.6153, 629.388
6.60667, 891.368, -683.011
4.21807, -904.714, -681.179
5.09387, -808.799, -776.856
6.78438, 122.622, -952.442
6.18587, 346.98, 38.1
3.45992, -947.627, 391.119
2.83145, -308.169, 340.941
3.60828, 843.288, -717.767
3.33656, 170.921, -236.52
6.31172, 382.209, -937.851
5.44905, -844.019, 425.272
4.65223, 859.538, 852.302
7.09618, 661.112, 12.0853
5.09668, 445.271, 192.858
7.38058, -678.231, -20.3457
5.15714, -453.154, 147.568
2.98716, 334.161, 394.181
5.83983, 219.301, 98.2782
5.44444, 140.126, -22.474
5.01137, -702.032, -110.118
2.75808, -933.777, 460.693
2.6753, -349.586, 31.6169
4.41484, -785.74, -512.033
5.55555, 190.887, 103.539
5.06574, 543.095, 872.107
5.98498, 301.811, -26.4674
4.89891, -25.5272, -185.323
3.88323, 68.3516, 421.527
6.01685, -439.373, 209.897
3.67701, 875.388, 59.0128
6.41501, 190.043, -175.036
6.60589, 361.409, 838.032
3.21842, -536.816, 53.8344
5.75757, -491.137, 806.709
3.87677, 870.402, -987.52
7.26215, -435.185, 716.582
4.58238, -752.48, 13.9156
3.03869, -126.777, 403.815
4.70633, -798.938, 531.815
6.28811, -417.387, -303.491
2.77803, -338.569, -320.949
3.51241, -28.4304, 145.29
6.82305, 944.375, -782.789
6.52456, -265.418, -13.3081
2.78861, -679.808, -673.846
4.40304, -64.1307, -701.423
4.56124, -148.062, 765.848
2.80071, -382.111, 302.528
7.09746, 801.907, 643.241
3.35398, 538.665, 803.55
6.51634, -934.205, 149.609
3.88599, 723.573, 45.4689
4.44586, 173.062, 738.489
7.19936, 52.4834, 623.654
6.24573, 160.539, -162.813
3.44774, -324.662, 760.381
6.89581, 436.649, 485.462
6.8953, 418.564, -851.701
3.30515, -810.185, -264.563
5.87346, -805.26, -166.302
6.89096, 627.173, 126.137
6.98262, 262.018, 530.052
3.06535, -25.7955, 755.335
5.93789, -233.776, -249.494
3.21651, -841.913, -760.67
3.6901, 415.276, -44.6473
5.64383, 948.614, -218.031
4.312, 817.292, 360.547
4.64437, 588.5, 717.879
4.91936, -7.85013, -841.956
6.20379, -2.3462, -104.633
3.23098, -394.454, 866.874
7.36238, -835.994, -775.586
7.3158, -517.195, -191.333
3.14741, -602.126, 665.632
5.3784, -320.101, -606.991
4.66439, 170.734, -121.717
5.50066, -240.695, -260.649
5.85098, -699.934, -135.568
4.5137, 396.392, 988.777
6.46691, 639.745, 696.061
4.89889, -977.87, -250.956
5.72449, 295.632, 277.108
4.28836, -245.967, 598.869
5.96794, -330.749, -220.82
5.83428, -416.973, -706.664
3.22071, -375.557, 710.645
7.10415, -983.029, 217.482
4.22228, 32.3437, -235.876
6.66824, -416.298, -470.561
2.74349, 270.195, -748.765
3.27936, -248.199, -69.7542
2.55765, 331.498, 509.858
3.94327, 121.246, 589.1
5.07295, -349.04, -172.184
3.65948, 683.133, 437.889
2.75022, -240.771, -67.5254
5.33091, -595.491, -848.374
6.69774, -153.377, 672.545
4.28763, -646.099, -426.432
4.3452, 166.635, 871.214
7.22226, 256.054, -73.5318
4.72425, -908.776, -182.621
6.82086, 495.025, 188.425
5.82654, -789.589, -736.761
5.79297, 164.005, 665.822
7.10736, -960.691, 962.578
5.11536, 942.173, -616.137
5.45229, 439.3, -442.165
5.79944, 668.499, 669.338
4.24765, 291.024, 460.526
4.11714, 338.922, 56.0387
7.08984, -111.115, 738.893
3.08619, 903.655, -446.2
7.31268, 676.023, -171.178
5.17978, 46.8743, -331.944
5.81447, 856.059, 635.021
5.48362, 892.185, -505.305
6.93363, -506.162, -746.341
6.67999, -670.06, -607.538
6.69339, 246.676, 203.813
6.85642, -214.804, 341.123
2.5002, -768.975, 335.599
4.77274, 258.32, 350.952
4.25696, -932.756, 152.917
5.80713, -258.015, 709.179
6.22234, -873.379, 152.808
3.3821, -119.731, -447.466
7.4621, 794.5, -813.869
5.95466, -932.731, 172.942
6.97862, 142.079, -15.562
3.51579, 373.992, -131.822
7.2356, -456.645, -36.4247
4.88476, 891.192, -504.284
6.78578, 921.612, -746.745
6.41237, -981.286, -559.562
5.70687, 911.951, -906.444
3.14521, -724.616, 147.897
5.77944, 4.13078, 649.765
3.09199, 53.1066, 9.49881
3.88793, 335.969, 804.474
6.65548, -220.492, -227.083
6.14153, -752.192, -513.513
6.74348, -597.862, 295.88
3.43989, -783.975, -946.232
6.09602, 558.357, -278.943
4.25586, 160.34, 332.521
3.34555, -415.899, -687.758
4.52383, 338.813, -549.138
4.20924, 159.076, 771.233
6.67141, 393.9, -125.59
3.9111, 698.001, 584.119
5.16766, -671.538, -476.68
6.25085, 994.312, -852.834
4.62554, -688.113, -762.92
4.66964, -570, 547.222
3.03022, 857.875, -932.517
6.4639, -38.2302, -466.373
3.91232, -573.259, -483.668
7.14264, -580.296, -236.686
5.37926, 242.532, 517.39
3.4895, 817.404, -289.082
5.99081, 574.268, -755.219
3.07265, 495.404, -960.083
4.22945, 306.773, 787.798
4.15646, -587.944, -238.06
6.42735, 828.418, -962.321
6.65775, 459.609, -212.83
4.21712, -739.954, 755.061
4.2603, -274.448, 887.764
6.38197, 146.913, -831.883
6.58658, -12.7476, 688.052
4.26157, -130.112, 283.44
7.09559, -431.522, -301.205
3.2877, 491.111, 253.475
5.56029, -486.126, 565.783
5.54222, -375.481, 710.411
3.16647, -252.009, -746.044
3.51409, -745.978, -477.581
4.79457, -856.998, 501.179
3.48759, -527.433, 927.921
6.77118, -842.57, 376.909
6.54562, -759.627, -692.983
2.80131, -907.02, 886.349
6.50584, -718.29, 655.338
5.49597, -193.022, -543.485
7.43182, -891.078, 307.827
2.65919, -162.165, 640.28
6.8356, 946.469, -769.247
3.69109, 668.801, 348.684
3.6127, 176.097, 431.742
4.73907, -989.857, -546.176
2.61231, 861.716, -174.13
6.79755, -256.959, 19.4721
4.15902, 213.29, 590.758
5.72195, 306.384, 250.242
7.43521, -945.661, -482.752
5.30162, 284.592, -583.814
4.74553, -758.1, -246.234
5.213, 170.143, -718.432
2.90797, 773.094, -32.8164
3.99606, -807.821, -271.484
6.63964, 822.989, 679.411
6.48936, 625.632, 937.528
5.71048, -103.126, 679.755
4.84105, 630.77, 386.539
7.15326, -198.052, -610.358
5.08798, -248.541, -73.8682
7.42924, 797.985, -540.576
5.94567, -81.1176, -723.482
6.19966, -180.924, -446.54
3.46323, -392.502, -934.879
6.08881, -451.748, 624.756
6.11146, 570.017, -181.218
6.49298, 266.434, 153.828
4.23216, 255.337, -996.925
5.1481, -15.8091, -59.3069
3.19001, 715.917, -361.113
6.73218, -225.196, -206.484
6.32766, -84.4473, -885.122
7.5, 923.413, -417.617
4.24891, 483.022, 993.694
5.50367, -600.99, 591.154
3.50808, -496.187, 84.4083
6.2385, 28.5093, 152.521
6.49225, 976.405, 216.241
3.03505, -706.031, 109.292
5.35813, -507.184, 47.3186
2.84683, 358.879, -334.069
4.16036, 748.342, 689.447
5.80945, 486.882, -708.157
5.27726, 170.038, -192.064
7.12415, 228.937, -11.7165
2.69832, -485.885, 226.639
2.62083, -311.652, 240.184
4.61923, 214.604, -656.732
4.36987, 460.833, 136.038
2.93303, -233.648, -255.324
3.05403, -162.474, 166.521
5.31992, 368.454, -348.172
7.37269, 61.5272, 742.306
3.05066, -47.2608, -883.217
5.99352, 99.0491, 981.382
2.79674, -50.3468, -742.87
4.69755, 835.462, -108.325
5.24651, 992.261, 716.094
3.45129, 691.442, -750.294
7.36597, 313.956, 327.3
3.19593, -676.233, -68.2133
5.48978, 940.973, -432.64
7.12812, -872.974, 704.14
3.91116, -78.514, 887.761
6.8307, -140.58, -81.8198
6.29598, -227.95, -600.775
6.10793, 358.142, 620.817
3.34241, -377.113, 370.486
3.32882, 837.034, 374.229
3.39076, -647.396, -989.834
5.87226, 335.513, -602.257
4.83484, -355.019, 40.365
6.85219, -811.068, -358.156
5.76023, -695.87, -118.117
5.80464, 762.507, 881.079
2.58037, -661.748, -598.051
4.30596, -778.501, -666.023
3.72747, 924.959, 119.32
6.93086, -937.468, -950.144
5.23701, 824.803, 773.812
6.57209, -26.4213, -651.098
5.24453, 175.66, 867.442
4.16156, 506.316, -55.7336
4.40213, 24.3873, -654.73
2.52389, 931.846, 654.732
6.95226, -90.5418, -397.332
6.16955, -497.453, 685.94
6.04239, -153.784, 664.731
5.1278, 55.0399, -187.089
6.41065, -191.338, -815.05
3.42484, -385.783, -470.461
5.72673, 244.502, 513.558
3.42178, -689.365, -342.973
3.31214, 63.8248, -89.4833
2.65594, -181.939, 850.412
7.42716, 130.393, -665.671
4.04559, -331.784, -717.256
4.11075, -671.682, -294.579
5.51155, 287.444, -232.988
2.89107, -329.487, -922.723
3.93936, -20.4538, 90.4569
5.79307, -124.111, -492.707
7.36348, -993.094, -349.088
7.27758, -363.167, -796.207
7.42745, -670.216, -288.655
7.30478, -913.758, -763.481
3.0073, -558.632, 568.156
3.71505, -125.355, -491.373
6.91151, 99.0741, -433.316
5.28805, 340.549, 700.741
6.7669, 802.83, 516.018
7.49145, -536.309, 524.254
3.99751, -257.949, -482.082
6.33157, 978.409, 487.779
4.81901, 284.414, -143.639
6.8168, -636.273, -793.022
6.99018, 860.536, 4.82938
7.377, 257.899, -416.535
2.77405, 660.291, 80.242
6.32605, 948.561, -617.101
5.09219, -933.551, 739.339
3.46574, 926.937, -238.709
6.98252, 195.87, -543.303
6.38492, -832.077, 98.0114
2.75968, 415.86, 541.239
7.47331, -854.021, 765.401
5.93659, -3.07118, -459.092
5.94854, 888.036, 496.76
6.57666, -657.242, 819.786
7.05426, -36.7124, -436.777
3.34218, -201.384, 404.095
5.24183, -580.228, 804.001
6.53351, -483.966, -251.951
4.17803, 321.651, -533.507
5.53435, -103.147, 37.6979
6.59602, -952.379, 334.057
7.3485, 83.0923, -246.431
6.29349, 584.618, 493.095
3.72113, -182.458, -92.8422
5.80589, -572.177, 403.438
4.21574, -448.242, -186.758
7.27146, 375.935, -396.235
2.60828, 803.554, 555.697
4.54979, -891.841, 946.624
2.55789, 587.613, -671.337
3.04964, 840.742, 199.497
5.28259, -849.14, 91.985
4.45466, -29.2866, -236.133
7.20539, 117.873, -182.706
2.55572, 179.309, 395.236
6.22897, -223.151, -435.786
3.84293, 110.228, 127.673
4.27153, -674.582, -761.69
3.45835, -464.168, 617.348
5.14832, 295.769, -169.749
4.39478, -58.1447, -855.499
3.16407, -12.6193, -802.875
4.26563, -125.589, -565.047
4.2497, 783.807, 985.508
7.41084, 609.014, -122.664
5.25961, 150.556, -380.333
4.99918, 13.6144, -714.307
3.58531, -834.609, 456.907
4.37311, -232.626, -651.22
6.78251, -664.444, -469.301
6.45578, 790.002, -511.091
3.9204, -491.617, 929.001
5.07645, 437.37, 100.847
6.79238, -293.359, -24.7977
7.07844, -943.496, -172.549
7.48941, 136.376, 916.233
6.53177, 174.359, -195.75
5.22718, -901.45, -185.168
7.3461, 149.954, -736.891
5.31931, -585.175, 362.634
4.03031, -416.124, 659.887
5.41853, 966.347, 952.787
2.91197, 55.6527, -331.674
5.47382, 351.408, 623.073
3.31968, -598.574, -591.654
6.46527, -608.98, -437.154
2.95373, 579.123, 740.315
6.3072, -505.325, -679.746
6.83996, -220.553, 32.2161
6.40105, 191.681, -334.424
6.61399, 908.587, 969.739
6.70974, 372.508, 553.205
4.48328, 530.853, 256.358
6.508, -159.235, 170.193
6.56811, 380.592, -44.0712
5.43493, -409.813, 101.159
4.64621, 795.881, -50.04
2.5002, -66.8824, -478.984
5.31153, -815.223, 316.753
6.22632, 336.249, 354.814
3.89846, 966.896, 293.686
2.93406, -986.592, 565.008
3.5733, 853.456, -880.668
3.93296, -492.297, 557.096
4.86595, -406.517, 475.134
6.95893, 845.209, 819.867
5.91955, 508.916, -501.161
3.54376, -50.3209, -66.2277
6.67533, 794.116, 11.9166
7.09218, 939.136, 917.785
4.48244, -474.98, -701.069
6.37858, 541.815, 535.12
5.68161, -161.18, -90.4561
6.64746, 483.435, 291.573
3.40204, 558.175, -459.347
7.45927, 580.04, -765.587
6.70558, -151.264, -844.885
4.65177, 888.23, 265.923
4.38589, 596.687, 889.689
2.70802, 655.231, -505.627
6.80715, -806.122, -538.523
6.62116, 914.105, -903.612
6.25052, 14.6774, 732.591
3.55801, -165.212, 993.068
4.31029, -781.8, -192.192
4.43545, -591.192, -802.629
7.32918, 803.924, 637.896
6.5872, -168.178, 631.222
4.5755, -82.2488, 449.234
5.83759, 205.602, 183.606
2.52101, 477.13, 975.658
6.98048, -740.18, 251.775
3.68416, -343.488, 355.172
3.79415, 358.76, -95.649
5.4939, 406.437, -707.515
6.89823, -840.861, 376.366
6.16299, -565.095, -591.625
6.0773, 913.079, 570.592
3.57724, -608.191, 481.079
6.30413, 678.675, -957.854
3.85351, -160.711, -560.01
2.75246, 666.793, 340.188
4.78866, 269.134, 245.702
2.58759, 448.858, -778.795
3.01129, 74.7113, -175.296
2.639, -130.262, 284.495
5.65921, -341.008, -515.796
6.34425, 86.586, -248.275
2.74132, 525.644, -840.359
6.6924, -57.6844, -630.641
6.76899, -263.021, -319.943
6.57649, -445.25, 574.194
6.85188, 794.946, 405.467
5.27222, -633.55, -171.438
6.12646, -295.626, 59.1671
3.20424, -527.043, 935.822
6.6115, 599.606, -530.726
5.51185, 733.484, -197.263
4.93856, 508.741, -920.474
6.14942, -288.267, 952.494
4.05164, 757.56, -669.114
3.93925, -699.385, 353.85
5.45857, -952.746, 810.281
5.34055, 655.858, 885.168
5.41059, -928.751, -578.253
2.84132, -689.335, 283.186
4.34304, 151.428, -384.955
6.28475, -936.477, -575.869
6.35297, -447.913, -872.368
4.27217, -394.027, -252.535
5.98913, 242.736, 932.223
5.08005, -680.583, -301.902
5.94494, 391.112, 132.141
6.18066, -82.1173, 615.823
2.56231, -343.405, -674.902
7.16549, 608.807, -122.538
5.37826, 133.438, 126.354
3.05587, 459.86, 974.482
4.87388, -108.377, 26.408
3.24247, 175.137, 96.135
4.22594, 50.9841, 449.484
7.04476, -932.787, 184.797
4.54571, 15.1942, 516.816
5.96642, -679.608, -77.0819
3.35865, 381.949, -938.087
6.21715, 893.266, -508.435
4.16319, -424.058, 641.788
4.62157, 667.294, 311.585
2.79523, -137.325, -114.662
5.09005, 282.582, -238.854
5.94425, 474.35, -581.278
5.01149, -252.263, 18.7998
6.56617, -169.187, -751.203
3.07974, 81.9293, -939.073
5.24841, 267.775, 465.388
5.06046, 411.137, 21.2701
6.02649, 954.286, 441.566
5.65083, -237.357, 888.81
4.0207, -24.7256, -634.983
6.74719, 400.033, 371.611
3.39619, 602.715, -20.6747
2.61737, -530.364, -100.252
4.19467, 739.443, 53.6856
3.43818, 351.209, -85.7435
6.60467, -286.66, 188.977
6.72507, -895.565, -157.251
6.78031, 847.65, -720.816
7.37454, -954.355, 642.066
2.99587, 469.766, -448.314
2.56182, 564.506, 656.68
2.58614, 220.768, 584.235
2.64527, 251.962, 95.2483
4.1031, 151.761, -392.205
6.17815, 627.498, 302.478
3.14876, 359.891, 476.52
2.5161, -368.11, 507.165
6.91905, 139.174, -790.797
3.70482, 231.244, -574.238
4.38481, -820.509, 761.241
4.44879, 610.758, 185.849
2.81534, 595.985, 294.962
7.30792, 183.688, 957.757
3.75349, 726.656, -338.386
6.85376, -679.909, -59.9346
2.85991, -918.537, 426.895
2.70653, -624.056, 577.034
3.46378, 362.425, -523.532
3.86708, -310.409, 302.867
7.4007, -953.006, -365.543
3.60607, 324.729, -538.11
6.43119, -875.705, 856.188
4.42306, 300.84, -422.105
3.78593, 479.92, -636.941
3.91087, -946.95, 65.3896
7.33834, 868.262, -34.4765
4.22841, 767.944, 172.19
3.45922, -983.78, 737.715
5.05037, -548.233, -375.939
5.21857, -557.829, 634.356
5.72333, -638.202, -615.519
3.89738, -10.3575, 788.457
3.41887, -296.604, -719.625
2.71579, -845.505, 373.665
3.98408, -502.173, -263.934
4.25548, -231.516, 140.672
7.09372, -421.382, 726.578
5.81225, 506.76, -363.12
5.08041, 866.694, 585.887
4.03763, 615.914, 587.997
3.0007, -352.782, 155.176
3.47502, 379.94, -880.852
4.11407, 31.4276, -131.818
5.56182, 964.197, 86.6993
5.13511, 960.985, -984.054
3.45653, 257.453, 284.865
4.7178, -645.68, -426.793
4.48693, -709.446, 854.725
6.28051, -606.995, 744.801
6.6213, 736.788, 602.616
5.51573, 142.028, -344.594
3.04573, 609.905, -828.954
4.11797, 487.035, -165.385
5.03403, 8.43811, 318.606
4.76521, -648.231, 799.172
4.77315, -180.965, -460.167
4.91125, 918.161, 910.828
5.07896, 369.409, -651.246
4.50207, 200.64, 820.754
4.22945, 963.323, 484.649
6.64533, 930.439, -241.254
3.02204, -732.55, -798.319
6.40057, 586.13, 568.378
3.19919, -297.579, -239.393
2.62171, -799.772, -516.882
6.0664, 406.93, -754.8
7.15538, 154.012, -822.665
7.47667, 182.154, 174.666
3.86264, -881.571, 152.923
3.6923, -475.25, -255.72
3.87328, 962.88, 619.999
5.70836, -908.73, -730.939
5.17637, 310.595, 155.594
6.8967, 835.653, -296.868
6.75968, -667.115, -838.323
2.98004, 908.641, -36.2833
4.66818, -749.808, 200.439
3.17045, -205.264, -757.34
5.86802, -163.69, 313.627
5.34964, -53.532, -479.046
3.66474, -623.402, 563.886
5.50306, 266.544, -689.449
2.6551, -803.198, -28.0602
7.08512, 568.673, -312.046
3.82958, 863.748, -178.29
6.50016, -184.601, -509.606
5.46389, 168.629, -723.085
5.0822, 355.817, 619.908
5.2567, 320.102, 643.595
3.47225, 506.394, -233.706
5.36152, 122.178, -743.112
3.81992, 213.509, 402.587
4.41648, -765.438, 539.639
2.73626, -755.134, -897.552
4.22823, 588.457, -671.838
3.61594, 677.305, -435.868
3.81264, 17.2116, -736.769
3.05141, -429.951, -402.559
7.40088, -705.712, 19.8535
5.93794, 795.056, 638.234
5.82158, -547.623, -381.665
5.99501, -601.735, -672.94
2.68746, -833.933, -774.906
3.6706, -629.147, -745.771
3.95397, 718.354, 693.881
3.50543, -38.5799, -258.829
2.7177, 374.668, 333.458
2.56571, -529.221, 519.835
6.07297, -527.303, 765.514
6.88348, -872.278, -628.917
5.35088, -886.996, 270.254
6.92743, 865.749, 869.919
5.20042, -356.625, -279.944
3.31357, 929.856, -647.358
3.30492, 966.477, 440.467
7.19182, 318.663, 287.281
3.45628, 553.936, -852.177
3.15761, -2.83723, -105.064
4.41122, -314.264, -5.58463
6.12674, 257.961, -264.722
2.50651, 541.745, 872.794
4.60222, 23.7136, 736.7
5.18984, 307.3, -214.099
4.86596, -238.677, 247.177
6.33003, 542.804, 872.459
2.9396, 555.04, -468.786
7.04284, 134.161, 323.685
3.20818, -875.398, -396.048
2.54782, 435.255, -51.471
2.82267, 238.758, 524.169
4.96742, 381.742, 222.428
5.40914, 531.127, 981.315
4.03373, -948.326, 544.76
4.57091, 914.227, -70.394
4.33401, -574.867, -688.557
3.42687, 184.3, 668.586
2.76788, 641.378, 163.889
4.47222, 541.038, -65.398
3.98388, -347.86, -132.144
5.05388, -396.199, 820.572
3.75392, -700.368, 230.166
5.01589, 964.101, 885.354
2.51168, -14.3654, 795.639
7.01807, 996.109, -448.087
2.79181, -906.238, -947.784
5.17506, -687.623, 805.142
3.95754, -382.429, 874.501
7.3023, -812.724, -273.761
4.73406, 320.012, -109.18
5.08479, 894.27, 167.821
5.93861, -255.596, 20.1798
2.72187, -160.606, 75.7996
7.2946, -797.916, 606.689
5.70852, 363.987, 155.558
2.80215, 629.591, -780.527
3.33964, 48.958, 268.087
5.76491, 487.596, -248.813
6.19864, -769.423, 338.816
3.57011, 859.28, 201.519
4.31441, 157.029, -873.531
6.56981, -648.042, 934.434
5.32057, 807.791, -470.568
7.45886, -40.8913, -897.006
6.5669, -763.619, 397.073
3.49157, -993.393, -22.9513
2.50003, -159.89, -851.943
4.62608, 942.751, -776.908
4.07406, 835.762, 196.442
5.56218, 606.774, -933.376
3.83351, -201.893, -544.046
4.39881, -594.986, -61.3777
5.43397, 963.883, 298.519
5.95636, -141.457, -514.516
7.26736, -458.855, -571.554
4.89785, -292.905, -954.034
3.60319, 376.432, -729.783
5.33741, -724.24, -447.539
6.09873, 432.173, 363.987
4.4953, -492.42, 560.43
3.48326, -691.253, 990.46
6.66971, -674.281, -757.976
5.59561, -448.516, -870.555
7.26866, -293.876, 173.206
3.23222, -14.3452, -278.83
5.38953, 40.2463, -459.691
7.26796, -392.532, 721.763
3.62331, 720.719, -978.67
7.25137, -492.001, 805.393
3.07874, 796.924, -517.665
2.58372, 29.7615, -261.399
3.90465, -355.506, -169.39
7.15042, 645.279, 169.087
3.04796, 747.317, 872.087
6.77266, 29.9486, 829.231
5.68532, -726.172, -731.991
5.63853, 409.004, -711.528
3.80589, 725.475, 744.597
5.13936, -950.927, 219.287
7.16608, -269.775, 911.586
3.98055, 922.99, 101.958
4.78006, 156.102, 455.433
6.35659, -656.436, -619.711
4.17193, 100.665, 116.981
6.31775, -39.5707, -942.809
6.65892, -30.114, 942.854
2.64618, -725.122, 568.19
4.31315, 715.129, -267.498
4.16221, 283.442, 461.279
3.17675, -518.755, -303.607
3.00839, -306.479, 623.576
5.11327, -609.762, 814.676
3.52046, 30.6529, -534.013
5.00728, -866.462, -630.862
5.1371, 2.22612, 961.616
4.13422, -268.575, -292.899
4.75888, 226.266, -444.696
6.85263, -7.36568, 984.331
4.72884, 645.201, 865.169
6.03726, -458.783, -918.872
6.83171, 914.527, -699.154
6.5822, 869.72, 220.613
2.67504, 894.914, 837.865
3.8644, -653.607, -236.65
5.21858, -422.639, -430.782
3.19942, -989.437, -543.941
5.57408, -778.388, -935.918
3.29182, -691.161, -605.393
4.41129, 99.1518, 221.062
5.94997, -94.3879, 189.427
3.21128, -389.423, 461.135
5.65284, -784.97, 793.889
3.15973, 198.94, 936.187
7.13583, -741.001, 252.929
5.53465, -939.097, 784.734
5.50388, -922.051, 371.268
3.33635, 593.378, -527.708
3.301, -863.734, -401.1
5.91628, 623.438, -29.6619
5.1456, -714.075, -13.6963
3.65264, -132.623, 810.227
6.55373, -502.307, -58.1084
5.76477, -420.287, -560.56
4.08597, -553.495, -584.838
2.53953, -262.408, -815.58
3.49176, 730.518, 739.177
3.78831, -8.34112, 381.921
3.03825, 890.505, 38.653
3.49545, 132.074, -434.617
6.75079, 803.754, -771.83
6.63912, -984.37, 209.956
6.76813, -960.311, -552.792
5.71027, 286.01, 779.457
3.6787, 726.817, -987.479
6.80638, -502.657, -809.369
5.4745, 36.7282, -102.777
2.52745, 506.97, -30.4994
6.84925, -661.902, -473.883
7.37729, 649.641, 106.298
5.59653, 378.941, 13.7739
3.85574, -941.859, 380.48
7.46973, -159.516, -634.102
4.60751, -722.953, -529.628
4.20537, -794.629, -615.262
4.80717, 364.216, -137.399
4.44822, 264.175, -379.533
4.613, -49.9202, 515.346
2.84879, 131.751, 287.738
5.5153, -57.5092, -127.163
7.36114, -49.7207, 230.653
5.07406, -696.841, -535.341
7.45461, 955.071, -137.632
5.84906, 628.077, -146.082
4.01716, -605.664, 70.455
3.47371, 874.703, 567.006
4.0109, -710.109, -936.804
4.93946, -335.008, 461.181
4.72438, 532.06, 983.893
5.7844, 319.96, -940.939
3.74227, -779.723, -669.468
4.72007, 54.8448, 555.713
5.75894, -691.936, 53.1383
6.67472, -714.011, 189.095
6.03698, 197.298, 817.206
4.93928, -870.918, -603.186
6.72039, 399.689, -238.767
7.00296, -500.102, -184.326
6.33082, -651.23, -526.104
5.29453, 629.012, 848.994
2.70603, -17.8046, 87.7474
5.46749, 564.079, 65.6693
2.68674, -679.941, 826.431
4.53488, 23.6325, 436.994
2.84243, -975.794, -881.786
7.38558, -777.304, -882.45
2.5956, -516.963, -233.883
6.60363, -158.401, -270.28
5.2195, -376.96, 876.812
5.72828, 791.543, -332.607
3.62934, -260.741, 55.6313
2.733, 828.929, -695.487
3.63154, 214.197, -555.642
4.58371, -633.587, 135.135
6.40126, 265.856, -631.63
3.72852, -922.447, 387.185
4.81411, 658.166, 89.5307
6.14756, 928.732, 291.095
5.35237, -330.525, 815.664
5.45997, 928.907, 922.679
4.98425, -942.969, 280.887
3.951, 492.792, 109.847
4.71107, -3.62054, -226.746
2.53669, 854.38, -396.106
7.41683, 495.579, -358.634
2.52822, -809.414, -146.972
4.8676, -100.68, 735.949
5.86497, -310.527, -122.095
