6.27803, -736.474, -996.883
3.5948, 63.727, -87.5288
5.89648, 358.87, -904.499
5.09708, -234.028, 872.233
2.76731, -931.887, 659.564
2.53849, 338.613, 60.6808
4.58743, -862.193, -232.683
7.15218, 178.215, 374.52
2.95982, 52.6248, 692.147
6.00595, -163.733, 314.06
3.81226, 526.042, 819.106
4.14117, 471.915, -903.282
7.45519, 511.327, 263.361
7.41275, -508.446, -273.568
5.75759, 505.426, 444.384
6.92354, 262.858, -852.718
6.33247, -124.837, -453.558
3.87453, -520.372, -46.8992
4.93259, -671.924, -300.978
2.80282, 819.573, 792.577
5.08146, 8.40064, 806.828
4.96988, 970.794, -362.43
7.23882, -816.665, -468.207
4.42071, -8.74652, -843.11
5.14874, 825.889, -447.196
2.75042, 879.832, -68.1772
6.63909, 540.798, 529.457
5.94228, -964.728, -747.734
6.18112, 258.998, 735.779
6.94286, 993.8, 450.466
4.25508, -384.7, -534.217
6.72991, 182.34, 26.2994
3.84659, 667.524, -164.695
4.83959, 73.5401, -171.363
3.2686, -642.575, -421.99
2.66527, 608.074, 142.674
7.2768, -4.5298, 70.8002
6.95369, 109.63, 495.274
3.29884, 681.824, 248.566
3.15214, 429.079, -573.544
2.515, -451.475, -817.066
6.0491, -954.79, -175.933
3.40448, -516.929, 872.932
5.76029, 773.157, -363.323
4.42907, 363.982, -698.839
3.23766, -5.78029, -227.052
5.45054, 686.795, 173.34
3.24076, 116.041, 909.994
3.2091, -181.964, 964.64
4.94257, -494.354, 128.599
3.13015, 914.783, -69.8372
5.64635, -359.917, -598.778
5.60817, 301.607, -744.656
4.88216, -502.12, 604.289
2.64188, -586.758, -231.947
3.21011, -143.618, 801.998
3.15594, -180.127, 892.68
3.31099, -818.278, 764.377
3.76529, -268.76, -855.299
4.77654, 569.901, -732.155
6.54472, -94.9028, -300.392
3.57624, 302.84, 860.897
3.75063, 816.915, 363.249
5.02978, -57.8424, 721.101
6.27922, 634.962, 194.282
5.66369, 903.53, -72.2003
5.9449, 643.901, -124.612
7.27207, 972.034, 406.62
5.18713, -422.351, 706.522
4.57014, -789.471, 30.8156
4.70019, 752.122, 154.497
6.07821, 737.339, 459.028
6.20858, 410.918, 599.626
5.12494, 771.321, -960.614
6.06711, -867.589, -73.8258
5.91025, 334.756, -21.8661
6.82941, 832.488, -599.866
3.19597, 86.5171, 777.576
3.57766, 974.839, -100.152
5.0733, -366.583, -109.731
4.83766, -119.795, 757.711
3.55759, -268.451, 612.441
5.65244, -692.139, 992.221
2.5044, -988.016, 222.984
4.09589, 453.677, 545.47
5.90281, 363.992, -160.096
6.0446, 671.669, -588.291
2.90869, -809.689, 656.08
3.56926, 263.778, 532.074
4.44412, -836.09, -572.06
4.44927, 897.75, 903.453
3.92018, 383.457, -461.263
4.6123, 566.174, 552.435
2.55658, -609.296, -436.982
3.72027, 951.674, -618.517
4.49072, -724.402, 642.749
6.64177, -646.973, 201.652
3.78584, 974.116, -685.832
3.59705, -800.833, -532.98
6.47385, 390.941, 269.059
5.8476, 504.194, 392.038
5.49108, -889.864, 279.355
5.99917, -363.073, -544.154
5.13062, 525.989, -763.159
4.14833, 181.095, 103.72
3.30844, -714.326, 404.32
6.56633, 719.229, -28.7677
4.08004, 478.072, 114.753
4.05369, 55.727, -730.543
4.65424, 35.7094, 172.729
4.46509, -248.722, -477.362
4.43916, -48.9062, -110.626
4.34871, -840.536, -442.38
5.88118, 343.288, -492.846
6.10384, 454.931, 28.0173
7.20082, -71.8231, 893.117
5.08573, -79.3203, -357.292
5.5282, -195.056, 322.882
5.85049, -696.337, 975.835
5.11404, 82.0657, -310.369
3.87105, -963.813, 653.007
7.08924, 93.5274, 285.49
3.73367, 937.2, -464.685
4.77876, 386.184, 685.606
3.30374, -954.708, 635.923
4.68319, 414.339, 411.413
7.45767, 500.511, 167.021
6.26931, -439.972, 391.114
4.97846, -988.356, -656.46
7.01651, -662.595, -839.869
4.68213, 492.888, 563.699
5.09239, 168.9, -984.614
4.44866, 88.1408, -863.656
5.63431, -225.815, -568.165
5.19331, 416.692, 318.117
4.35955, 632.156, -438.836
2.54674, -369.616, 365.226
6.3794, 41.4318, -790.274
2.85317, -888.125, -559.868
3.98511, 446.159, -679.55
4.78581, -43.1423, -895.772
3.25156, -95.3724, 41.549
5.97819, 668.098, -429.796
4.15587, 370.624, 159.856
5.21197, 972.002, -882.769
2.64678, 715.986, -990.98
5.38086, -21.2984, -240.222
5.18133, 364.73, 475.312
7.36678, -756.449, -926.535
5.57063, -297.662, -621.234
5.26431, -746.636, 213.42
6.69051, -279.581, 906.665
3.75764, -484.654, 942.069
6.98957, 629.064, -146.205
5.97428, 516.437, -506.548
5.82752, -472.944, -95.8186
3.06838, -580.188, -768.63
3.37987, -984.227, 94.4617
2.91253, -136.171, 196.698
6.68103, -247.972, 372.948
2.64818, 941.748, -759.614
6.34719, -2.79387, -849.653
4.29829, -501.569, 866.746
6.24626, 1.61401, 536.193
6.28385, 362.876, 342.352
3.60834, -538.217, -924.773
5.58305, 305.136, 126.571
3.66846, -549.914, -254.697
6.22052, -668.864, 304.604
5.80997, -909.422, -684.244
4.9209, 901.996, -747.885
2.58972, 828.064, 240.074
4.98291, 445.778, 194.99
5.09587, -113.548, -889.292
4.71395, -874.425, 532.538
4.14528, -62.8075, 951.199
3.52671, 485.608, -107.594
7.19863, -252.356, -654.319
2.85168, -499.568, 927.161
3.30042, 52.0836, -749.21
6.70788, -788.073, 33.4121
4.13614, -158.651, -270.848
6.85942, 156.332, 427.313
5.99896, 672.083, 516.153
5.52801, 869.631, -220.934
4.77536, 79.3175, -271.004
2.91543, -520.511, -181.43
3.94883, -55.1325, -152.038
6.51009, -569.398, -788.083
6.81821, 335.347, 57.0401
3.81831, 422.048, -511.614
4.79881, -836.758, -235.286
4.95672, 604.867, -526.639
5.82344, -467.463, -990.895
7.31738, -626.652, -152.169
7.23022, 586.553, -733.609
2.81902, 223.984, -656.21
5.04829, -407.586, -309.103
6.13222, 668.435, 655.217
5.65882, 602.033, -339.885
3.26658, -915.981, -908.881
5.09652, -868.096, 541.28
3.52281, -557.464, 856.16
6.03231, 399.773, -821.271
6.05786, -475.227, -13.4777
3.66304, -581.698, -236.676
6.80594, -65.081, -133.761
2.67122, -110.002, 951.881
6.26587, -935.923, 50.1791
4.14789, 643.812, 176.834
4.65309, 71.9614, -534.464
7.33455, 970.616, -193.38
4.05803, 733.769, 697.539
5.69762, 990.602, -701.758
5.95386, 866.159, -62.5405
5.36403, 80.7796, 629.48
6.60667, 891.307, -682.913
4.21807, -905.501, -681.705
5.09387, -808.664, -777.059
6.78438, 122.645, -952.619
6.18587, 347.129, 37.7998
3.45992, -948.096, 391.534
2.83145, -308.175, 341.008
3.60828, 843.792, -718.221
3.33656, 170.992, -236.731
6.31172, 382.186, -938.721
5.44905, -844.105, 425.409
4.65223, 859.518, 852.196
7.09618, 661.202, 12.0764
5.09668, 445.484, 193.776
7.38058, -678.162, -20.2207
5.15714, -453.175, 147.642
2.98716, 334.156, 394.371
5.83983, 219.445, 98.227
5.44444, 140.297, -21.7909
5.01137, -702.27, -110.01
2.75808, -933.964, 460.824
2.6753, -349.8, 31.7978
4.41484, -785.71, -511.874
5.55555, 191.206, 103.553
5.06574, 542.842, 872.961
5.98498, 301.708, -26.4792
4.89891, -25.579, -185.296
3.88323, 68.3562, 421.486
6.01685, -439.4, 209.973
3.67701, 875.459, 59.1422
6.41501, 190.379, -174.894
6.60589, 361.511, 838.191
3.21842, -536.989, 53.8985
5.75757, -491.676, 805.964
3.87677, 870.497, -987.704
7.26215, -435.695, 716.642
4.58238, -752.584, 13.8974
3.03869, -126.792, 403.887
4.70633, -799.024, 531.849
6.28811, -417.1, -303.642
2.77803, -338.563, -321.08
3.51241, -28.4951, 145.358
6.82305, 944.68, -783.046
6.52456, -265.401, -13.505
2.78861, -679.874, -673.958
4.40304, -64.1064, -701.423
4.56124, -148.302, 765.951
2.80071, -382.191, 302.531
7.09746, 801.327, 642.215
3.35398, 538.762, 803.47
6.51634, -934.454, 149.176
3.88599, 723.537, 45.3954
4.44586, 173.105, 738.52
7.19936, 52.4053, 623.662
6.24573, 160.479, -162.617
3.44774, -324.608, 760.457
6.89581, 436.726, 485.512
6.8953, 418.672, -851.867
3.30515, -810.828, -264.994
5.87346, -805.379, -166.314
6.89096, 627.104, 126.079
6.98262, 262.718, 530.707
3.06535, -25.8776, 755.43
5.93789, -233.781, -249.074
3.21651, -842.229, -760.349
3.6901, 415.397, -44.6511
5.64383, 948.822, -218.028
4.312, 817.295, 360.666
4.64437, 588.506, 717.911
4.91936, -7.99449, -842.457
6.20379, -2.11818, -104.009
3.23098, -394.839, 866.78
7.36238, -836.375, -775.945
7.3158, -517.525, -191.117
3.14741, -602.237, 665.717
5.3784, -320.213, -607.014
4.66439, 170.774, -121.571
5.50066, -240.689, -260.926
5.85098, -700.101, -135.954
4.5137, 396.375, 988.907
6.46691, 639.7, 696.223
4.89889, -978.058, -250.991
5.72449, 295.452, 277.172
4.28836, -245.919, 598.817
5.96794, -330.79, -220.831
5.83428, -416.973, -706.903
3.22071, -375.194, 710.466
7.10415, -983.287, 216.73
4.22228, 32.3905, -235.886
6.66824, -416.409, -470.636
2.74349, 270.132, -748.922
3.27936, -247.811, -70.8958
2.55765, 331.527, 509.978
3.94327, 121.283, 589.142
5.07295, -349.516, -172.013
3.65948, 683.194, 437.916
2.75022, -240.779, -67.3067
5.33091, -595.466, -848.627
6.69774, -153.496, 672.115
4.28763, -645.166, -425.647
4.3452, 166.985, 871.176
7.22226, 256.028, -73.5545
4.72425, -908.382, -182.927
6.82086, 495.125, 188.664
5.82654, -789.668, -736.838
5.79297, 163.904, 665.88
7.10736, -960.786, 962.674
5.11536, 941.447, -615.706
5.45229, 439.318, -442.181
5.79944, 668.556, 669.7
4.24765, 291.434, 460.496
4.11714, 337.883, 57.1524
7.08984, -111.439, 738.87
3.08619, 903.641, -446.232
7.31268, 676.114, -171.206
5.17978, 46.735, -332.093
5.81447, 856.3, 635.098
5.48362, 890.954, -505.987
6.93363, -506.155, -746.443
6.67999, -670.357, -607.549
6.69339, 246.663, 203.878
6.85642, -214.943, 341.265
2.5002, -768.883, 334.97
4.77274, 258.267, 351.028
4.25696, -932.841, 152.796
5.80713, -258.035, 709.242
6.22234, -873.219, 152.811
3.3821, -119.301, -446.916
7.4621, 794.499, -814.033
5.95466, -932.827, 173.295
6.97862, 141.88, -16.1008
3.51579, 374.244, -131.736
7.2356, -456.543, -36.4369
4.88476, 892.734, -504.57
6.78578, 921.704, -746.675
6.41237, -981.581, -559.963
5.70687, 912.61, -905.826
3.14521, -724.692, 147.825
5.77944, 4.10385, 649.731
3.09199, 53.0937, 9.53878
3.88793, 336.087, 804.579
6.65548, -220.269, -227.058
6.14153, -752.252, -513.544
6.74348, -597.843, 295.898
3.43989, -784.331, -946.851
6.09602, 558.418, -278.884
4.25586, 160.449, 332.539
3.34555, -415.892, -687.606
4.52383, 339.076, -549.38
4.20924, 159.054, 771.349
6.67141, 394.258, -125.58
3.9111, 698.009, 584.108
5.16766, -671.984, -476.903
6.25085, 994.516, -852.884
4.62554, -687.574, -763.038
4.66964, -570.186, 547.165
3.03022, 857.925, -932.602
6.4639, -38.0673, -466.437
3.91232, -573.188, -483.75
7.14264, -580.017, -236.731
5.37926, 241.807, 518.204
3.4895, 817.275, -288.962
5.99081, 574.443, -755.764
3.07265, 495.439, -960.304
4.22945, 306.942, 787.94
4.15646, -587.129, -238.219
6.42735, 828.438, -962.457
6.65775, 459.632, -212.847
4.21712, -740.007, 755.095
4.2603, -274.527, 887.49
6.38197, 146.66, -832.395
6.58658, -12.791, 688.075
4.26157, -130.13, 283.984
7.09559, -431.925, -301.224
3.2877, 490.97, 253.392
5.56029, -486.519, 565.562
5.54222, -375.164, 710.35
3.16647, -252.052, -746.18
3.51409, -746.104, -477.496
4.79457, -857.068, 501.167
3.48759, -527.65, 927.745
6.77118, -841.853, 376.004
6.54562, -759.626, -693.108
2.80131, -907.145, 886.48
6.50584, -718.231, 655.637
5.49597, -192.981, -543.571
7.43182, -891.173, 307.998
2.65919, -162.387, 639.937
6.8356, 946.617, -769.995
3.69109, 668.885, 348.584
3.6127, 176.333, 431.881
4.73907, -990.304, -545.272
2.61231, 861.573, -173.703
6.79755, -256.115, 20.2576
4.15902, 213.352, 590.819
5.72195, 306.473, 250.09
7.43521, -945.811, -482.687
5.30162, 284.595, -583.859
4.74553, -758.132, -246.228
5.213, 170.469, -717.875
2.90797, 773.098, -32.8144
3.99606, -806.807, -271.722
6.63964, 823.184, 679.667
6.48936, 625.692, 937.726
5.71048, -103.088, 679.745
4.84105, 630.818, 386.624
7.15326, -197.973, -610.514
5.08798, -248.797, -73.3905
7.42924, 798.025, -540.84
5.94567, -81.2442, -723.647
6.19966, -180.958, -446.204
3.46323, -392.478, -935.047
6.08881, -451.63, 624.874
6.11146, 570.024, -181.317
6.49298, 266.398, 153.847
4.23216, 255.353, -997.087
5.1481, -15.7939, -59.111
3.19001, 715.91, -361.231
6.73218, -225.259, -206.156
6.32766, -84.5659, -885.289
7.5, 923.433, -417.44
4.24891, 483.04, 993.991
5.50367, -601.053, 591.287
3.50808, -496.214, 84.4888
6.2385, 28.4414, 152.429
6.49225, 976.59, 216.228
3.03505, -706.071, 109.308
5.35813, -507.196, 47.3338
2.84683, 358.773, -333.868
4.16036, 748.633, 689.429
5.80945, 486.964, -708.224
5.27726, 170.415, -192.561
7.12415, 228.941, -11.7199
2.69832, -485.972, 226.717
2.62083, -311.74, 240.264
4.61923, 214.564, -656.788
4.36987, 460.824, 136.093
2.93303, -234.026, -256.321
3.05403, -162.743, 166.283
5.31992, 368.581, -348.266
7.37269, 61.6693, 742.399
3.05066, -47.4305, -882.884
5.99352, 99.0477, 981.574
2.79674, -50.3251, -743.043
4.69755, 835.493, -108.419
5.24651, 992.396, 716.153
3.45129, 691.519, -750.367
7.36597, 313.864, 327.39
3.19593, -676.171, -68.9462
5.48978, 941.304, -432.693
7.12812, -873.055, 704.158
3.91116, -78.0785, 888.228
6.8307, -140.425, -81.6654
6.29598, -228.117, -600.902
6.10793, 357.319, 621.485
3.34241, -377.175, 370.524
3.32882, 837.359, 374.355
3.39076, -647.395, -989.996
5.87226, 335.58, -602.363
4.83484, -355.108, 40.363
6.85219, -811.173, -358.168
5.76023, -695.954, -118.047
5.80464, 762.659, 881.27
2.58037, -661.554, -597.596
4.30596, -778.711, -666.221
3.72747, 925.134, 119.526
6.93086, -937.627, -950.282
5.23701, 824.909, 773.732
6.57209, -26.3874, -651.363
5.24453, 175.407, 867.685
4.16156, 506.338, -55.7845
4.40213, 24.4871, -654.753
2.52389, 931.989, 654.835
6.95226, -90.5632, -397.325
6.16955, -497.571, 686.013
6.04239, -153.78, 665.458
5.1278, 54.8713, -187.171
6.41065, -191.422, -815.171
3.42484, -385.683, -470.459
5.72673, 244.595, 512.984
3.42178, -689.507, -343.128
3.31214, 63.8996, -88.5297
2.65594, -181.936, 850.484
7.42716, 130.376, -665.654
4.04559, -331.854, -717.399
4.11075, -670.936, -295.18
5.51155, 287.625, -232.9
2.89107, -329.507, -922.845
3.93936, -20.2008, 90.1738
5.79307, -123.682, -493.077
7.36348, -993.325, -349.072
7.27758, -363.172, -796.339
7.42745, -670.369, -288.625
7.30478, -913.917, -763.717
3.0073, -558.667, 568.317
3.71505, -125.716, -490.944
6.91151, 99.0327, -433.414
5.28805, 340.573, 700.906
6.7669, 802.904, 515.995
7.49145, -536.16, 524.02
3.99751, -257.999, -482.069
6.33157, 978.773, 487.998
4.81901, 284.343, -143.581
6.8168, -636.269, -793.154
6.99018, 860.627, 4.95159
7.377, 257.923, -416.608
2.77405, 660.482, 79.9694
6.32605, 948.594, -617.329
5.09219, -933.665, 739.365
3.46574, 927.9, -239.502
6.98252, 195.737, -543.27
6.38492, -831.951, 98.0783
2.75968, 415.921, 541.299
7.47331, -854.199, 765.511
5.93659, -2.89835, -459.162
5.94854, 888.117, 496.767
6.57666, -657.26, 820.036
7.05426, -36.6816, -436.613
3.34218, -201.384, 404.241
5.24183, -580.203, 804.065
6.53351, -483.531, -251.961
4.17803, 321.31, -533.029
5.53435, -102.833, 38.1242
6.59602, -952.642, 334.066
7.3485, 83.576, -246.601
6.29349, 584.744, 493.06
3.72113, -182.731, -92.8884
5.80589, -572.188, 403.51
4.21574, -448.176, -186.702
7.27146, 375.991, -396.289
2.60828, 803.621, 555.74
4.54979, -891.883, 946.743
2.55789, 588.498, -671.802
3.04964, 841.019, 199.873
5.28259, -849.472, 91.8513
4.45466, -29.908, -235.896
7.20539, 117.894, -182.702
2.55572, 179.306, 395.432
6.22897, -223.286, -435.7
3.84293, 110.14, 127.93
4.27153, -675.644, -761.6
3.45835, -464.486, 617.276
5.14832, 295.805, -169.839
4.39478, -58.2715, -855.417
3.16407, -12.676, -802.836
4.26563, -125.448, -565.206
4.2497, 783.839, 985.643
7.41084, 609.486, -122.262
5.25961, 150.481, -381.294
4.99918, 13.578, -714.248
3.58531, -834.622, 457.061
4.37311, -232.408, -651.404
6.78251, -664.18, -469.771
6.45578, 789.749, -510.918
3.9204, -491.526, 929.025
5.07645, 437.396, 100.768
6.79238, -293.547, -24.9476
7.07844, -944.009, -172.574
7.48941, 136.44, 916.415
6.53177, 174.108, -195.699
5.22718, -901.999, -185.141
7.3461, 149.906, -737.087
5.31931, -585.201, 362.636
4.03031, -416, 659.99
5.41853, 966.575, 952.993
2.91197, 55.7217, -331.832
5.47382, 351.769, 623.46
3.31968, -598.615, -591.659
6.46527, -609.238, -437.034
2.95373, 579.074, 740.535
6.3072, -505.366, -679.761
6.83996, -220.28, 32.344
6.40105, 191.792, -334.435
6.61399, 908.594, 969.979
6.70974, 372.531, 553.261
4.48328, 531.256, 256.329
6.508, -159.188, 170.315
6.56811, 380.652, -44.0973
5.43493, -409.852, 101.202
4.64621, 795.972, -50.1261
2.5002, -67.2626, -479.072
5.31153, -815.294, 316.714
6.22632, 336.182, 355.027
3.89846, 966.697, 294.385
2.93406, -986.788, 565.042
3.5733, 853.461, -880.728
3.93296, -492.63, 556.466
4.86595, -406.636, 475.214
6.95893, 845.267, 819.873
5.91955, 508.548, -500.929
3.54376, -50.4409, -66.0698
6.67533, 794.207, 11.9728
7.09218, 939.669, 917.735
4.48244, -474.93, -701.168
6.37858, 541.82, 535.886
5.68161, -161.283, -90.4964
6.64746, 483.47, 291.744
3.40204, 558.337, -459.066
7.45927, 580.015, -765.675
6.70558, -151.165, -844.904
4.65177, 888.319, 265.997
4.38589, 596.714, 889.833
2.70802, 655.372, -505.678
6.80715, -806.58, -538.888
6.62116, 913.681, -904.349
6.25052, 14.9549, 732.788
3.55801, -165.203, 993.296
4.31029, -781.824, -192.218
4.43545, -591.259, -802.868
7.32918, 804.414, 638.326
6.5872, -168.247, 631.137
4.5755, -82.2941, 449.278
5.83759, 205.684, 183.727
2.52101, 477.203, 975.597
6.98048, -740.616, 252.458
3.68416, -343.477, 355.203
3.79415, 358.955, -95.7678
5.4939, 406.464, -707.457
6.89823, -841.807, 377.048
6.16299, -565.219, -591.799
6.0773, 913.296, 570.634
3.57724, -608.277, 481.071
6.30413, 678.652, -957.932
3.85351, -160.637, -560.187
2.75246, 666.993, 340.63
4.78866, 269.019, 245.694
2.58759, 448.962, -778.935
3.01129, 74.9606, -175.627
2.639, -130.023, 283.578
5.65921, -340.954, -515.745
6.34425, 86.2417, -247.991
2.74132, 525.63, -840.472
6.6924, -57.7959, -630.649
6.76899, -263.039, -320.15
6.57649, -445.097, 574.144
6.85188, 794.999, 405.545
5.27222, -633.716, -171.649
6.12646, -295.785, 59.3429
3.20424, -527.194, 936.438
6.6115, 599.93, -530.897
5.51185, 733.631, -197.308
4.93856, 508.839, -920.616
6.14942, -288.347, 952.8
4.05164, 757.573, -669.166
3.93925, -699.377, 353.935
5.45857, -952.936, 810.487
5.34055, 656.044, 885.433
5.41059, -928.579, -578.433
2.84132, -689.372, 283.191
4.34304, 151.873, -384.318
6.28475, -936.785, -575.927
6.35297, -447.678, -873.103
4.27217, -394.041, -252.472
5.98913, 242.854, 932.37
5.08005, -681.418, -302.319
5.94494, 391.225, 132.06
6.18066, -82.1299, 615.791
2.56231, -343.464, -674.998
7.16549, 608.045, -122.618
5.37826, 133.49, 126.396
3.05587, 459.657, 974.547
4.87388, -108.587, 26.0519
3.24247, 174.747, 95.6653
4.22594, 50.9808, 449.599
7.04476, -932.86, 184.768
4.54571, 15.2481, 516.699
5.96642, -679.51, -77.1319
3.35865, 382.229, -937.125
6.21715, 893.437, -507.8
4.16319, -423.969, 641.678
4.62157, 667.472, 311.552
2.79523, -137.309, -114.833
5.09005, 282.441, -239.168
5.94425, 474.434, -581.339
5.01149, -253.205, 19.5821
6.56617, -169.163, -751.289
3.07974, 81.8761, -939.244
5.24841, 267.503, 465.423
5.06046, 411.3, 21.2887
6.02649, 954.053, 441.591
5.65083, -237.246, 889.099
4.0207, -24.5773, -634.71
6.74719, 400.059, 371.745
3.39619, 602.595, -20.594
2.61737, -530.468, -100.259
4.19467, 739.724, 53.8007
3.43818, 351.059, -85.5051
6.60467, -286.583, 189.299
6.72507, -895.602, -157.016
6.78031, 847.37, -720.721
7.37454, -954.405, 641.926
2.99587, 469.905, -448.348
2.56182, 564.496, 656.771
2.58614, 220.603, 584.503
2.64527, 252.071, 95.1925
4.1031, 151.566, -392.029
6.17815, 627.567, 302.527
3.14876, 360.735, 476.362
2.5161, -368.08, 507.249
6.91905, 139.15, -790.857
3.70482, 231.311, -574.379
4.38481, -820.798, 760.703
4.44879, 610.535, 185.95
2.81534, 595.962, 295.011
7.30792, 183.692, 958.025
3.75349, 726.713, -338.322
6.85376, -680.069, -59.502
2.85991, -918.663, 427.066
2.70653, -624.329, 577.274
3.46378, 362.614, -523.581
3.86708, -310.46, 302.864
7.4007, -953.103, -365.572
3.60607, 324.794, -538.593
6.43119, -875.757, 856.292
4.42306, 300.946, -422.164
3.78593, 480.01, -636.989
3.91087, -947.25, 65.5156
7.33834, 868.349, -34.344
4.22841, 768.144, 172.32
3.45922, -983.981, 737.769
5.05037, -548.201, -376.411
5.21857, -557.915, 634.455
5.72333, -637.888, -615.564
3.89738, -10.3192, 788.324
3.41887, -296.594, -719.768
2.71579, -845.308, 374.475
3.98408, -502.37, -264.177
4.25548, -231.528, 140.716
7.09372, -421.358, 727.058
5.81225, 506.58, -363.077
5.08041, 866.764, 586.009
4.03763, 616.06, 588.129
3.0007, -352.872, 155.228
3.47502, 379.986, -880.9
4.11407, 31.4498, -131.918
5.56182, 964.431, 86.6827
5.13511, 961.087, -984.184
3.45653, 257.276, 284.967
4.7178, -646.699, -427.324
4.48693, -709.594, 854.909
6.28051, -607.07, 744.807
6.6213, 736.84, 602.619
5.51573, 142.017, -344.533
3.04573, 610.007, -829.119
4.11797, 487.111, -165.392
5.03403, 8.38519, 318.656
4.76521, -648.234, 799.02
4.77315, -181.043, -460.467
4.91125, 918.096, 910.669
5.07896, 369.451, -651.269
4.50207, 200.093, 820.161
4.22945, 963.125, 484.751
6.64533, 930.05, -241.077
3.02204, -732.676, -798.486
6.40057, 586.284, 568.548
3.19919, -297.6, -239.42
2.62171, -800.201, -516.622
6.0664, 406.981, -755.009
7.15538, 154.389, -822.585
7.47667, 181.961, 174.704
3.86264, -881.821, 152.917
3.6923, -475.536, -255.498
3.87328, 963.066, 620.055
5.70836, -908.856, -730.99
5.17637, 310.642, 155.725
6.8967, 835.892, -296.932
6.75968, -666.409, -838.753
2.98004, 908.936, -36.0719
4.66818, -750.083, 200.063
3.17045, -205.361, -757.453
5.86802, -163.032, 314.404
5.34964, -53.5049, -479.393
3.66474, -623.561, 563.67
5.50306, 266.591, -689.565
2.6551, -803.357, -28.1111
7.08512, 568.755, -312.135
3.82958, 863.958, -178.563
6.50016, -184.681, -509.571
5.46389, 168.743, -723.528
5.0822, 356.59, 618.995
5.2567, 319.949, 643.784
3.47225, 506.602, -233.662
5.36152, 121.983, -743.2
3.81992, 213.615, 402.649
4.41648, -765.411, 539.676
2.73626, -755.026, -897.557
4.22823, 588.062, -671.524
3.61594, 677.791, -436.164
3.81264, 17.1515, -736.98
3.05141, -430.016, -402.49
7.40088, -705.773, 19.953
5.93794, 795.344, 638.977
5.82158, -547.67, -381.346
5.99501, -601.791, -673.002
2.68746, -833.564, -774.991
3.6706, -629.102, -745.763
3.95397, 718.136, 693.911
3.50543, -38.8528, -259.096
2.7177, 375.004, 333.242
2.56571, -529.853, 520.079
6.07297, -527.399, 765.527
6.88348, -872.223, -629.153
5.35088, -887.134, 270.485
6.92743, 865.81, 870.189
5.20042, -356.594, -279.988
3.31357, 929.903, -647.46
3.30492, 966.866, 440.422
7.19182, 318.835, 287.332
3.45628, 554.034, -852.341
3.15761, -3.35051, -106.115
4.41122, -314.533, -5.50787
6.12674, 257.925, -264.894
2.50651, 540.787, 873.441
4.60222, 23.3319, 736.609
5.18984, 307.509, -214.083
4.86596, -238.71, 247.221
6.33003, 543.345, 871.766
2.9396, 555.032, -469.08
7.04284, 134.036, 323.737
3.20818, -875.786, -395.938
2.54782, 435.521, -51.5511
2.82267, 238.791, 523.727
4.96742, 381.773, 222.443
5.40914, 531.493, 982.247
4.03373, -948.463, 544.788
4.57091, 915.057, -69.802
4.33401, -574.782, -688.681
3.42687, 184.536, 668.692
2.76788, 640.777, 163.342
4.47222, 541.148, -65.4152
3.98388, -347.89, -132.119
5.05388, -396.227, 820.642
3.75392, -700.246, 230.208
5.01589, 964.35, 885.28
2.51168, -14.7451, 796.138
7.01807, 996.344, -448.117
2.79181, -906.195, -947.928
5.17506, -687.858, 805.095
3.95754, -382.943, 874.685
7.3023, -813.192, -273.601
4.73406, 319.946, -109.19
5.08479, 894.439, 167.791
5.93861, -255.812, 18.8872
2.72187, -160.613, 75.8755
7.2946, -797.994, 606.745
5.70852, 363.814, 155.516
2.80215, 629.774, -780.662
3.33964, 48.8601, 268.111
5.76491, 487.597, -248.969
6.19864, -769.461, 339.126
3.57011, 859.531, 201.333
4.31441, 157.107, -873.802
6.56981, -648.064, 934.542
5.32057, 807.795, -470.579
7.45886, -41.1824, -897.07
6.5669, -763.631, 397.194
3.49157, -993.557, -22.9714
2.50003, -160.326, -852.441
4.62608, 942.908, -776.587
4.07406, 835.392, 196.102
5.56218, 606.805, -933.499
3.83351, -202.114, -544.111
4.39881, -595.009, -61.3279
5.43397, 964.432, 298.092
5.95636, -141.476, -514.747
7.26736, -458.968, -571.632
4.89785, -292.894, -954.201
3.60319, 376.316, -729.986
5.33741, -724.376, -447.427
6.09873, 432.403, 364.051
4.4953, -491.723, 561.095
3.48326, -690.744, 990.287
6.66971, -674.161, -758.129
5.59561, -448.753, -869.96
7.26866, -294.042, 173.01
3.23222, -14.3509, -279.087
5.38953, 40.3449, -459.767
7.26796, -392.482, 722.048
3.62331, 720.659, -978.428
7.25137, -491.59, 806.18
3.07874, 797.436, -517.825
2.58372, 29.7343, -261.629
3.90465, -355.026, -169.674
7.15042, 645.852, 168.838
3.04796, 747.132, 872.058
6.77266, 30.0551, 829.475
5.68532, -726.26, -732.068
5.63853, 409.154, -711.662
3.80589, 725.782, 744.493
5.13936, -950.937, 219.456
7.16608, -269.422, 912.036
3.98055, 923.091, 101.811
4.78006, 156.039, 455.694
6.35659, -656.474, -620.125
4.17193, 100.402, 116.778
6.31775, -39.5637, -943.156
6.65892, -30.1035, 942.934
2.64618, -725.136, 568.228
4.31315, 715.2, -267.534
4.16221, 283.466, 461.257
3.17675, -518.865, -303.886
3.00839, -306.532, 623.604
5.11327, -609.823, 814.833
3.52046, 30.6534, -534.123
5.00728, -866.769, -630.965
5.1371, 2.40222, 961.653
4.13422, -268.712, -292.914
4.75888, 226.239, -444.826
6.85263, -7.38055, 984.678
4.72884, 645.332, 865.205
6.03726, -458.816, -919.099
6.83171, 914.717, -699.182
6.5822, 869.938, 220.77
2.67504, 895.14, 837.82
3.8644, -653.733, -236.595
5.21858, -422.68, -430.798
3.19942, -989.943, -544.609
5.57408, -778.604, -935.94
3.29182, -691.611, -605.442
4.41129, 99.1185, 221.088
5.94997, -94.377, 189.451
3.21128, -389.339, 461.05
5.65284, -784.996, 794.043
3.15973, 199.067, 936.226
7.13583, -740.731, 252.511
5.53465, -939.174, 784.769
5.50388, -922.059, 371.114
3.33635, 594.295, -527.453
3.301, -863.682, -401.157
5.91628, 623.59, -29.7134
5.1456, -714.286, -13.7529
3.65264, -132.472, 810.537
6.55373, -502.312, -58.144
5.76477, -420.333, -560.633
4.08597, -553.13, -584.671
2.53953, -262.456, -815.689
3.49176, 730.273, 739.719
3.78831, -8.40353, 381.956
3.03825, 890.753, 38.6631
3.49545, 132.183, -434.797
6.75079, 803.754, -771.879
6.63912, -984.58, 210.486
6.76813, -960.318, -552.647
5.71027, 285.924, 779.53
3.6787, 727.205, -987.821
6.80638, -502.653, -809.512
5.4745, 36.7623, -102.685
2.52745, 507.047, -30.3683
6.84925, -662.016, -473.413
7.37729, 649.757, 106.363
5.59653, 379.028, 13.7234
3.85574, -942.217, 380.367
7.46973, -159.431, -634.282
4.60751, -723.069, -529.739
4.20537, -794.686, -615.309
4.80717, 363.941, -137.485
4.44822, 264.235, -379.465
4.613, -50.0169, 515.371
2.84879, 131.792, 287.661
5.5153, -57.5907, -127.098
7.36114, -49.7183, 230.727
5.07406, -696.832, -535.462
7.45461, 955.236, -137.647
5.84906, 627.432, -146.592
4.01716, -605.69, 70.4981
3.47371, 874.839, 566.84
4.0109, -710.037, -936.971
4.93946, -334.976, 461.221
4.72438, 531.793, 983.133
5.7844, 319.908, -941.12
3.74227, -779.784, -669.21
4.72007, 54.861, 555.76
5.75894, -691.921, 53.3022
6.67472, -713.958, 189.019
6.03698, 197.812, 817.791
4.93928, -871.042, -603.021
6.72039, 399.732, -238.854
7.00296, -499.791, -184.154
6.33082, -651.169, -526.222
5.29453, 628.954, 848.909
2.70603, -18.555, 88.594
5.46749, 564.131, 65.6342
2.68674, -680.174, 826.741
4.53488, 23.4867, 436.999
2.84243, -975.934, -881.857
7.38558, -777.478, -882.459
2.5956, -517.06, -233.801
6.60363, -158.824, -270.881
5.2195, -376.403, 877.14
5.72828, 791.647, -332.595
3.62934, -260.743, 55.9798
2.733, 828.798, -695.359
3.63154, 214.303, -555.722
4.58371, -633.585, 135.159
6.40126, 265.896, -631.706
3.72852, -922.441, 387.564
4.81411, 658.409, 89.2537
6.14756, 928.778, 291.135
5.35237, -330.505, 815.751
5.45997, 928.756, 923.221
4.98425, -943.191, 280.926
3.951, 493.156, 109.693
4.71107, -3.93249, -226.714
2.53669, 854.469, -396.075
7.41683, 495.799, -358.749
2.52822, -809.575, -146.683
4.8676, -100.177, 735.931
5.86497, -310.49, -122.073
