6.27803, -736.321, -995.82
3.5948, 62.7979, -85.9088
5.89648, 359.265, -904.027
5.09708, -234.465, 873.425
2.76731, -932.325, 658.706
2.53849, 334.568, 58.5128
4.58743, -860.747, -232.536
7.15218, 178.31, 374.905
2.95982, 52.1956, 692.093
6.00595, -161.604, 316.705
3.81226, 526.637, 818.537
4.14117, 471.834, -902.674
7.45519, 510.844, 262.673
7.41275, -507.878, -272.74
5.75759, 504.985, 444.062
6.92354, 262.717, -852.065
6.33247, -123.507, -452.538
3.87453, -518.87, -47.7635
4.93259, -672.644, -303.994
2.80282, 819.973, 791.542
5.08146, 8.14958, 805.952
4.96988, 969.944, -362.602
7.23882, -816.028, -468.375
4.42071, -11.8628, -841.349
5.14874, 825.284, -447.682
2.75042, 878.827, -67.0215
6.63909, 541.269, 533.331
5.94228, -963.513, -747.209
6.18112, 258.968, 735.536
6.94286, 992.011, 450.347
4.25508, -383.722, -534.444
6.72991, 182.383, 26.2151
3.84659, 665.563, -163.453
4.83959, 73.7901, -174.112
3.2686, -643.077, -425.041
2.66527, 609.246, 142.447
7.2768, -5.08452, 71.5048
6.95369, 109.788, 494.825
3.29884, 681.055, 248.177
3.15214, 428.966, -573.22
2.515, -451.698, -816.742
6.0491, -954.248, -176.305
3.40448, -515.677, 871.889
5.76029, 772.879, -362.768
4.42907, 364.443, -698.684
3.23766, -7.95543, -228.106
5.45054, 685.277, 172.99
3.24076, 117.452, 909.748
3.2091, -181.789, 963.973
4.94257, -493.878, 128.19
3.13015, 912.346, -67.5459
5.64635, -359.377, -598.196
5.60817, 301.292, -744.002
4.88216, -501.369, 603.629
2.64188, -582.152, -238.719
3.21011, -142.294, 801.672
3.15594, -180.388, 891.896
3.31099, -820.662, 760.184
3.76529, -268.568, -854.419
4.77654, 571.48, -733.13
6.54472, -94.7361, -300.201
3.57624, 302.687, 860.057
3.75063, 816.828, 363.398
5.02978, -57.963, 720.886
6.27922, 634.91, 191.878
5.66369, 904.723, -70.9381
5.9449, 641.844, -125.865
7.27207, 971.258, 407.412
5.18713, -422.887, 708.321
4.57014, -789.757, 28.5766
4.70019, 751.808, 154.887
6.07821, 736.933, 458.868
6.20858, 410.183, 599.005
5.12494, 771.065, -960.202
6.06711, -866.898, -73.9868
5.91025, 334.535, -21.7849
6.82941, 832.224, -599.517
3.19597, 86.0373, 776.735
3.57766, 973.511, -100.45
5.0733, -365.902, -110.354
4.83766, -119.407, 755.768
3.55759, -268.006, 612.137
5.65244, -690.853, 988.471
2.5044, -982.866, 217.518
4.09589, 453.337, 545.047
5.90281, 363.694, -158.464
6.0446, 671.27, -587.886
2.90869, -809.273, 655.622
3.56926, 265.606, 533.174
4.44412, -835.484, -571.783
4.44927, 898.74, 903.236
3.92018, 383.156, -461.161
4.6123, 565.649, 551.951
2.55658, -613.97, -435.296
3.72027, 943.327, -617.917
4.49072, -723.295, 644.263
6.64177, -647.226, 201.527
3.78584, 973.562, -686.326
3.59705, -803.368, -534.412
6.47385, 390.572, 268.931
5.8476, 503.618, 391.886
5.49108, -889.943, 281.189
5.99917, -363.325, -543.504
5.13062, 526.295, -762.484
4.14833, 183.426, 102.029
3.30844, -714.471, 403.751
6.56633, 718.811, -28.5688
4.08004, 478.231, 115.083
4.05369, 55.2286, -731.025
4.65424, 35.513, 171.429
4.46509, -247.916, -477.14
4.43916, -49.243, -112.323
4.34871, -839.527, -442.725
5.88118, 343.196, -493.102
6.10384, 454.147, 28.0667
7.20082, -70.7314, 893.429
5.08573, -79.3842, -357.438
5.5282, -194.606, 322.953
5.85049, -695.228, 977.23
5.11404, 81.5953, -309.699
3.87105, -961.285, 650.678
7.08924, 93.9607, 285.332
3.73367, 936.175, -463.943
4.77876, 385.542, 684.8
3.30374, -954.253, 638.025
4.68319, 413.889, 410.55
7.45767, 499.481, 167.878
6.26931, -439.629, 391.032
4.97846, -987.283, -656.055
7.01651, -659.421, -839.528
4.68213, 492.73, 562.919
5.09239, 168.669, -983.691
4.44866, 88.1735, -862.751
5.63431, -224.907, -568.111
5.19331, 416.023, 318.129
4.35955, 632.269, -438.64
2.54674, -369.076, 364.916
6.3794, 41.2644, -789.547
2.85317, -887.686, -560.288
3.98511, 445.687, -679.586
4.78581, -45.6772, -892.041
3.25156, -94.5189, 41.4742
5.97819, 668.698, -430.589
4.15587, 368.828, 158.295
5.21197, 971.408, -881.985
2.64678, 717.712, -988.634
5.38086, -22.1884, -238.225
5.18133, 366.134, 474.585
7.36678, -757.018, -925.787
5.57063, -297.795, -620.461
5.26431, -746.183, 212.492
6.69051, -276.477, 906.533
3.75764, -485.741, 939.635
6.98957, 625.763, -145.56
5.97428, 513.837, -504.415
5.82752, -473.011, -95.6486
3.06838, -579.919, -769.342
3.37987, -982.995, 94.6375
2.91253, -136.179, 195.998
6.68103, -247.488, 372.306
2.64818, 940.57, -762.86
6.34719, -1.62722, -850.843
4.29829, -502.328, 866.352
6.24626, 2.2283, 535.454
6.28385, 362.807, 341.787
3.60834, -537.999, -923.922
5.58305, 305.101, 127.074
3.66846, -549.773, -253.908
6.22052, -669.118, 304.111
5.80997, -910.204, -685.163
4.9209, 903.445, -747.166
2.58972, 828.082, 239.368
4.98291, 446.543, 197.923
5.09587, -112.43, -888.162
4.71395, -874.093, 531.419
4.14528, -62.2023, 950.12
3.52671, 485.289, -107.407
7.19863, -251.365, -653.299
2.85168, -498.469, 927.08
3.30042, 51.8892, -748.059
6.70788, -786.485, 34.6995
4.13614, -161.481, -274.207
6.85942, 157.356, 427.429
5.99896, 671.703, 516.038
5.52801, 869.341, -220.605
4.77536, 79.4491, -269.157
2.91543, -519.53, -180.303
3.94883, -55.1683, -150.177
6.51009, -570.195, -787.387
6.81821, 335.398, 58.6027
3.81831, 421.678, -511.312
4.79881, -836.358, -235.591
4.95672, 608.062, -526.045
5.82344, -467.36, -989.991
7.31738, -626.787, -153.146
7.23022, 584.533, -734.298
2.81902, 223.584, -655.929
5.04829, -408.742, -308.12
6.13222, 668.348, 656.814
5.65882, 601.3, -339.455
3.26658, -915.581, -908.741
5.09652, -867.137, 541.157
3.52281, -556.949, 855.426
6.03231, 399.912, -821.033
6.05786, -474.791, -14.4568
3.66304, -575.378, -234.311
6.80594, -63.3108, -133.281
2.67122, -109.673, 950.992
6.26587, -935.707, 51.1623
4.14789, 643.452, 172.589
4.65309, 71.5838, -533.992
7.33455, 969.229, -193.579
4.05803, 733.308, 696.273
5.69762, 988.993, -701.229
5.95386, 867.093, -62.092
5.36403, 79.9533, 629.02
6.60667, 891.617, -683.407
4.21807, -902.43, -679.665
5.09387, -809.359, -776.046
6.78438, 122.533, -951.74
6.18587, 346.355, 39.351
3.45992, -945.692, 389.383
2.83145, -308.146, 340.672
3.60828, 842.438, -716.766
3.33656, 170.636, -235.678
6.31172, 382.181, -934.898
5.44905, -843.678, 424.727
4.65223, 859.636, 852.765
7.09618, 660.754, 12.1201
5.09668, 444.688, 190.289
7.38058, -678.507, -20.8388
5.15714, -453.067, 147.272
2.98716, 334.182, 393.425
5.83983, 218.726, 98.4801
5.44444, 139.693, -24.3243
5.01137, -700.88, -110.834
2.75808, -933.034, 460.172
2.6753, -348.898, 31.1657
4.41484, -785.899, -512.683
5.55555, 189.331, 103.429
5.06574, 543.681, 869.497
5.98498, 302.222, -26.4194
4.89891, -25.3188, -185.434
3.88323, 68.3309, 421.695
6.01685, -439.267, 209.596
3.67701, 875.109, 58.494
6.41501, 188.682, -175.619
6.60589, 361.005, 837.4
3.21842, -536.123, 53.579
5.75757, -489.418, 809.002
3.87677, 870.025, -986.791
7.26215, -433.028, 716.344
4.58238, -752.07, 13.9882
3.03869, -126.716, 403.526
4.70633, -798.593, 531.681
6.28811, -418.453, -302.992
2.77803, -338.592, -320.428
3.51241, -28.173, 145.018
6.82305, 943.039, -780.819
6.52456, -265.485, -12.5203
2.78861, -679.545, -673.398
4.40304, -64.2312, -701.429
4.56124, -147.105, 765.433
2.80071, -381.796, 302.513
7.09746, 803.841, 646.052
3.35398, 538.271, 803.884
6.51634, -933.027, 151.807
3.88599, 723.742, 45.7728
4.44586, 172.892, 738.366
7.19936, 52.8005, 623.624
6.24573, 160.79, -163.612
3.44774, -324.876, 760.079
6.89581, 436.346, 485.261
6.8953, 418.135, -851.037
3.30515, -807.868, -263.86
5.87346, -804.786, -166.244
6.89096, 627.443, 126.367
6.98262, 259.721, 527.926
3.06535, -25.468, 754.959
5.93789, -233.773, -251.745
3.21651, -840.59, -762.055
3.6901, 414.803, -44.6333
5.64383, 947.781, -218.052
4.312, 817.129, 361.201
4.64437, 588.477, 717.755
4.91936, -7.80301, -840.619
6.20379, -3.14358, -106.756
3.23098, -392.85, 867.275
7.36238, -834.381, -774.096
7.3158, -515.887, -191.972
3.14741, -601.688, 665.295
5.3784, -319.652, -606.9
4.66439, 170.577, -122.303
5.50066, -240.414, -259.271
5.85098, -699.259, -133.974
4.5137, 396.458, 988.262
6.46691, 639.927, 695.415
4.89889, -977.124, -250.816
5.72449, 296.361, 276.856
4.28836, -246.16, 599.081
5.96794, -330.585, -220.776
5.83428, -416.975, -705.696
3.22071, -376.993, 711.224
7.10415, -982.408, 219.923
4.22228, 32.1572, -235.845
6.66824, -415.854, -470.262
2.74349, 270.452, -748.137
3.27936, -249.381, -66.663
2.55765, 331.382, 509.385
3.94327, 121.096, 588.93
5.07295, -347.651, -172.643
3.65948, 682.89, 437.783
2.75022, -241.313, -68.58
5.33091, -595.59, -847.367
6.69774, -152.945, 673.581
4.28763, -648.578, -428.777
4.3452, 165.623, 871.207
7.22226, 256.155, -73.4416
4.72425, -909.766, -181.596
6.82086, 494.632, 187.446
5.82654, -789.278, -736.459
5.79297, 164.421, 665.591
7.10736, -960.313, 962.199
5.11536, 946.231, -618.001
5.45229, 439.233, -442.105
5.79944, 668.277, 667.782
4.24765, 288.932, 460.701
4.11714, 341.676, 52.786
7.08984, -109.652, 738.925
3.08619, 903.722, -446.066
7.31268, 675.489, -170.936
5.17978, 47.6574, -331.346
5.81447, 855.099, 634.719
5.48362, 896.136, -503.395
6.93363, -506.19, -745.933
6.67999, -668.796, -607.474
6.69339, 246.726, 203.554
6.85642, -214.245, 340.554
2.5002, -769.45, 338.889
4.77274, 258.531, 350.649
4.25696, -932.706, 152.778
5.80713, -257.935, 708.927
6.22234, -874.386, 152.803
3.3821, -121.894, -450.242
7.4621, 794.505, -813.218
5.95466, -932.348, 171.813
6.97862, 142.68, -14.0945
3.51579, 372.879, -132.248
7.2356, -457.06, -36.3707
4.88476, 886.606, -504.206
6.78578, 921.228, -747.032
6.41237, -980.138, -557.892
5.70687, 909.973, -908.076
3.14521, -724.312, 148.184
5.77944, 4.2373, 649.901
3.09199, 53.1584, 9.33987
3.88793, 335.5, 804.056
6.65548, -221.373, -227.167
6.14153, -751.954, -513.389
6.74348, -597.938, 295.81
3.43989, -782.461, -943.632
6.09602, 558.118, -279.181
4.25586, 159.903, 332.446
3.34555, -415.93, -688.398
4.52383, 337.747, -548.144
4.20924, 159.166, 770.771
6.67141, 392.463, -125.639
3.9111, 697.971, 584.16
5.16766, -669.113, -475.4
6.25085, 993.503, -852.636
4.62554, -689.785, -762.391
4.66964, -569.256, 547.455
3.03022, 857.674, -932.179
6.4639, -38.8994, -466.122
3.91232, -573.544, -483.34
7.14264, -581.834, -236.293
5.37926, 245.428, 514.126
3.4895, 817.951, -289.573
5.99081, 573.776, -753.337
3.07265, 495.268, -959.207
4.22945, 306.086, 787.23
4.15646, -589.557, -236.901
6.42735, 828.339, -961.782
6.65775, 459.523, -212.764
4.21712, -739.744, 754.924
4.2603, -274.126, 888.927
6.38197, 148.063, -829.624
6.58658, -12.5742, 687.962
4.26157, -130.195, 282.211
7.09559, -429.779, -301.155
3.2877, 491.695, 253.818
5.56029, -485.062, 566.214
5.54222, -376.813, 710.758
3.16647, -251.838, -745.505
3.51409, -745.476, -477.923
4.79457, -856.723, 501.226
3.48759, -526.554, 928.94
6.77118, -845.094, 379.476
6.54562, -759.636, -692.48
2.80131, -906.523, 885.826
6.50584, -718.563, 654.069
5.49597, -193.478, -543.161
7.43182, -890.703, 307.136
2.65919, -161.484, 641.357
6.8356, 945.568, -766.795
3.69109, 668.409, 348.817
3.6127, 175.117, 431.189
4.73907, -987.875, -548.799
2.61231, 862.829, -176.959
6.79755, -259.075, 16.7984
4.15902, 213.186, 590.394
5.72195, 306.026, 250.857
7.43521, -945.063, -483.009
5.30162, 284.579, -583.638
4.74553, -757.972, -246.257
5.213, 168.599, -721.272
2.90797, 773.081, -32.8251
3.99606, -812.371, -270.83
6.63964, 822.21, 678.392
6.48936, 625.393, 936.741
5.71048, -103.278, 679.795
4.84105, 630.579, 386.201
7.15326, -198.371, -609.737
5.08798, -247.446, -74.7331
7.42924, 797.819, -539.508
5.94567, -80.6106, -722.821
6.19966, -180.783, -447.97
3.46323, -392.597, -934.212
6.08881, -452.26, 624.259
6.11146, 569.991, -180.822
6.49298, 266.581, 153.752
4.23216, 255.272, -996.281
5.1481, -15.8704, -60.0876
3.19001, 715.947, -360.637
6.73218, -224.95, -207.819
6.32766, -83.9714, -884.46
7.5, 923.346, -418.336
4.24891, 482.943, 992.5
5.50367, -600.744, 590.621
3.50808, -496.079, 84.0876
6.2385, 28.786, 152.906
6.49225, 975.673, 216.293
3.03505, -705.871, 109.225
5.35813, -507.137, 47.2594
2.84683, 359.324, -334.899
4.16036, 747.15, 689.531
5.80945, 486.557, -707.892
5.27726, 169.435, -190.824
7.12415, 228.919, -11.7027
2.69832, -485.539, 226.329
2.62083, -311.304, 239.864
4.61923, 214.96, -656.501
4.36987, 460.871, 135.815
2.93303, -232.694, -250.66
3.05403, -160.508, 168.481
5.31992, 367.938, -347.779
7.37269, 60.9595, 741.938
3.05066, -46.5009, -884.807
5.99352, 99.0551, 980.622
2.79674, -50.4353, -742.181
4.69755, 835.339, -107.95
5.24651, 991.727, 715.857
3.45129, 691.133, -750.004
7.36597, 314.323, 326.943
3.19593, -676.912, -65.2068
5.48978, 939.638, -432.418
7.12812, -872.654, 704.072
3.91116, -79.7175, 886.321
6.8307, -141.217, -82.4407
6.29598, -227.281, -600.273
6.10793, 360.027, 618.57
3.34241, -376.716, 370.231
3.32882, 835.724, 373.716
3.39076, -647.401, -989.188
5.87226, 335.245, -601.838
4.83484, -354.57, 40.2249
6.85219, -810.648, -358.107
5.76023, -695.734, -118.209
5.80464, 761.885, 880.307
2.58037, -662.608, -600.034
4.30596, -778.117, -666.53
3.72747, 924.263, 118.473
6.93086, -936.833, -949.596
5.23701, 824.379, 774.146
6.57209, -26.5567, -649.996
5.24453, 176.348, 866.606
4.16156, 506.228, -55.5283
4.40213, 23.9902, -654.639
2.52389, 931.277, 654.322
6.95226, -90.4566, -397.359
6.16955, -496.982, 685.649
6.04239, -153.761, 662.572
5.1278, 55.729, -186.748
6.41065, -191.006, -814.571
3.42484, -386.19, -470.465
5.72673, 243.964, 516.294
3.42178, -688.801, -342.354
3.31214, 63.3498, -91.7475
2.65594, -181.954, 850.128
7.42716, 130.464, -665.738
4.04559, -331.506, -716.687
4.11075, -674.088, -291.893
5.51155, 286.35, -233.789
2.89107, -329.408, -922.235
3.93936, -20.7586, 90.8462
5.79307, -125.834, -491.219
7.36348, -992.175, -349.154
7.27758, -363.146, -795.683
7.42745, -670.002, -289.651
7.30478, -913.126, -762.537
3.0073, -558.494, 567.507
3.71505, -123.909, -493.118
6.91151, 99.2412, -432.929
5.28805, 340.454, 700.084
6.7669, 802.534, 516.111
7.49145, -536.677, 525.042
3.99751, -257.511, -482.01
6.33157, 976.905, 486.889
4.81901, 284.699, -143.878
6.8168, -636.29, -792.5
6.99018, 860.177, 4.34271
7.377, 257.802, -416.241
2.77405, 659.458, 81.6358
6.32605, 947.624, -616.522
5.09219, -933.101, 739.233
3.46574, 924.336, -236.437
6.98252, 196.408, -543.443
6.38492, -832.616, 97.7337
2.75968, 415.618, 540.999
7.47331, -853.307, 764.963
5.93659, -3.76415, -458.815
5.94854, 887.714, 496.733
6.57666, -657.171, 818.778
7.05426, -36.8366, -437.442
3.34218, -201.385, 403.511
5.24183, -580.331, 803.751
6.53351, -485.444, -252.047
4.17803, 323.52, -536.018
5.53435, -104.195, 36.0069
6.59602, -951.331, 334.023
7.3485, 81.7832, -246.092
6.29349, 584.118, 493.239
3.72113, -181.357, -92.6571
5.80589, -572.131, 403.148
4.21574, -448.507, -186.982
7.27146, 375.712, -396.02
2.60828, 803.287, 555.523
4.54979, -891.674, 946.15
2.55789, 585.412, -670.283
3.04964, 838.804, 197.662
5.28259, -847.77, 92.5312
4.45466, -26.3611, -237.227
7.20539, 117.791, -182.722
2.55572, 179.32, 394.434
6.22897, -222.611, -436.132
3.84293, 110.544, 126.62
4.27153, -670.961, -761.082
3.45835, -462.836, 617.68
5.14832, 295.624, -169.386
4.39478, -57.6405, -855.828
3.16407, -12.3943, -803.035
4.26563, -126.151, -564.413
4.2497, 783.682, 984.971
7.41084, 607.443, -124.146
5.25961, 150.926, -377.711
4.99918, 13.763, -714.55
3.58531, -834.555, 456.292
4.37311, -233.532, -650.495
6.78251, -665.243, -468.497
6.45578, 791.125, -511.935
3.9204, -492.209, 928.891
5.07645, 437.266, 101.163
6.79238, -292.61, -24.1929
7.07844, -941.752, -172.541
7.48941, 136.107, 915.508
6.53177, 174.646, -195.324
5.22718, -899.792, -185.082
7.3461, 150.157, -736.098
5.31931, -585.07, 362.627
4.03031, -416.623, 659.467
5.41853, 965.44, 951.965
2.91197, 54.9731, -331.056
5.47382, 351.431, 621.08
3.31968, -598.411, -591.63
6.46527, -608.516, -437.414
2.95373, 579.322, 739.435
6.3072, -505.161, -679.689
6.83996, -221.646, 31.7008
6.40105, 191.236, -334.38
6.61399, 908.559, 968.781
6.70974, 372.418, 552.983
4.48328, 529.219, 256.48
6.508, -159.839, 169.231
6.56811, 380.352, -43.9678
5.43493, -409.661, 100.986
4.64621, 795.518, -49.6964
2.5002, -65.2688, -478.605
5.31153, -814.943, 316.912
6.22632, 336.521, 353.962
3.89846, 967.121, 291.803
2.93406, -985.815, 564.872
3.5733, 853.439, -880.429
3.93296, -491.221, 560.399
4.86595, -406.04, 474.81
6.95893, 844.98, 819.844
5.91955, 510.797, -502.371
3.54376, -49.8415, -66.8559
6.67533, 793.752, 11.6924
7.09218, 936.786, 918.054
4.48244, -475.182, -700.677
6.37858, 541.687, 531.785
5.68161, -160.756, -90.2922
6.64746, 483.301, 290.891
3.40204, 557.486, -460.585
7.45927, 579.989, -764.955
6.70558, -151.728, -844.866
4.65177, 887.873, 265.627
4.38589, 596.583, 889.117
2.70802, 654.674, -505.423
6.80715, -804.039, -536.692
6.62116, 915.238, -901.395
6.25052, 13.8912, 731.952
3.55801, -165.247, 992.162
4.31029, -781.707, -192.085
4.43545, -590.916, -801.674
7.32918, 801.454, 636.998
6.5872, -167.815, 631.692
4.5755, -82.0691, 449.057
5.83759, 205.261, 183.12
2.52101, 476.834, 975.914
6.98048, -738.728, 249.478
3.68416, -343.537, 355.051
3.79415, 357.942, -95.1174
5.4939, 406.781, -708.451
6.89823, -838.206, 373.844
6.16299, -564.533, -590.895
6.0773, 912.215, 570.429
3.57724, -607.846, 481.112
6.30413, 678.769, -957.542
3.85351, -161.008, -559.303
2.75246, 666.083, 338.773
4.78866, 269.597, 245.737
2.58759, 448.445, -778.242
3.01129, 73.3618, -172.926
2.639, -130.969, 286.632
5.65921, -341.228, -515.998
6.34425, 87.2352, -249.041
2.74132, 525.703, -839.912
6.6924, -57.2343, -630.612
6.76899, -262.95, -319.118
6.57649, -445.864, 574.393
6.85188, 794.737, 405.156
5.27222, -632.879, -170.563
6.12646, -294.992, 58.4646
3.20424, -526.446, 933.029
6.6115, 598.413, -529.669
5.51185, 732.901, -197.082
4.93856, 508.349, -919.911
6.14942, -287.948, 951.276
4.05164, 757.51, -668.911
3.93925, -699.419, 353.513
5.45857, -951.992, 809.461
5.34055, 655.111, 884.101
5.41059, -930.043, -577.349
2.84132, -689.185, 283.168
4.34304, 149.741, -386.83
6.28475, -934.737, -575.799
6.35297, -448.811, -869.536
4.27217, -393.972, -252.785
5.98913, 242.266, 931.641
5.08005, -676.706, -300.145
5.94494, 390.656, 132.466
6.18066, -82.0678, 615.95
2.56231, -343.171, -674.519
7.16549, 611.576, -122.375
5.37826, 133.218, 126.186
3.05587, 460.685, 974.228
4.87388, -107.458, 27.9867
3.24247, 176.93, 98.1437
4.22594, 50.995, 449.024
7.04476, -932.496, 184.62
4.54571, 14.9698, 517.294
5.96642, -679.899, -76.5827
3.35865, 381.063, -940.963
6.21715, 892.205, -509.417
4.16319, -424.4, 642.237
4.62157, 666.585, 311.717
2.79523, -137.396, -113.973
5.09005, 283.553, -237.11
5.94425, 474.015, -581.034
5.01149, -250.427, 16.5236
6.56617, -169.285, -750.86
3.07974, 82.1415, -938.392
5.24841, 268.909, 465.234
5.06046, 410.488, 21.196
6.02649, 955.307, 441.462
5.65083, -237.79, 887.616
4.0207, -25.324, -636.141
6.74719, 399.932, 371.077
3.39619, 603.205, -21.002
2.61737, -529.948, -100.223
4.19467, 738.306, 53.2177
3.43818, 351.848, -86.7624
6.60467, -286.999, 187.633
6.72507, -895.424, -158.203
6.78031, 848.148, -720.761
7.37454, -954.232, 642.075
2.99587, 469.209, -448.177
2.56182, 564.547, 656.32
2.58614, 221.198, 583.364
2.64527, 251.528, 95.4702
4.1031, 152.357, -392.061
6.17815, 627.224, 302.285
3.14876, 357.597, 476.866
2.5161, -368.231, 506.832
6.91905, 139.268, -790.568
3.70482, 230.973, -573.677
4.38481, -819.095, 763.537
4.44879, 611.676, 185.439
2.81534, 596.082, 294.767
7.30792, 183.674, 956.69
3.75349, 726.43, -338.645
6.85376, -679.152, -61.9618
2.85991, -918.035, 426.217
2.70653, -622.97, 576.023
3.46378, 361.666, -523.341
3.86708, -310.205, 302.878
7.4007, -952.619, -365.43
3.60607, 323.904, -535.513
6.43119, -875.502, 855.775
4.42306, 300.415, -421.868
3.78593, 479.563, -636.753
3.91087, -945.735, 64.8564
7.33834, 867.924, -35.0162
4.22841, 767.141, 171.666
3.45922, -982.984, 737.5
5.05037, -548.246, -375.14
5.21857, -557.486, 633.962
5.72333, -639.51, -615.333
3.89738, -10.6006, 789.181
3.41887, -296.646, -719.053
2.71579, -844.296, 372.542
3.98408, -501.549, -263.251
4.25548, -231.469, 140.499
7.09372, -421.54, 724.582
5.81225, 507.128, -363.151
5.08041, 866.42, 585.391
4.03763, 615.336, 587.476
3.0007, -352.424, 154.971
3.47502, 379.753, -880.664
4.11407, 31.3379, -131.416
5.56182, 963.267, 86.7662
5.13511, 960.578, -983.536
3.45653, 258.159, 284.456
4.7178, -641.968, -424.394
4.48693, -708.858, 853.995
6.28051, -606.695, 744.779
6.6213, 736.581, 602.608
5.51573, 142.073, -344.841
3.04573, 609.502, -828.297
4.11797, 486.73, -165.359
5.03403, 8.64845, 318.406
4.76521, -648.235, 799.795
4.77315, -180.656, -458.851
4.91125, 918.509, 911.497
5.07896, 369.239, -651.157
4.50207, 201.961, 822.191
4.22945, 964.19, 484.257
6.64533, 931.351, -241.494
3.02204, -732.048, -797.657
6.40057, 585.512, 567.697
3.19919, -297.495, -239.287
2.62171, -798.055, -517.943
6.0664, 406.728, -753.968
7.15538, 152.387, -823.173
7.47667, 182.934, 174.522
3.86264, -879.989, 152.94
3.6923, -474.62, -256.391
3.87328, 962.144, 619.776
5.70836, -908.234, -730.745
5.17637, 310.405, 155.069
6.8967, 834.685, -296.609
6.75968, -668.983, -836.876
2.98004, 907.462, -37.1381
4.66818, -748.69, 202.036
3.17045, -204.877, -756.89
5.86802, -165.881, 311.155
5.34964, -53.6537, -477.659
3.66474, -622.763, 564.798
5.50306, 266.355, -688.99
2.6551, -802.563, -27.8576
7.08512, 568.349, -311.69
3.82958, 862.542, -176.437
6.50016, -184.282, -509.751
5.46389, 168.379, -720.747
5.0822, 352.833, 623.541
5.2567, 320.711, 642.843
3.47225, 505.554, -233.89
5.36152, 122.96, -742.754
3.81992, 213.084, 402.34
4.41648, -765.544, 539.492
2.73626, -755.57, -897.534
4.22823, 589.226, -672.606
3.61594, 675.168, -434.568
3.81264, 17.4496, -735.921
3.05141, -429.697, -402.836
7.40088, -705.469, 19.4562
5.93794, 795.008, 635.803
5.82158, -547.534, -381.998
5.99501, -601.509, -672.696
2.68746, -835.704, -774.623
3.6706, -629.329, -745.804
3.95397, 719.267, 693.763
3.50543, -37.4766, -257.751
2.7177, 373.26, 334.363
2.56571, -527.371, 519.278
6.07297, -526.922, 765.461
6.88348, -871.675, -628.243
5.35088, -886.565, 269.725
6.92743, 865.492, 868.817
5.20042, -356.747, -279.769
3.31357, 929.678, -646.943
3.30492, 964.783, 440.658
7.19182, 317.97, 287.068
3.45628, 553.544, -851.522
3.15761, -1.00686, -101.598
4.41122, -313.179, -5.892
6.12674, 258.108, -264.034
2.50651, 545.441, 870.31
4.60222, 24.8047, 736.869
5.18984, 306.463, -214.172
4.86596, -238.545, 247.004
6.33003, 541.036, 874.553
2.9396, 555.123, -467.478
7.04284, 134.662, 323.481
3.20818, -873.797, -396.515
2.54782, 434.19, -51.1502
2.82267, 239.088, 525.178
4.96742, 381.62, 222.368
5.40914, 530.022, 978.575
4.03373, -947.782, 544.65
4.57091, 910.862, -71.8367
4.33401, -575.208, -688.062
3.42687, 183.338, 668.161
2.76788, 644.132, 167.308
4.47222, 540.598, -65.3288
3.98388, -347.742, -132.24
5.05388, -396.086, 820.297
3.75392, -700.855, 229.998
5.01589, 963.107, 885.651
2.51168, -12.6942, 793.368
7.01807, 995.177, -447.965
2.79181, -906.416, -947.213
5.17506, -686.678, 805.34
3.95754, -379.664, 874.215
7.3023, -810.472, -273.778
4.73406, 320.279, -109.137
5.08479, 893.598, 167.942
5.93861, -254.543, 24.1057
2.72187, -160.579, 75.498
7.2946, -797.605, 606.468
5.70852, 365.098, 155.985
2.80215, 628.861, -779.989
3.33964, 49.347, 267.992
5.76491, 487.595, -248.191
6.19864, -769.226, 337.27
3.57011, 858.273, 202.257
4.31441, 156.721, -872.453
6.56981, -647.956, 934.006
5.32057, 807.779, -470.524
7.45886, -40.3354, -896.277
6.5669, -763.572, 396.59
3.49157, -992.746, -22.8713
2.50003, -157.965, -849.812
4.62608, 942.594, -778.573
4.07406, 837.883, 198.068
5.56218, 606.649, -932.888
3.83351, -200.591, -543.763
4.39881, -594.892, -61.5756
5.43397, 962.102, 299.575
5.95636, -141.373, -513.587
7.26736, -458.408, -571.243
4.89785, -292.948, -953.367
3.60319, 376.899, -728.975
5.33741, -723.696, -447.985
6.09873, 431.255, 363.733
4.4953, -494.357, 557.652
3.48326, -693.102, 990.941
6.66971, -674.695, -758.037
5.59561, -447.618, -872.817
7.26866, -293.189, 174.043
3.23222, -14.3232, -277.8
5.38953, 39.8543, -459.39
7.26796, -392.705, 720.609
3.62331, 721.016, -979.822
7.25137, -493.299, 802.799
3.07874, 794.662, -516.743
2.58372, 29.869, -260.478
3.90465, -356.762, -168.546
7.15042, 642.802, 170.161
3.04796, 748.091, 872.22
6.77266, 29.523, 828.259
5.68532, -725.821, -731.687
5.63853, 407.969, -710.311
3.80589, 724.564, 744.668
5.13936, -950.905, 218.614
7.16608, -271.481, 909.604
3.98055, 922.592, 102.569
4.78006, 156.359, 454.38
6.35659, -656.301, -618.019
4.17193, 101.759, 117.824
6.31775, -39.5994, -941.43
6.65892, -30.1557, 942.54
2.64618, -725.064, 568.043
4.31315, 714.847, -267.354
4.16221, 283.75, 461.338
3.17675, -518.318, -302.492
3.00839, -306.269, 623.465
5.11327, -609.519, 814.05
3.52046, 30.6511, -533.575
5.00728, -866.372, -630.065
5.1371, 1.5185, 961.482
4.13422, -268.033, -292.85
4.75888, 226.377, -444.179
6.85263, -7.30392, 982.938
4.72884, 644.678, 865.028
6.03726, -458.648, -917.969
6.83171, 913.768, -699.041
6.5822, 868.841, 219.974
2.67504, 894.013, 838.047
3.8644, -653.106, -236.869
5.21858, -422.477, -430.715
3.19942, -987.576, -542.891
5.57408, -777.57, -935.896
3.29182, -689.346, -605.203
4.41129, 99.2846, 220.961
5.94997, -94.4318, 189.332
3.21128, -389.769, 461.481
5.65284, -784.867, 793.278
3.15973, 198.431, 936.039
7.13583, -741.8, 254.175
5.53465, -938.797, 784.6
5.50388, -922.042, 371.934
3.33635, 590.901, -528.897
3.301, -863.995, -400.844
5.91628, 622.825, -29.4536
5.1456, -713.236, -13.47
3.65264, -133.262, 808.957
6.55373, -502.301, -57.9582
5.76477, -420.108, -560.272
4.08597, -555.051, -585.562
2.53953, -262.216, -815.144
3.49176, 731.156, 737.39
3.78831, -8.09309, 381.784
3.03825, 889.518, 38.6162
3.49545, 131.638, -433.902
6.75079, 803.754, -771.637
6.63912, -983.413, 208.727
6.76813, -960.326, -553.367
5.71027, 286.362, 779.173
3.6787, 725.098, -986.031
6.80638, -502.67, -808.8
5.4745, 36.5932, -103.145
2.52745, 506.666, -31.0265
6.84925, -662.187, -474.988
7.37729, 649.195, 106.013
5.59653, 378.599, 13.9747
3.85574, -940.446, 380.989
7.46973, -159.855, -633.387
4.60751, -722.49, -529.189
4.20537, -794.402, -615.076
4.80717, 365.396, -137.008
4.44822, 263.934, -379.805
4.613, -49.5356, 515.247
2.84879, 131.586, 288.048
5.5153, -57.4882, -127.693
7.36114, -49.7303, 230.358
5.07406, -696.883, -534.858
7.45461, 954.415, -137.572
5.84906, 630.262, -144.149
4.01716, -605.558, 70.2836
3.47371, 874.156, 567.685
4.0109, -710.393, -936.138
4.93946, -335.138, 461.021
4.72438, 532.716, 985.812
5.7844, 320.166, -940.218
3.74227, -778.954, -669.018
4.72007, 54.7797, 555.527
5.75894, -691.994, 52.484
6.67472, -714.226, 189.402
6.03698, 195.893, 815.565
4.93928, -870.426, -603.864
6.72039, 399.522, -238.423
7.00296, -501.411, -185.037
6.33082, -651.47, -525.634
5.29453, 629.247, 849.344
2.70603, -15.809, 85.4102
5.46749, 563.873, 65.8086
2.68674, -679.005, 825.177
4.53488, 24.2161, 436.975
2.84243, -975.236, -881.501
7.38558, -776.61, -882.423
2.5956, -516.571, -234.218
6.60363, -157.135, -268.46
5.2195, -379.767, 875.156
5.72828, 791.132, -332.658
3.62934, -260.73, 54.2349
2.733, 829.459, -696.009
3.63154, 213.763, -555.31
4.58371, -633.595, 135.042
6.40126, 265.7, -631.329
3.72852, -922.504, 385.612
4.81411, 657.218, 90.504
6.14756, 928.552, 290.936
5.35237, -330.608, 815.318
5.45997, 929.719, 920.397
4.98425, -942.084, 280.735
3.951, 491.3, 110.478
4.71107, -3.56582, -227.125
2.53669, 854.024, -396.232
7.41683, 494.98, -358.287
2.52822, -808.766, -148.145
4.8676, -102.977, 736.147
5.86497, -310.678, -122.186
