6.27803, -736.601, -997.761
3.5948, 64.6438, -89.837
5.89648, 358.545, -904.893
5.09708, -233.705, 871.346
2.76731, -931.561, 660.253
2.53849, 338.653, 57.6216
4.58743, -863.373, -232.811
7.15218, 178.139, 374.223
2.95982, 52.9769, 692.196
6.00595, -165.612, 311.555
3.81226, 525.564, 819.557
4.14117, 471.984, -903.786
7.45519, 511.739, 263.916
7.41275, -508.649, -273.843
5.75759, 505.789, 444.649
6.92354, 262.974, -853.257
6.33247, -125.621, -453.997
3.87453, -521.567, -46.2091
4.93259, -671.374, -295.829
2.80282, 819.245, 793.389
5.08146, 8.59568, 807.539
4.96988, 971.497, -362.288
7.23882, -817.192, -468.067
4.42071, -4.41954, -845.429
5.14874, 826.386, -446.803
2.75042, 880.536, -69.0644
6.63909, 540.612, 527.129
5.94228, -965.73, -748.168
6.18112, 259.022, 735.981
6.94286, 995.263, 450.566
4.25508, -385.479, -534.038
6.72991, 182.305, 26.3692
3.84659, 670.012, -166.379
4.83959, 73.8184, -170.629
3.2686, -644.114, -422.724
2.66527, 607.128, 142.858
7.2768, -4.09206, 70.2436
6.95369, 109.5, 495.644
3.29884, 682.46, 248.887
3.15214, 429.174, -573.813
2.515, -451.29, -817.335
6.0491, -954.291, -175.328
3.40448, -517.901, 873.765
5.76029, 773.388, -363.779
4.42907, 363.609, -698.972
3.23766, -2.15822, -225.865
5.45054, 688.038, 173.63
3.24076, 114.93, 910.212
3.2091, -182.108, 965.194
4.94257, -494.748, 128.937
3.13015, 916.548, -72.1896
5.64635, -360.364, -599.26
5.60817, 301.865, -745.198
4.88216, -502.74, 604.825
2.64188, -589.246, -228.094
3.21011, -144.635, 802.332
3.15594, -179.913, 893.328
3.31099, -817.198, 766.848
3.76529, -268.919, -856.027
4.77654, 568.763, -731.433
6.54472, -95.0417, -300.55
3.57624, 302.968, 861.59
3.75063, 817.323, 360.963
5.02978, -57.7406, 721.278
6.27922, 635.004, 196.194
5.66369, 903.045, -73.177
5.9449, 645.524, -123.634
7.27207, 972.674, 405.98
5.18713, -422.009, 705.245
4.57014, -788.375, 34.2593
4.70019, 752.395, 154.186
6.07821, 737.675, 459.16
6.20858, 411.525, 600.139
5.12494, 771.532, -960.954
6.06711, -868.16, -73.6928
5.91025, 334.932, -21.9345
6.82941, 832.708, -600.155
3.19597, 86.9103, 778.271
3.57766, 975.937, -99.9094
5.0733, -367.141, -109.222
4.83766, -120.058, 759.262
3.55759, -268.809, 612.688
5.65244, -692.785, 994.542
2.5044, -991.253, 226.283
4.09589, 453.958, 545.819
5.90281, 364.257, -161.401
6.0446, 672, -588.625
2.90869, -810.032, 656.457
3.56926, 261.198, 529.982
4.44412, -836.593, -572.294
4.44927, 896.963, 903.664
3.92018, 383.705, -461.348
4.6123, 566.611, 552.82
2.55658, -604.815, -438.653
3.72027, 957.101, -617.991
4.49072, -725.225, 641.687
6.64177, -646.764, 201.755
3.78584, 974.594, -685.445
3.59705, -799.383, -532.664
6.47385, 391.246, 269.165
5.8476, 504.67, 392.164
5.49108, -889.443, 276.71
5.99917, -362.881, -544.681
5.13062, 525.741, -763.715
4.14833, 179.472, 105.011
3.30844, -714.207, 404.789
6.56633, 719.574, -28.9321
4.08004, 478, 114.461
4.05369, 56.1264, -730.175
4.65424, 35.8546, 173.76
4.46509, -249.902, -477.808
4.43916, -48.6718, -109.317
4.34871, -841.368, -442.101
5.88118, 343.365, -492.643
6.10384, 455.577, 27.9765
7.20082, -73.6551, 892.134
5.08573, -79.2673, -357.173
5.5282, -195.423, 322.828
5.85049, -697.195, 974.891
5.11404, 82.4515, -310.928
3.87105, -965.71, 654.705
7.08924, 93.171, 285.621
3.73367, 938.044, -465.287
4.77876, 386.713, 686.27
3.30374, -954.946, 637.333
4.68319, 414.711, 412.121
7.45767, 501.347, 166.361
6.26931, -440.255, 391.183
4.97846, -989.243, -656.794
7.01651, -666.617, -839.745
4.68213, 493.019, 564.344
5.09239, 169.091, -985.377
4.44866, 88.1137, -864.404
5.63431, -226.564, -568.213
5.19331, 417.243, 318.111
4.35955, 632.068, -439
2.54674, -370.537, 365.817
6.3794, 41.5701, -790.876
2.85317, -888.492, -559.519
3.98511, 446.547, -679.521
4.78581, -39.8901, -899.551
3.25156, -97.6145, 40.8984
5.97819, 667.786, -429.254
4.15587, 371.13, 160.516
5.21197, 972.496, -883.415
2.64678, 714.815, -992.713
5.38086, -20.9855, -241.667
5.18133, 362.108, 476.296
7.36678, -756.007, -927.168
5.57063, -297.565, -621.866
5.26431, -747.04, 214.035
6.69051, -281.673, 906.986
3.75764, -483.833, 943.973
6.98957, 631.683, -146.678
5.97428, 518.025, -507.921
5.82752, -472.891, -95.9566
3.06838, -580.395, -768.086
3.37987, -985.247, 94.3168
2.91253, -136.169, 197.272
6.68103, -248.37, 373.478
2.64818, 943.079, -757.468
6.34719, -5.23979, -846.815
4.29829, -500.994, 867.096
6.24626, 1.11983, 536.785
6.28385, 362.975, 342.788
3.60834, -538.398, -925.477
5.58305, 305.166, 126.169
3.66846, -550.039, -255.354
6.22052, -668.657, 305.008
5.80997, -907.409, -682.599
4.9209, 900.88, -748.498
2.58972, 828.055, 240.651
4.98291, 444.911, 191.579
5.09587, -114.461, -890.227
4.71395, -874.247, 534.077
4.14528, -63.299, 952.091
3.52671, 485.873, -107.748
7.19863, -253.131, -655.153
2.85168, -499.762, 927.414
3.30042, 52.248, -750.121
6.70788, -789.967, 31.2598
4.13614, -155.991, -267.55
6.85942, 155.518, 427.234
5.99896, 672.398, 516.249
5.52801, 869.872, -221.204
4.77536, 79.2204, -272.446
2.91543, -520.856, -183.714
3.94883, -55.1345, -153.483
6.51009, -568.762, -788.65
6.81821, 337.1, 56.5281
3.81831, 422.353, -511.865
4.79881, -837.096, -235.029
4.95672, 599.695, -528.502
5.82344, -467.547, -991.643
7.31738, -626.554, -151.407
7.23022, 588.094, -733.087
2.81902, 223.6, -656.483
5.04829, -407.295, -309.536
6.13222, 668.504, 654.086
5.65882, 602.638, -340.24
3.26658, -916.312, -909.001
5.09652, -869.303, 540.809
3.52281, -557.89, 856.765
6.03231, 399.661, -821.474
6.05786, -475.579, -12.686
3.66304, -588.396, -239.069
6.80594, -65.9792, -133.705
2.67122, -110.274, 952.615
6.26587, -936.126, 49.4029
4.14789, 644.266, 179.092
4.65309, 72.2723, -534.853
7.33455, 971.759, -193.221
4.05803, 734.136, 698.561
5.69762, 991.915, -702.183
5.95386, 865.448, -62.9136
5.36403, 81.4446, 629.858
6.60667, 891.065, -682.519
4.21807, -909.926, -684.613
5.09387, -808.131, -777.887
6.78438, 122.736, -953.345
6.18587, 347.717, 36.6065
3.45992, -949.964, 393.166
2.83145, -308.198, 341.285
3.60828, 847.094, -720.942
3.33656, 171.286, -237.596
6.31172, 382.121, -941.81
5.44905, -844.457, 425.971
4.65223, 859.453, 851.796
7.09618, 661.573, 12.0391
5.09668, 446.379, 197.617
7.38058, -677.878, -19.7038
5.15714, -453.266, 147.947
2.98716, 334.136, 395.15
5.83983, 220.029, 98.0156
5.44444, 141.354, -17.6993
5.01137, -702.952, -109.931
2.75808, -934.733, 461.363
2.6753, -350.952, 32.9839
4.41484, -785.624, -511.239
5.55555, 192.326, 103.593
5.06574, 541.187, 875.994
5.98498, 301.291, -26.5264
4.89891, -25.7889, -185.186
3.88323, 68.3727, 421.316
6.01685, -439.511, 210.285
3.67701, 875.752, 59.6697
6.41501, 191.725, -174.329
6.60589, 361.928, 838.844
3.21842, -537.697, 54.1616
5.75757, -493.839, 803.002
3.87677, 870.887, -988.457
7.26215, -437.679, 716.889
4.58238, -753.01, 13.8235
3.03869, -126.855, 404.186
4.70633, -799.378, 531.989
6.28811, -415.705, -304.439
2.77803, -338.54, -321.618
3.51241, -28.7602, 145.641
6.82305, 945.829, -782.881
6.52456, -265.338, -14.3091
2.78861, -680.147, -674.42
4.40304, -64.0111, -701.431
4.56124, -149.282, 766.371
2.80071, -382.517, 302.547
7.09746, 798.593, 637.081
3.35398, 539.153, 803.153
6.51634, -935.099, 148.255
3.88599, 723.413, 45.1042
4.44586, 173.28, 738.65
7.19936, 52.0915, 623.696
6.24573, 160.244, -161.826
3.44774, -324.388, 760.77
6.89581, 437.04, 485.72
6.8953, 419.113, -852.548
3.30515, -813.681, -268.374
5.87346, -805.874, -166.356
6.89096, 626.821, 125.839
6.98262, 265.635, 533.526
3.06535, -26.214, 755.821
5.93789, -233.889, -247.663
3.21651, -843.475, -759.127
3.6901, 415.893, -44.6679
5.64383, 949.669, -218.022
4.312, 817.167, 362.126
4.64437, 588.525, 718.048
4.91936, -7.82501, -845.601
6.20379, -1.46521, -101.95
3.23098, -396.349, 866.419
7.36238, -837.39, -777.194
7.3158, -518.946, -189.836
3.14741, -602.69, 666.065
5.3784, -320.664, -607.114
4.66439, 170.936, -120.97
5.50066, -240.029, -261.63
5.85098, -700.771, -137.483
4.5137, 396.307, 989.442
6.46691, 639.515, 696.887
4.89889, -978.829, -251.135
5.72449, 294.728, 277.436
4.28836, -245.727, 598.602
5.96794, -330.959, -220.877
5.83428, -416.968, -707.866
3.22071, -373.747, 709.734
7.10415, -984.665, 212.718
4.22228, 32.5822, -235.931
6.66824, -416.864, -470.946
2.74349, 269.873, -749.571
3.27936, -246.721, -76.0972
2.55765, 331.647, 510.467
3.94327, 121.438, 589.317
5.07295, -352.664, -170.815
3.65948, 683.446, 438.027
2.75022, -241.538, -66.8019
5.33091, -595.363, -849.667
6.69774, -154.03, 669.16
4.28763, -641.331, -421.767
4.3452, 169.26, 870.677
7.22226, 255.924, -73.6475
4.72425, -905.364, -184.655
6.82086, 495.541, 189.615
5.82654, -789.995, -737.152
5.79297, 163.503, 666.124
7.10736, -961.176, 963.067
5.11536, 939.144, -614.07
5.45229, 439.391, -442.244
5.79944, 668.789, 671.091
4.24765, 292.662, 460.417
4.11714, 333.893, 62.321
7.08984, -112.656, 738.746
3.08619, 903.587, -446.363
7.31268, 676.165, -171.075
5.17978, 46.4468, -332.695
5.81447, 857.287, 635.413
5.48362, 887.15, -508.742
6.93363, -506.126, -746.865
6.67999, -671.511, -607.583
6.69339, 246.612, 204.143
6.85642, -215.507, 341.847
2.5002, -768.797, 334.476
4.77274, 258.051, 351.34
4.25696, -933.774, 151.077
5.80713, -258.118, 709.503
6.22234, -872.933, 152.827
3.3821, -117.767, -444.944
7.4621, 794.493, -814.703
5.95466, -933.218, 175.284
6.97862, 140.783, -19.3166
3.51579, 375.192, -131.444
7.2356, -456.127, -36.4816
4.88476, 898.466, -506.831
6.78578, 922.066, -746.403
6.41237, -982.807, -561.544
5.70687, 915.5, -903.024
3.14521, -725.008, 147.531
5.77944, 3.99272, 649.593
3.09199, 53.0407, 9.70285
3.88793, 336.572, 805.012
6.65548, -219.351, -226.943
6.14153, -752.496, -513.672
6.74348, -597.764, 295.969
3.43989, -785.719, -949.283
6.09602, 558.669, -278.645
4.25586, 160.885, 332.604
3.34555, -415.866, -687.011
4.52383, 340.138, -550.344
4.20924, 158.961, 771.825
6.67141, 395.709, -125.548
3.9111, 698.043, 584.067
5.16766, -673.092, -477.383
6.25085, 995.351, -853.092
4.62554, -684.398, -763.322
4.66964, -570.947, 546.936
3.03022, 858.131, -932.952
6.4639, -37.4187, -466.707
3.91232, -572.897, -484.09
7.14264, -580.354, -237.064
5.37926, 238.772, 521.755
3.4895, 816.776, -288.48
5.99081, 575.522, -758.572
3.07265, 495.58, -961.208
4.22945, 307.623, 788.513
4.15646, -581.482, -237.859
6.42735, 828.521, -963.014
6.65775, 459.724, -212.916
4.21712, -740.225, 755.236
4.2603, -274.845, 886.434
6.38197, 145.721, -834.355
6.58658, -12.968, 688.169
4.26157, -130.065, 285.511
7.09559, -433.471, -301.32
3.2877, 490.416, 253.061
5.56029, -489.174, 563.646
5.54222, -373.903, 710.122
3.16647, -252.228, -746.738
3.51409, -746.623, -477.146
4.79457, -857.358, 501.126
3.48759, -528.522, 927.195
6.77118, -839.655, 372.501
6.54562, -759.624, -693.618
2.80131, -907.658, 887.02
6.50584, -718.021, 656.803
5.49597, -193.159, -543.942
7.43182, -891.562, 308.689
2.65919, -163.657, 638.009
6.8356, 946.551, -774.314
3.69109, 669.093, 347.618
3.6127, 177.267, 432.449
4.73907, -991.975, -541.831
2.61231, 861.33, -172.643
6.79755, -252.314, 22.9923
4.15902, 213.854, 590.854
5.72195, 306.838, 249.479
7.43521, -946.429, -482.423
5.30162, 284.609, -584.041
4.74553, -758.267, -246.202
5.213, 171.54, -716.468
2.90797, 773.119, -32.8076
3.99606, -803.528, -272.698
6.63964, 823.986, 680.71
6.48936, 625.938, 938.539
5.71048, -102.935, 679.703
4.84105, 631.016, 386.972
7.15326, -197.656, -611.148
5.08798, -249.13, -70.8852
7.42924, 798.181, -541.906
5.94567, -81.7595, -724.322
6.19966, -181.098, -444.9
3.46323, -392.381, -935.737
6.08881, -451.184, 625.335
6.11146, 570.055, -181.724
6.49298, 266.249, 153.924
4.23216, 255.42, -997.754
5.1481, -15.7326, -58.3085
3.19001, 715.886, -361.713
6.73218, -225.516, -204.844
6.32766, -85.0489, -885.977
7.5, 923.527, -416.727
4.24891, 483.106, 995.199
5.50367, -601.314, 591.828
3.50808, -496.326, 84.8185
6.2385, 28.1691, 152.066
6.49225, 977.347, 216.175
3.03505, -706.237, 109.377
5.35813, -507.249, 47.3977
2.84683, 358.357, -333.079
4.16036, 749.792, 689.365
5.80945, 487.299, -708.499
5.27726, 172.888, -195.36
7.12415, 228.959, -11.7337
2.69832, -486.329, 227.038
2.62083, -312.101, 240.594
4.61923, 214.675, -656.998
4.36987, 460.793, 136.319
2.93303, -236.587, -260.552
3.05403, -162.64, 166.678
5.31992, 369.092, -348.637
7.37269, 62.2501, 742.78
3.05066, -48.0559, -881.685
5.99352, 99.0421, 982.36
2.79674, -50.2379, -743.75
4.69755, 835.622, -108.806
5.24651, 992.948, 716.399
3.45129, 691.839, -750.668
7.36597, 313.487, 327.759
3.19593, -676.431, -72.647
5.48978, 942.644, -432.896
7.12812, -873.386, 704.23
3.91116, -75.0104, 891.142
6.8307, -139.805, -81.039
6.29598, -228.795, -601.421
6.10793, 352.877, 623.982
3.34241, -377.186, 370.506
3.32882, 838.671, 374.862
3.39076, -647.39, -990.665
5.87226, 335.855, -602.796
4.83484, -355.326, 40.1092
6.85219, -811.608, -358.22
5.76023, -696.575, -117.495
5.80464, 763.265, 882.047
2.58037, -660.826, -595.866
4.30596, -779.983, -668.162
3.72747, 925.853, 120.346
6.93086, -938.279, -950.847
5.23701, 825.345, 773.417
6.57209, -26.249, -652.411
5.24453, 173.675, 868.97
4.16156, 506.431, -55.9907
4.40213, 24.8959, -654.847
2.52389, 932.578, 655.258
6.95226, -90.6503, -397.297
6.16955, -498.057, 686.312
6.04239, -153.715, 669.754
5.1278, 54.1968, -187.498
6.41065, -191.764, -815.668
3.42484, -385.275, -470.451
5.72673, 244.59, 511.413
3.42178, -690.084, -343.764
3.31214, 64.1739, -84.8325
2.65594, -181.921, 850.779
7.42716, 130.304, -665.587
4.04559, -332.14, -717.988
4.11075, -668.471, -297.942
5.51155, 288.048, -232.928
2.89107, -329.589, -923.35
3.93936, -18.7962, 88.7373
5.79307, -122.603, -493.893
7.36348, -994.273, -349.006
7.27758, -363.193, -796.881
7.42745, -671.133, -289.69
7.30478, -914.571, -764.685
3.0073, -558.818, 568.968
3.71505, -126.142, -490.288
6.91151, 98.8651, -433.812
5.28805, 340.673, 701.583
6.7669, 803.211, 515.901
7.49145, -534.982, 522.708
3.99751, -257.821, -481.824
6.33157, 980.225, 488.885
4.81901, 284.053, -143.345
6.8168, -636.255, -793.693
6.99018, 861, 5.45243
7.377, 258.024, -416.91
2.77405, 661.166, 79.3037
6.32605, 948.919, -618.399
5.09219, -934.132, 739.475
3.46574, 932.423, -243.168
6.98252, 195.2, -543.14
6.38492, -831.471, 98.3429
2.75968, 416.169, 541.548
7.47331, -854.925, 765.966
5.93659, -2.1948, -459.447
5.94854, 888.45, 496.796
6.57666, -657.336, 821.051
7.05426, -36.5563, -435.949
3.34218, -201.384, 404.844
5.24183, -580.103, 804.324
6.53351, -481.111, -252.31
4.17803, 320.131, -531.394
5.53435, -100.922, 40.08
6.59602, -953.725, 334.103
7.3485, 85.9998, -247.546
6.29349, 585.261, 492.916
3.72113, -183.831, -93.0765
5.80589, -572.237, 403.808
4.21574, -447.903, -186.473
7.27146, 376.22, -396.511
2.60828, 803.898, 555.918
4.54979, -892.056, 947.234
2.55789, 591.052, -673.047
3.04964, 841.832, 201.229
5.28259, -850.797, 91.3152
4.45466, -32.2204, -235.02
7.20539, 117.982, -182.687
2.55572, 179.295, 396.214
6.22897, -223.84, -435.349
3.84293, 109.748, 128.954
4.27153, -679.854, -760.21
3.45835, -465.726, 617.026
5.14832, 295.951, -170.205
4.39478, -58.7922, -855.087
3.16407, -12.9092, -802.679
4.26563, -124.87, -565.86
4.2497, 783.968, 986.199
7.41084, 611.243, -120.689
5.25961, 150.797, -386.433
4.99918, 13.4325, -714.02
3.58531, -834.676, 457.693
4.37311, -231.546, -652.168
6.78251, -662.952, -472.568
6.45578, 788.791, -510.302
3.9204, -491.438, 929.104
5.07645, 437.506, 100.444
6.79238, -294.318, -25.554
7.07844, -946.667, -172.855
7.48941, 136.693, 917.158
6.53177, 172.346, -194.844
5.22718, -905.516, -184.578
7.3461, 149.73, -737.878
5.31931, -585.309, 362.643
4.03031, -415.496, 660.401
5.41853, 967.506, 953.838
2.91197, 55.5035, -332.489
5.47382, 354.941, 624.141
3.31968, -598.781, -591.677
6.46527, -610.109, -436.616
2.95373, 578.877, 741.43
6.3072, -505.533, -679.822
6.83996, -219.172, 32.8627
6.40105, 192.249, -334.483
6.61399, 908.625, 970.966
6.70974, 372.624, 553.491
4.48328, 532.877, 256.221
6.508, -159.562, 170.177
6.56811, 380.902, -44.2051
5.43493, -410.01, 101.381
4.64621, 796.344, -50.478
2.5002, -68.7326, -479.411
5.31153, -815.584, 316.549
6.22632, 335.909, 355.9
3.89846, 965.159, 298.457
2.93406, -987.593, 565.183
3.5733, 853.482, -880.975
3.93296, -493.59, 555.156
4.86595, -407.115, 475.538
6.95893, 845.506, 819.896
5.91955, 507.257, -500.132
3.54376, -50.931, -65.4223
6.67533, 794.583, 12.2028
7.09218, 941.707, 917.576
4.48244, -474.725, -701.572
6.37858, 541.726, 538.382
5.68161, -161.693, -90.6579
6.64746, 483.615, 292.443
3.40204, 558.973, -458.003
7.45927, 579.627, -765.529
6.70558, -150.809, -845.02
4.65177, 888.688, 266.303
4.38589, 596.825, 890.425
2.70802, 655.947, -505.888
6.80715, -808.297, -540.19
6.62116, 911.78, -907.602
6.25052, 16.8104, 733.925
3.55801, -165.168, 994.231
4.31029, -781.924, -192.325
4.43545, -591.527, -803.838
7.32918, 805.217, 640.678
6.5872, -168.384, 631.008
4.5755, -82.48, 449.461
5.83759, 206.005, 184.216
2.52101, 477.495, 975.362
6.98048, -742.428, 255.275
3.68416, -343.434, 355.331
3.79415, 359.722, -96.2078
5.4939, 407.305, -708.374
6.89823, -846.075, 379.182
6.16299, -565.669, -592.485
6.0773, 914.185, 570.805
3.57724, -608.635, 481.038
6.30413, 678.556, -958.256
3.85351, -160.338, -560.915
2.75246, 667.989, 343.189
4.78866, 268.548, 245.667
2.58759, 449.388, -779.507
3.01129, 75.445, -175.426
2.639, -129.27, 280.966
5.65921, -340.733, -515.542
6.34425, 84.3137, -246.575
2.74132, 525.573, -840.936
6.6924, -58.2464, -630.686
6.76899, -263.113, -320.992
6.57649, -444.467, 573.94
6.85188, 795.218, 405.864
5.27222, -634.389, -172.478
6.12646, -296.435, 60.0612
3.20424, -527.811, 938.78
6.6115, 601.371, -530.32
5.51185, 734.236, -197.495
4.93856, 509.242, -921.198
6.14942, -288.673, 954.052
4.05164, 757.625, -669.377
3.93925, -699.342, 354.283
5.45857, -953.711, 811.324
5.34055, 656.8, 886.515
5.41059, -928.437, -579.001
2.84132, -689.522, 283.215
4.34304, 153.039, -381.539
6.28475, -937.579, -576.307
6.35297, -446.955, -875.415
4.27217, -394.101, -252.217
5.98913, 243.339, 932.973
5.08005, -684.486, -303.865
5.94494, 391.688, 131.731
6.18066, -82.1821, 615.66
2.56231, -343.707, -675.395
7.16549, 605.155, -122.912
5.37826, 133.692, 126.565
3.05587, 458.844, 974.825
4.87388, -109.387, 24.6944
3.24247, 173.311, 93.8653
4.22594, 50.9654, 450.07
7.04476, -933.161, 184.14
4.54571, 15.4598, 516.234
5.96642, -678.871, -76.7705
3.35865, 383.318, -934.072
6.21715, 893.508, -504.38
4.16319, -423.595, 641.237
4.62157, 668.205, 311.423
2.79523, -137.249, -115.526
5.09005, 282.214, -240.031
5.94425, 474.78, -581.591
5.01149, -258.12, 22.4496
6.56617, -169.064, -751.645
3.07974, 81.6582, -939.95
5.24841, 266.443, 465.549
5.06046, 411.966, 21.3658
6.02649, 953.168, 441.686
5.65083, -236.785, 890.248
4.0207, -23.9772, -633.648
6.74719, 400.17, 372.294
3.39619, 602.121, -20.2683
2.61737, -530.896, -100.286
4.19467, 740.855, 54.2633
3.43818, 350.484, -84.5851
6.60467, -286.288, 190.565
6.72507, -895.768, -156.068
6.78031, 845.565, -719.872
7.37454, -954.697, 640.521
2.99587, 470.474, -448.488
2.56182, 564.454, 657.145
2.58614, 219.527, 585.95
2.64527, 252.518, 94.963
4.1031, 150.666, -389.944
6.17815, 627.852, 302.728
3.14876, 365.733, 475.315
2.5161, -367.956, 507.592
6.91905, 139.051, -791.109
3.70482, 231.585, -574.956
4.38481, -821.553, 759.107
4.44879, 609.649, 186.356
2.81534, 595.868, 295.215
7.30792, 183.713, 959.12
3.75349, 726.945, -338.063
6.85376, -680.692, -57.8984
2.85991, -919.182, 427.765
2.70653, -625.446, 578.208
3.46378, 363.384, -523.779
3.86708, -310.67, 302.853
7.4007, -953.507, -365.687
3.60607, 324.836, -540.231
6.43119, -875.968, 856.719
4.42306, 301.382, -422.407
3.78593, 480.379, -637.184
3.91087, -948.462, 66.0025
7.33834, 868.715, -33.8129
4.22841, 768.958, 172.848
3.45922, -984.803, 737.992
5.05037, -547.923, -379.698
5.21857, -558.269, 634.862
5.72333, -636.659, -615.748
3.89738, -10.2137, 787.895
3.41887, -296.554, -720.359
2.71579, -841.672, 378.96
3.98408, -503.453, -265.648
4.25548, -231.578, 140.895
7.09372, -421.313, 728.951
5.81225, 505.227, -362.654
5.08041, 867.061, 586.498
4.03763, 616.657, 588.667
3.0007, -353.243, 155.441
3.47502, 380.175, -881.101
4.11407, 31.5388, -132.317
5.56182, 965.391, 86.6153
5.13511, 961.508, -984.72
3.45653, 256.553, 285.387
4.7178, -650.158, -428.67
4.48693, -710.2, 855.663
6.28051, -607.381, 744.828
6.6213, 737.053, 602.629
5.51573, 141.974, -344.286
3.04573, 610.424, -829.798
4.11797, 487.427, -165.42
5.03403, 8.16785, 318.863
4.76521, -648.262, 798.417
4.77315, -181.366, -461.601
4.91125, 917.909, 910.055
5.07896, 369.629, -651.364
4.50207, 197.27, 817.144
4.22945, 962.387, 485.175
6.64533, 928.169, -240.122
3.02204, -733.193, -799.169
6.40057, 586.914, 569.245
3.19919, -297.686, -239.528
2.62171, -801.955, -515.594
6.0664, 407.189, -755.86
7.15538, 155.847, -822.381
7.47667, 181.179, 174.862
3.86264, -882.256, 152.889
3.6923, -477.893, -254.058
3.87328, 963.828, 620.285
5.70836, -909.37, -731.201
5.17637, 310.833, 156.257
6.8967, 836.859, -297.188
6.75968, -662.825, -840.719
2.98004, 910.139, -35.218
4.66818, -751.187, 198.607
3.17045, -205.756, -757.919
5.86802, -160.57, 317.417
5.34964, -53.4032, -480.809
3.66474, -624.213, 562.824
5.50306, 266.786, -690.04
2.6551, -804.013, -28.3197
7.08512, 569.089, -312.499
3.82958, 864.59, -179.209
6.50016, -185.01, -509.427
5.46389, 169.437, -724.538
5.0822, 359.226, 616.522
5.2567, 319.323, 644.559
3.47225, 507.446, -233.486
5.36152, 121.191, -743.56
3.81992, 214.047, 402.902
4.41648, -765.306, 539.826
2.73626, -754.592, -897.578
4.22823, 587.098, -670.639
3.61594, 679.649, -437.296
3.81264, 16.904, -737.834
3.05141, -430.278, -402.211
7.40088, -706.026, 20.3595
5.93794, 798.444, 642.404
5.82158, -547.991, -378.869
5.99501, -602.019, -673.258
2.68746, -833.569, -775.841
3.6706, -628.92, -745.734
3.95397, 717.286, 694.039
3.50543, -39.9554, -260.168
2.7177, 376.321, 332.395
2.56571, -534.103, 522.119
6.07297, -527.793, 765.582
6.88348, -870.939, -630.458
5.35088, -887.972, 272.305
6.92743, 866.05, 871.271
5.20042, -356.469, -280.167
3.31357, 930.101, -647.868
3.30492, 968.349, 440.25
7.19182, 319.531, 287.534
3.45628, 554.436, -853.017
3.15761, -4.89697, -109.438
4.41122, -315.63, -5.19511
6.12674, 257.777, -265.6
2.50651, 539.889, 875.086
4.60222, 20.7951, 735.789
5.18984, 308.36, -214.025
4.86596, -238.846, 247.4
6.33003, 544.856, 869.698
2.9396, 555.033, -470.184
7.04284, 133.526, 323.953
3.20818, -877.33, -395.506
2.54782, 436.602, -51.8777
2.82267, 239.961, 520.019
4.96742, 381.899, 222.506
5.40914, 532.984, 986.06
4.03373, -949.027, 544.902
4.57091, 918.055, -67.8637
4.33401, -574.436, -689.188
3.42687, 185.483, 669.125
2.76788, 638.692, 161.661
4.47222, 541.6, -65.4848
3.98388, -348.014, -132.016
5.05388, -396.341, 820.927
3.75392, -699.754, 230.38
5.01589, 965.37, 884.976
2.51168, -16.2038, 798.025
7.01807, 997.307, -448.243
2.79181, -906.023, -948.518
5.17506, -688.808, 804.91
3.95754, -384.642, 875.619
7.3023, -814.537, -272.218
4.73406, 319.678, -109.234
5.08479, 895.133, 167.668
5.93861, -256.205, 14.4385
2.72187, -160.639, 76.1876
7.2946, -798.316, 606.974
5.70852, 363.474, 155.581
2.80215, 630.525, -781.216
3.33964, 48.4584, 268.21
5.76491, 487.609, -249.602
6.19864, -769.503, 339.553
3.57011, 860.554, 200.571
4.31441, 157.428, -874.913
6.56981, -648.154, 934.986
5.32057, 807.814, -470.62
7.45886, -42.6906, -897.108
6.5669, -763.681, 397.692
3.49157, -994.227, -23.054
2.50003, -161.984, -854.382
4.62608, 944.604, -775.06
4.07406, 834.143, 194.869
5.56218, 606.934, -934.004
3.83351, -202.517, -544.357
4.39881, -595.107, -61.1235
5.43397, 967.199, 295.475
5.95636, -141.551, -515.687
7.26736, -459.428, -571.953
4.89785, -292.85, -954.891
3.60319, 375.845, -730.813
5.33741, -724.937, -446.968
6.09873, 433.341, 364.315
4.4953, -487.928, 563.961
3.48326, -689.57, 990.658
6.66971, -674.432, -759.547
5.59561, -449.448, -868.326
7.26866, -294.702, 172.258
3.23222, -14.375, -280.134
5.38953, 40.75, -460.079
7.26796, -392.255, 723.198
3.62331, 720.459, -977.566
7.25137, -489.941, 809.332
3.07874, 799.386, -518.324
2.58372, 29.6221, -262.566
3.90465, -351.503, -171.481
7.15042, 647.989, 167.912
3.04796, 746.405, 871.96
6.77266, 30.4902, 830.474
5.68532, -726.622, -732.385
5.63853, 409.047, -711.094
3.80589, 727.962, 743.114
5.13936, -950.994, 220.147
7.16608, -268.154, 913.768
3.98055, 923.509, 101.23
4.78006, 155.783, 456.752
6.35659, -656.633, -621.783
4.17193, 99.3644, 115.976
6.31775, -39.5365, -944.579
6.65892, -30.0602, 943.265
2.64618, -725.196, 568.38
4.31315, 715.492, -267.682
4.16221, 283.958, 461.143
3.17675, -519.31, -305.023
3.00839, -306.749, 623.718
5.11327, -610.072, 815.48
3.52046, 30.6561, -534.576
5.00728, -869.482, -630.903
5.1371, 3.11775, 961.82
4.13422, -269.279, -292.984
4.75888, 226.127, -445.359
6.85263, -7.43905, 986.089
4.72884, 645.869, 865.355
6.03726, -458.956, -920.03
6.83171, 915.488, -699.29
6.5822, 870.824, 221.406
2.67504, 896.063, 837.639
3.8644, -654.254, -236.368
5.21858, -422.847, -430.866
3.19942, -992.141, -547.09
5.57408, -779.517, -936.083
3.29182, -693.427, -605.65
4.41129, 98.9816, 221.193
5.94997, -94.3326, 189.549
3.21128, -389.002, 460.71
5.65284, -785.102, 794.677
3.15973, 199.578, 936.396
7.13583, -739.597, 250.778
5.53465, -939.49, 784.918
5.50388, -922.107, 370.53
3.33635, 600.493, -527.377
3.301, -863.521, -401.37
5.91628, 624.205, -29.9214
5.1456, -715.148, -13.984
3.65264, -131.884, 811.782
6.55373, -502.343, -58.2815
5.76477, -420.52, -560.932
4.08597, -551.724, -584.03
2.53953, -262.656, -816.142
3.49176, 728.265, 742.982
3.78831, -8.65993, 382.098
3.03825, 891.771, 38.7085
3.49545, 132.626, -435.538
6.75079, 803.754, -772.081
6.63912, -985.201, 213.859
6.76813, -960.38, -552.048
5.71027, 285.581, 779.834
3.6787, 728.67, -989.161
6.80638, -502.64, -810.101
5.4745, 36.9023, -102.31
2.52745, 507.365, -29.8363
6.84925, -663.166, -470.958
7.37729, 650.251, 106.61
5.59653, 379.389, 13.5166
3.85574, -943.686, 379.957
7.46973, -159.083, -635.02
4.60751, -723.539, -530.197
4.20537, -794.921, -615.5
4.80717, 362.883, -137.807
4.44822, 264.484, -379.191
4.613, -50.4135, 515.473
2.84879, 131.962, 287.344
5.5153, -58.3084, -127.148
7.36114, -49.7087, 231.031
5.07406, -696.796, -535.957
7.45461, 955.915, -137.708
5.84906, 625.194, -148.547
4.01716, -605.8, 70.6753
3.47371, 875.389, 566.171
4.0109, -709.745, -937.66
4.93946, -334.842, 461.387
4.72438, 530.711, 980.027
5.7844, 319.697, -941.865
3.74227, -779.559, -666.861
4.72007, 54.927, 555.952
5.75894, -691.862, 53.9722
6.67472, -713.745, 188.712
6.03698, 200.352, 820.632
4.93928, -871.553, -602.37
6.72039, 399.906, -239.209
7.00296, -498.577, -183.469
6.33082, -650.921, -526.703
5.29453, 628.727, 848.57
2.70603, -22.1438, 92.4387
5.46749, 564.345, 65.4903
2.68674, -681.123, 827.994
4.53488, 22.8915, 437.02
2.84243, -976.511, -882.153
7.38558, -778.19, -882.501
2.5956, -517.449, -233.468
6.60363, -160.425, -273.208
5.2195, -374.475, 878.334
5.72828, 792.07, -332.546
3.62934, -260.751, 57.3994
2.733, 828.268, -694.84
3.63154, 214.725, -556.041
4.58371, -633.574, 135.255
6.40126, 266.058, -632.019
3.72852, -922.443, 389.059
4.81411, 659.435, 87.9041
6.14756, 928.975, 291.301
5.35237, -330.42, 816.11
5.45997, 928.26, 925.339
4.98425, -944.101, 281.085
3.951, 494.617, 109.076
4.71107, -5.603, -226.645
2.53669, 854.837, -395.945
7.41683, 497.182, -359.415
2.52822, -810.232, -145.521
4.8676, -98.3087, 735.93
5.86497, -310.338, -121.98
