6.27803, -736.684, -998.335
3.5948, 65.1463, -90.2371
5.89648, 358.334, -905.153
5.09708, -233.509, 870.805
2.76731, -931.364, 660.695
2.53849, 336.495, 54.6926
4.58743, -864.139, -232.899
7.15218, 178.09, 374.039
2.95982, 53.206, 692.23
6.00595, -166.409, 310.383
3.81226, 525.257, 819.845
4.14117, 472.029, -904.116
7.45519, 512.013, 264.273
7.41275, -508.525, -273.622
5.75759, 506.027, 444.823
6.92354, 263.05, -853.611
6.33247, -126.066, -454.201
3.87453, -522.33, -45.7677
4.93259, -670.081, -291.188
2.80282, 819.03, 793.903
5.08146, 8.71768, 808
4.96988, 971.958, -362.196
7.23882, -817.538, -467.975
4.42071, -2.67717, -847.792
5.14874, 826.71, -446.549
2.75042, 880.947, -69.6178
6.63909, 540.537, 525.908
5.94228, -966.384, -748.452
6.18112, 259.039, 736.113
6.94286, 996.213, 450.632
4.25508, -385.976, -533.924
6.72991, 182.284, 26.415
3.84659, 672.803, -168.367
4.83959, 74.3916, -171.33
3.2686, -644.365, -423.717
2.66527, 606.52, 142.977
7.2768, -3.81298, 69.888
6.95369, 109.415, 495.887
3.29884, 682.877, 249.097
3.15214, 429.237, -573.989
2.515, -451.17, -817.511
6.0491, -952.767, -174.544
3.40448, -518.512, 874.299
5.76029, 773.54, -364.075
4.42907, 363.369, -699.062
3.23766, -1.35896, -225.457
5.45054, 688.846, 173.821
3.24076, 114.227, 910.362
3.2091, -182.201, 965.558
4.94257, -495.006, 129.158
3.13015, 918.228, -71.8842
5.64635, -360.657, -599.576
5.60817, 302.032, -745.553
4.88216, -503.146, 605.171
2.64188, -590.52, -226.094
3.21011, -145.271, 802.573
3.15594, -179.773, 893.752
3.31099, -816.7, 768.15
3.76529, -269.023, -856.503
4.77654, 568.078, -730.99
6.54472, -95.1332, -300.653
3.57624, 303.051, 862.044
3.75063, 817.563, 359.748
5.02978, -57.6731, 721.393
6.27922, 635.033, 197.412
5.66369, 902.865, -73.7971
5.9449, 646.553, -123.018
7.27207, 973.092, 405.569
5.18713, -421.817, 704.483
4.57014, -787.934, 35.9892
4.70019, 752.579, 153.987
6.07821, 737.895, 459.246
6.20858, 411.923, 600.475
5.12494, 771.669, -961.176
6.06711, -868.534, -73.6057
5.91025, 335.045, -21.9799
6.82941, 832.852, -600.345
3.19597, 87.1662, 778.727
3.57766, 976.656, -99.752
5.0733, -367.503, -108.892
4.83766, -120.206, 760.253
3.55759, -269.039, 612.847
5.65244, -692.355, 994.982
2.5044, -993.272, 228.146
4.09589, 454.142, 546.048
5.90281, 364.438, -162.234
6.0446, 672.216, -588.844
2.90869, -810.257, 656.705
3.56926, 260.277, 529.155
4.44412, -836.924, -572.449
4.44927, 896.463, 903.817
3.92018, 383.868, -461.405
4.6123, 566.898, 553.064
2.55658, -603.342, -439.193
3.72027, 959.868, -617.558
4.49072, -725.732, 641.057
6.64177, -646.628, 201.823
3.78584, 974.915, -685.202
3.59705, -798.591, -532.613
6.47385, 391.445, 269.234
5.8476, 504.982, 392.246
5.49108, -888.732, 273.655
5.99917, -362.762, -545.022
5.13062, 525.583, -764.078
4.14833, 178.5, 105.794
3.30844, -714.13, 405.096
6.56633, 719.8, -29.0397
4.08004, 477.977, 114.263
4.05369, 56.3823, -729.946
4.65424, 35.9423, 174.417
4.46509, -251.198, -478.366
4.43916, -48.5372, -108.503
4.34871, -841.912, -441.921
5.88118, 343.417, -492.513
6.10384, 456, 27.9498
7.20082, -75.3954, 891.079
5.08573, -79.2324, -357.097
5.5282, -195.661, 322.795
5.85049, -697.733, 974.344
5.11404, 82.7026, -311.296
3.87105, -966.892, 655.74
7.08924, 92.9386, 285.707
3.73367, 938.594, -465.676
4.77876, 387.058, 686.704
3.30374, -954.983, 640.062
4.68319, 414.954, 412.583
7.45767, 501.888, 165.95
6.26931, -440.441, 391.228
4.97846, -989.823, -657.013
7.01651, -669.056, -839.703
4.68213, 493.106, 564.767
5.09239, 169.215, -985.877
4.44866, 88.0961, -864.893
5.63431, -227.054, -568.245
5.19331, 417.603, 318.108
4.35955, 632.013, -439.108
2.54674, -371.6, 366.531
6.3794, 41.6605, -791.269
2.85317, -888.735, -559.29
3.98511, 446.801, -679.502
4.78581, -38.2026, -901.595
3.25156, -100.889, 39.946
5.97819, 667.636, -428.934
4.15587, 370.924, 160.597
5.21197, 972.822, -883.837
2.64678, 714.127, -993.786
5.38086, -20.8632, -242.55
5.18133, 360.847, 476.814
7.36678, -755.73, -927.589
5.57063, -297.506, -622.277
5.26431, -747.315, 214.385
6.69051, -282.918, 907.238
3.75764, -483.324, 945.175
6.98957, 632.559, -147.2
5.97428, 518.938, -508.73
5.82752, -472.856, -96.0458
3.06838, -580.525, -767.75
3.37987, -985.915, 94.2221
2.91253, -136.171, 197.647
6.68103, -248.631, 373.826
2.64818, 943.999, -756.202
6.34719, -7.65203, -843.85
4.29829, -500.638, 867.335
6.24626, 0.80216, 537.165
6.28385, 363.055, 343.061
3.60834, -538.516, -925.938
5.58305, 305.186, 125.913
3.66846, -550.125, -255.789
6.22052, -668.523, 305.271
5.80997, -906.299, -681.739
4.9209, 900.185, -748.907
2.58972, 828.051, 241.026
4.98291, 444.525, 190.084
5.09587, -115.053, -890.841
4.71395, -873.596, 535.809
4.14528, -63.6171, 952.675
3.52671, 486.046, -107.849
7.19863, -253.62, -655.695
2.85168, -499.382, 927.688
3.30042, 52.3571, -750.701
6.70788, -791.019, 30.207
4.13614, -154.792, -266.059
6.85942, 154.998, 427.19
5.99896, 672.603, 516.311
5.52801, 870.029, -221.379
4.77536, 79.1613, -273.354
2.91543, -520.472, -187.083
3.94883, -55.1504, -154.392
6.51009, -568.356, -789.017
6.81821, 338.574, 57.1119
3.81831, 422.553, -512.028
4.79881, -837.321, -234.858
4.95672, 596.046, -530.236
5.82344, -467.603, -992.132
7.31738, -626.496, -150.928
7.23022, 589.059, -732.765
2.81902, 222.739, -656.695
5.04829, -407.706, -309.454
6.13222, 668.549, 653.41
5.65882, 603.033, -340.471
3.26658, -916.53, -909.081
5.09652, -870.587, 539.829
3.52281, -558.169, 857.161
6.03231, 399.588, -821.61
6.05786, -475.805, -12.1755
3.66304, -591.551, -240.345
6.80594, -66.146, -133.332
2.67122, -110.452, 953.096
6.26587, -936.27, 48.9095
4.14789, 644.62, 180.305
4.65309, 72.4752, -535.108
7.33455, 972.506, -193.119
4.05803, 734.371, 699.219
5.69762, 992.768, -702.456
5.95386, 865.008, -63.1572
5.36403, 81.872, 630.105
6.60667, 890.913, -682.267
4.21807, -912.541, -686.22
5.09387, -807.801, -778.425
6.78438, 122.796, -953.82
6.18587, 348.081, 35.8566
3.45992, -951.144, 394.181
2.83145, -308.213, 341.465
3.60828, 849.127, -722.633
3.33656, 171.479, -238.159
6.31172, 382.132, -943.399
5.44905, -844.688, 426.338
4.65223, 859.425, 851.564
7.09618, 661.815, 12.0141
5.09668, 446.791, 199.409
7.38058, -677.693, -19.3623
5.15714, -453.325, 148.147
2.98716, 334.125, 395.659
5.83983, 220.407, 97.8763
5.44444, 142.074, -14.8387
5.01137, -703.002, -110.349
2.75808, -935.236, 461.715
2.6753, -352.134, 34.4613
4.41484, -785.599, -510.835
5.55555, 192.936, 103.611
5.06574, 539.943, 876.832
5.98498, 301.02, -26.5563
4.89891, -25.9238, -185.117
3.88323, 68.3814, 421.207
6.01685, -439.583, 210.489
3.67701, 875.945, 60.0113
6.41501, 192.581, -173.975
6.60589, 362.2, 839.272
3.21842, -538.155, 54.3334
5.75757, -494.889, 801.664
3.87677, 871.141, -988.95
7.26215, -438.898, 717.053
4.58238, -753.29, 13.7757
3.03869, -126.897, 404.381
4.70633, -799.609, 532.081
6.28811, -414.397, -305.238
2.77803, -338.525, -321.97
3.51241, -28.9331, 145.827
6.82305, 946.553, -780.994
6.52456, -265.3, -14.8316
2.78861, -680.325, -674.722
4.40304, -63.9522, -701.442
4.56124, -149.919, 766.643
2.80071, -382.731, 302.557
7.09746, 797.252, 634.288
3.35398, 539.402, 802.957
6.51634, -935.148, 148.47
3.88599, 723.351, 44.922
4.44586, 173.395, 738.736
7.19936, 51.8918, 623.72
6.24573, 160.1, -161.322
3.44774, -324.244, 760.975
6.89581, 437.246, 485.857
6.8953, 419.401, -852.992
3.30515, -815.844, -272.555
5.87346, -806.2, -166.376
6.89096, 626.634, 125.682
6.98262, 267.11, 535.064
3.06535, -26.4332, 756.078
5.93789, -234.039, -246.886
3.21651, -844.252, -758.394
3.6901, 416.221, -44.6799
5.64383, 950.216, -218.026
4.312, 817.119, 362.845
4.64437, 588.536, 718.142
4.91936, -5.69381, -848.334
6.20379, -1.20338, -100.936
3.23098, -397.281, 866.205
7.36238, -837.321, -777.729
7.3158, -520.067, -188.237
3.14741, -602.987, 666.293
5.3784, -320.953, -607.181
4.66439, 171.043, -120.579
5.50066, -238.523, -261.654
5.85098, -701.199, -138.44
4.5137, 396.262, 989.792
6.46691, 639.395, 697.319
4.89889, -979.333, -251.23
5.72449, 294.267, 277.61
4.28836, -245.606, 598.463
5.96794, -331.069, -220.908
5.83428, -416.964, -708.482
3.22071, -372.904, 709.447
7.10415, -985.744, 209.848
4.22228, 32.7069, -235.966
6.66824, -417.159, -471.149
2.74349, 269.707, -749.996
3.27936, -246.594, -78.6044
2.55765, 331.725, 510.787
3.94327, 121.539, 589.432
5.07295, -354.862, -170.024
3.65948, 683.611, 438.1
2.75022, -242.905, -66.9779
5.33091, -595.296, -850.347
6.69774, -154.35, 666.831
4.28763, -639.804, -419.303
4.3452, 172.285, 869.751
7.22226, 255.856, -73.7083
4.72425, -902.859, -185.95
6.82086, 495.817, 190.215
5.82654, -790.211, -737.358
5.79297, 163.252, 666.285
7.10736, -961.432, 963.324
5.11536, 937.988, -613.103
5.45229, 439.44, -442.286
5.79944, 668.942, 671.937
4.24765, 292.965, 460.409
4.11714, 332.117, 64.7041
7.08984, -113.38, 738.652
3.08619, 903.559, -446.444
7.31268, 675.582, -170.519
5.17978, 46.6127, -333.081
5.81447, 857.931, 635.62
5.48362, 885.691, -510.2
6.93363, -506.107, -747.14
6.67999, -672.216, -607.6
6.69339, 246.579, 204.316
6.85642, -215.87, 342.224
2.5002, -769.073, 336.538
4.77274, 257.91, 351.545
4.25696, -934.957, 148.769
5.80713, -258.171, 709.674
6.22234, -873.166, 152.841
3.3821, -116.898, -443.819
7.4621, 794.49, -815.142
5.95466, -933.465, 177.602
6.97862, 140.044, -21.5635
3.51579, 375.753, -131.295
7.2356, -455.86, -36.5063
4.88476, 901.06, -508.256
6.78578, 922.29, -746.238
6.41237, -983.618, -562.529
5.70687, 916.977, -901.687
3.14521, -725.215, 147.341
5.77944, 3.91956, 649.504
3.09199, 53.0063, 9.8101
3.88793, 336.891, 805.295
6.65548, -218.748, -226.858
6.14153, -752.655, -513.756
6.74348, -597.713, 296.016
3.43989, -786.575, -950.795
6.09602, 558.834, -278.492
4.25586, 161.164, 332.642
3.34555, -415.852, -686.647
4.52383, 340.817, -550.951
4.20924, 158.9, 772.135
6.67141, 396.645, -125.534
3.9111, 698.066, 584.04
5.16766, -673.002, -477.23
6.25085, 995.898, -853.229
4.62554, -680.459, -762.468
4.66964, -571.443, 546.792
3.03022, 858.264, -933.182
6.4639, -37.0111, -466.889
3.91232, -572.708, -484.312
7.14264, -581.642, -237.527
5.37926, 237.042, 523.796
3.4895, 816.474, -288.175
5.99081, 576.888, -761.491
3.07265, 495.672, -961.799
4.22945, 308.056, 788.884
4.15646, -577.25, -237.121
6.42735, 828.575, -963.379
6.65775, 459.785, -212.963
4.21712, -740.368, 755.328
4.2603, -275.048, 885.795
6.38197, 145.171, -835.543
6.58658, -13.0829, 688.231
4.26157, -129.812, 285.306
7.09559, -434.404, -301.399
3.2877, 490.073, 252.855
5.56029, -491.178, 561.781
5.54222, -373.068, 709.882
3.16647, -252.344, -747.103
3.51409, -746.962, -476.919
4.79457, -857.549, 501.101
3.48759, -529.08, 926.939
6.77118, -838.871, 370.981
6.54562, -759.627, -693.947
2.80131, -907.994, 887.372
6.50584, -717.905, 657.521
5.49597, -193.703, -544.199
7.43182, -891.817, 309.135
2.65919, -165.099, 635.853
6.8356, 945.837, -778.575
3.69109, 668.894, 345.652
3.6127, 177.849, 432.819
4.73907, -993.038, -540.528
2.61231, 861.451, -172.512
6.79755, -250.519, 24.2268
4.15902, 214.61, 590.508
5.72195, 307.075, 249.09
7.43521, -946.834, -482.251
5.30162, 284.619, -584.16
4.74553, -758.357, -246.184
5.213, 172.059, -716.226
2.90797, 773.135, -32.804
3.99606, -801.892, -273.282
6.63964, 824.509, 681.391
6.48936, 626.098, 939.07
5.71048, -102.836, 679.674
4.84105, 631.146, 387.2
7.15326, -197.453, -611.56
5.08798, -248.499, -69.5498
7.42924, 798.277, -542.589
5.94567, -82.0932, -724.761
6.19966, -181.188, -444.1
3.46323, -392.317, -936.188
6.08881, -450.92, 625.619
6.11146, 570.077, -181.989
6.49298, 266.152, 153.974
4.23216, 255.463, -998.191
5.1481, -15.6935, -57.7852
3.19001, 715.873, -362.024
6.73218, -225.686, -204.01
6.32766, -85.3614, -886.428
7.5, 923.599, -416.272
4.24891, 483.144, 995.98
5.50367, -601.487, 592.178
3.50808, -496.4, 85.0335
6.2385, 27.9961, 151.842
6.49225, 977.843, 216.14
3.03505, -706.345, 109.423
5.35813, -507.285, 47.4406
2.84683, 358.1, -332.588
4.16036, 750.524, 689.333
5.80945, 487.519, -708.68
5.27726, 174.722, -197.343
7.12415, 228.971, -11.7425
2.69832, -486.562, 227.248
2.62083, -312.338, 240.81
4.61923, 215.12, -657.115
4.36987, 460.777, 136.464
2.93303, -240.114, -263.806
3.05403, -161.05, 168.667
5.31992, 369.419, -348.866
7.37269, 62.629, 743.029
3.05066, -48.4159, -881.019
5.99352, 99.0387, 982.875
2.79674, -50.1827, -744.211
4.69755, 835.707, -109.059
5.24651, 993.31, 716.559
3.45129, 692.048, -750.865
7.36597, 313.242, 328
3.19593, -677.628, -76.6714
5.48978, 943.506, -433.018
7.12812, -873.603, 704.277
3.91116, -72.0053, 893.808
6.8307, -139.415, -80.6353
6.29598, -229.233, -601.761
6.10793, 350.19, 625.367
3.34241, -376.839, 370.245
3.32882, 839.513, 375.186
3.39076, -647.388, -991.103
5.87226, 336.034, -603.08
4.83484, -355.23, 39.555
6.85219, -811.893, -358.253
5.76023, -697.343, -116.768
5.80464, 763.648, 882.548
2.58037, -660.396, -594.832
4.30596, -780.738, -669.177
3.72747, 926.324, 120.861
6.93086, -938.704, -951.217
5.23701, 825.63, 773.222
6.57209, -26.1592, -653.067
5.24453, 171.269, 870.308
4.16156, 506.493, -56.1231
4.40213, 25.1627, -654.908
2.52389, 932.964, 655.535
6.95226, -90.7069, -397.278
6.16955, -498.375, 686.507
6.04239, -153.704, 672.998
5.1278, 53.77, -187.702
6.41065, -191.987, -815.993
3.42484, -385.013, -470.445
5.72673, 244.325, 510.908
3.42178, -690.46, -344.179
3.31214, 64.4508, -83.6242
2.65594, -181.912, 850.974
7.42716, 130.257, -665.545
4.04559, -332.326, -718.373
4.11075, -668.251, -298.627
5.51155, 287.985, -233.362
2.89107, -329.642, -923.681
3.93936, -18.3495, 88.3662
5.79307, -122.882, -493.434
7.36348, -994.893, -348.963
7.27758, -363.207, -797.236
7.42745, -671.608, -291.945
7.30478, -914.999, -765.315
3.0073, -558.919, 569.387
3.71505, -124.896, -491.417
6.91151, 98.7577, -434.071
5.28805, 340.74, 702.026
6.7669, 803.412, 515.84
7.49145, -533.836, 521.609
3.99751, -257.117, -481.366
6.33157, 981.142, 489.453
4.81901, 283.865, -143.195
6.8168, -636.247, -794.046
6.99018, 861.244, 5.77924
7.377, 258.09, -417.106
2.77405, 661.485, 79.5024
6.32605, 949.308, -619.074
5.09219, -934.438, 739.547
3.46574, 934.641, -245.03
6.98252, 194.856, -543.061
6.38492, -831.183, 98.5084
2.75968, 416.332, 541.711
7.47331, -855.395, 766.265
5.93659, -1.73978, -459.633
5.94854, 888.667, 496.815
6.57666, -657.387, 821.705
7.05426, -36.4753, -435.525
3.34218, -201.384, 405.237
5.24183, -580.041, 804.495
6.53351, -478.662, -253
4.17803, 319.47, -530.497
5.53435, -98.6541, 41.6167
6.59602, -954.433, 334.129
7.3485, 87.5522, -248.149
6.29349, 585.6, 492.824
3.72113, -184.536, -93.1982
5.80589, -572.268, 404.003
4.21574, -447.724, -186.325
7.27146, 376.37, -396.656
2.60828, 804.081, 556.034
4.54979, -892.17, 947.555
2.55789, 591.031, -672.831
3.04964, 842.202, 202.012
5.28259, -851.632, 90.9744
4.45466, -33.5897, -234.512
7.20539, 118.041, -182.678
2.55572, 179.289, 396.708
6.22897, -224.201, -435.121
3.84293, 109.472, 129.601
4.27153, -682.106, -759.583
3.45835, -466.491, 616.893
5.14832, 296.044, -170.441
4.39478, -59.1325, -854.876
3.16407, -13.061, -802.578
4.26563, -124.494, -566.287
4.2497, 784.053, 986.563
7.41084, 611.665, -119.948
5.25961, 151.553, -390.274
4.99918, 13.3407, -713.879
3.58531, -834.711, 458.105
4.37311, -231.009, -652.673
6.78251, -662.347, -474.62
6.45578, 788.218, -509.96
3.9204, -491.737, 929.118
5.07645, 437.579, 100.232
6.79238, -294.821, -25.9432
7.07844, -949.426, -173.368
7.48941, 136.849, 917.643
6.53177, 171.031, -194.136
5.22718, -908.292, -184.04
7.3461, 149.631, -738.385
5.31931, -585.38, 362.65
4.03031, -415.171, 660.66
5.41853, 968.112, 954.39
2.91197, 54.7331, -332.928
5.47382, 357.298, 623.93
3.31968, -598.889, -591.685
6.46527, -610.116, -436.565
2.95373, 578.751, 742.01
6.3072, -505.642, -679.863
6.83996, -218.453, 33.1972
6.40105, 192.548, -334.515
6.61399, 908.645, 971.61
6.70974, 372.685, 553.642
4.48328, 533.912, 256.156
6.508, -160.52, 169.275
6.56811, 381.067, -44.2761
5.43493, -410.114, 101.499
4.64621, 796.587, -50.707
2.5002, -69.624, -479.617
5.31153, -815.773, 316.441
6.22632, 335.735, 356.468
3.89846, 964.501, 300.662
2.93406, -988.12, 565.275
3.5733, 853.495, -881.138
3.93296, -493.795, 555.17
4.86595, -407.422, 475.745
6.95893, 845.664, 819.91
5.91955, 506.54, -499.7
3.54376, -51.2494, -64.9994
6.67533, 794.83, 12.3526
7.09218, 942.941, 917.507
4.48244, -474.593, -701.836
6.37858, 541.618, 539.708
5.68161, -161.951, -90.7605
6.64746, 483.713, 292.897
3.40204, 559.368, -457.369
7.45927, 578.847, -764.528
6.70558, -150.61, -845.12
4.65177, 888.928, 266.504
4.38589, 596.899, 890.812
2.70802, 656.324, -506.025
6.80715, -809.322, -540.935
6.62116, 910.893, -909.305
6.25052, 19.1031, 735.171
3.55801, -165.146, 994.842
4.31029, -781.991, -192.394
4.43545, -591.694, -804.466
7.32918, 803.895, 642.362
6.5872, -168.225, 631.29
4.5755, -82.6016, 449.581
5.83759, 206.202, 184.53
2.52101, 477.682, 975.22
6.98048, -743.266, 256.562
3.68416, -343.409, 355.416
3.79415, 360.199, -96.4615
5.4939, 408.49, -709.969
6.89823, -848.166, 380.028
6.16299, -565.923, -592.912
6.0773, 914.766, 570.917
3.57724, -608.868, 481.016
6.30413, 678.494, -958.469
3.85351, -160.146, -561.389
2.75246, 669.089, 346.648
4.78866, 268.244, 245.653
2.58759, 449.667, -779.881
3.01129, 75.1093, -173.411
2.639, -129.122, 281.205
5.65921, -340.592, -515.411
6.34425, 83.0848, -245.69
2.74132, 525.538, -841.24
6.6924, -58.535, -630.714
6.76899, -263.161, -321.539
6.57649, -444.056, 573.807
6.85188, 795.362, 406.072
5.27222, -634.822, -172.993
6.12646, -296.857, 60.5283
3.20424, -528.212, 940.2
6.6115, 601.908, -528.629
5.51185, 734.632, -197.617
4.93856, 509.506, -921.58
6.14942, -288.886, 954.868
4.05164, 757.659, -669.515
3.93925, -699.32, 354.511
5.45857, -954.216, 811.868
5.34055, 657.287, 887.214
5.41059, -928.958, -579.194
2.84132, -689.618, 283.233
4.34304, 153.011, -380.991
6.28475, -937.579, -576.705
6.35297, -446.768, -876.117
4.27217, -394.141, -252.052
5.98913, 243.656, 933.368
5.08005, -686.314, -304.744
5.94494, 391.988, 131.519
6.18066, -82.2168, 615.575
2.56231, -343.865, -675.655
7.16549, 604.056, -122.837
5.37826, 133.814, 126.674
3.05587, 458.328, 975.013
4.87388, -109.861, 23.866
3.24247, 172.476, 92.782
4.22594, 50.9536, 450.375
7.04476, -933.365, 182.832
4.54571, 15.5904, 515.941
5.96642, -677.908, -75.5574
3.35865, 383.93, -932.883
6.21715, 893.556, -502.489
4.16319, -423.342, 640.957
4.62157, 668.685, 311.34
2.79523, -137.214, -115.972
5.09005, 282.44, -240.14
5.94425, 475.007, -581.756
5.01149, -260.663, 23.7502
6.56617, -169, -751.879
3.07974, 81.5163, -940.412
5.24841, 265.794, 465.618
5.06046, 412.4, 21.4165
6.02649, 952.641, 441.743
5.65083, -236.48, 890.971
4.0207, -23.592, -632.999
6.74719, 400.245, 372.652
3.39619, 601.824, -20.06
2.61737, -531.176, -100.303
4.19467, 741.578, 54.5583
3.43818, 350.135, -84.0262
6.60467, -286.113, 191.353
6.72507, -895.885, -155.465
6.78031, 844.45, -719.362
7.37454, -954.969, 638.836
2.99587, 470.844, -448.578
2.56182, 564.427, 657.389
2.58614, 218.139, 587.489
2.64527, 252.81, 94.8128
4.1031, 150.214, -386.621
6.17815, 628.039, 302.86
3.14876, 368.255, 474.839
2.5161, -367.875, 507.816
6.91905, 138.985, -791.281
3.70482, 231.76, -575.333
4.38481, -821.9, 758.299
4.44879, 609.093, 186.615
2.81534, 595.809, 295.35
7.30792, 183.729, 959.833
3.75349, 727.095, -337.898
6.85376, -681.092, -56.953
2.85991, -919.522, 428.221
2.70653, -626.173, 578.783
3.46378, 363.882, -523.909
3.86708, -310.808, 302.847
7.4007, -953.773, -365.762
3.60607, 324.761, -541.129
6.43119, -876.106, 856.999
4.42306, 301.667, -422.566
3.78593, 480.621, -637.312
3.91087, -949.239, 66.2976
7.33834, 868.961, -33.4765
4.22841, 769.484, 173.187
3.45922, -985.341, 738.138
5.05037, -547.711, -382.082
5.21857, -558.501, 635.128
5.72333, -635.9, -615.867
3.89738, -10.1751, 787.687
3.41887, -296.529, -720.746
2.71579, -839.443, 381.368
3.98408, -504.599, -267.341
4.25548, -231.611, 141.013
7.09372, -421.318, 730.135
5.81225, 503.239, -361.933
5.08041, 867.26, 586.809
4.03763, 617.048, 589.019
3.0007, -353.486, 155.581
3.47502, 380.297, -881.235
4.11407, 31.5955, -132.572
5.56182, 966.019, 86.5718
5.13511, 961.784, -985.07
3.45653, 256.082, 285.661
4.7178, -652.042, -429.13
4.48693, -710.597, 856.157
6.28051, -607.584, 744.844
6.6213, 737.192, 602.633
5.51573, 141.945, -344.124
3.04573, 610.697, -830.242
4.11797, 487.633, -165.44
5.03403, 8.02564, 318.999
4.76521, -648.293, 798.037
4.77315, -181.579, -462.273
4.91125, 917.842, 909.683
5.07896, 369.746, -651.427
4.50207, 195.861, 815.691
4.22945, 961.955, 485.457
6.64533, 927.332, -239.768
3.02204, -733.531, -799.617
6.40057, 587.322, 569.698
3.19919, -297.74, -239.599
2.62171, -803.088, -514.958
6.0664, 407.325, -756.414
7.15538, 156.744, -822.326
7.47667, 180.676, 174.97
3.86264, -881.872, 152.869
3.6923, -481.019, -252.311
3.87328, 964.326, 620.435
5.70836, -909.707, -731.344
5.17637, 310.956, 156.601
6.8967, 837.479, -297.35
6.75968, -660.682, -841.962
2.98004, 910.92, -34.6712
4.66818, -751.893, 197.716
3.17045, -206.013, -758.223
5.86802, -159.408, 318.91
5.34964, -53.3429, -481.727
3.66474, -624.636, 562.304
5.50306, 266.914, -690.35
2.6551, -804.441, -28.4559
7.08512, 569.307, -312.735
3.82958, 864.813, -179.25
6.50016, -185.224, -509.335
5.46389, 170.036, -724.57
5.0822, 360.386, 615.913
5.2567, 318.914, 645.067
3.47225, 507.989, -233.377
5.36152, 120.681, -743.792
3.81992, 214.327, 403.067
4.41648, -765.238, 539.925
2.73626, -754.315, -897.594
4.22823, 587.49, -670.684
3.61594, 680.772, -437.979
3.81264, 16.7417, -738.384
3.05141, -430.449, -402.031
7.40088, -706.192, 20.6239
5.93794, 802.224, 643.793
5.82158, -548.228, -377.044
5.99501, -602.166, -673.427
2.68746, -835.591, -777.096
3.6706, -628.803, -745.717
3.95397, 716.764, 694.127
3.50543, -40.6622, -260.852
2.7177, 377.135, 331.872
2.56571, -537.982, 524.156
6.07297, -528.053, 765.618
6.88348, -869.487, -631.498
5.35088, -888.968, 274.863
6.92743, 866.198, 871.958
5.20042, -356.388, -280.284
3.31357, 930.236, -648.128
3.30492, 969.243, 440.146
7.19182, 319.977, 287.659
3.45628, 554.698, -853.459
3.15761, -5.5801, -110.962
4.41122, -316.338, -4.99271
6.12674, 257.683, -266.06
2.50651, 541.402, 875.993
4.60222, 17.6715, 734.573
5.18984, 308.91, -213.996
4.86596, -238.935, 247.518
6.33003, 545.144, 869.33
2.9396, 555.057, -470.837
7.04284, 133.195, 324.096
3.20818, -878.305, -395.24
2.54782, 437.302, -52.0894
2.82267, 240.874, 517.147
4.96742, 381.982, 222.548
5.40914, 533.711, 987.908
4.03373, -949.396, 544.976
4.57091, 919.478, -67.8713
4.33401, -574.214, -689.518
3.42687, 186.084, 669.406
2.76788, 637.561, 160.847
4.47222, 541.895, -65.5296
3.98388, -348.095, -131.948
5.05388, -396.414, 821.115
3.75392, -699.437, 230.493
5.01589, 966.034, 884.778
2.51168, -17.0929, 799.161
7.01807, 997.937, -448.326
2.79181, -905.916, -948.904
5.17506, -689.419, 804.797
3.95754, -385.55, 876.308
7.3023, -815.007, -270.452
4.73406, 319.507, -109.262
5.08479, 895.587, 167.589
5.93861, -256.241, 12.6531
2.72187, -160.656, 76.3921
7.2946, -798.528, 607.124
5.70852, 363.645, 155.875
2.80215, 631.015, -781.578
3.33964, 48.1957, 268.275
5.76491, 487.621, -250.012
6.19864, -769.397, 338.872
3.57011, 861.214, 200.074
4.31441, 157.639, -875.639
6.56981, -648.213, 935.277
5.32057, 807.83, -470.644
7.45886, -43.4179, -897.353
6.5669, -763.714, 398.018
3.49157, -994.666, -23.1081
2.50003, -162.98, -855.581
4.62608, 946.7, -774.451
4.07406, 833.471, 194.155
5.56218, 607.018, -934.335
3.83351, -202.164, -544.499
4.39881, -595.172, -60.9898
5.43397, 968.754, 294.092
5.95636, -141.595, -516.294
7.26736, -459.728, -572.162
4.89785, -292.821, -955.342
3.60319, 375.542, -731.351
5.33741, -725.304, -446.668
6.09873, 433.949, 364.489
4.4953, -485.484, 565.839
3.48326, -690.225, 992.531
6.66971, -676.221, -761.017
5.59561, -449.579, -868.178
7.26866, -295.117, 171.803
3.23222, -14.3913, -280.813
5.38953, 41.0151, -460.284
7.26796, -392.091, 723.934
3.62331, 720.355, -977.09
7.25137, -489.152, 810.919
3.07874, 800.564, -518.56
2.58372, 29.5483, -263.172
3.90465, -349.019, -172.667
7.15042, 649.252, 167.375
3.04796, 745.956, 871.911
6.77266, 30.7728, 831.125
5.68532, -726.859, -732.593
5.63853, 408.355, -709.755
3.80589, 729.894, 741.773
5.13936, -951.046, 220.596
7.16608, -267.435, 914.832
3.98055, 923.785, 100.868
4.78006, 155.621, 457.432
6.35659, -656.743, -622.834
4.17193, 98.7168, 115.476
6.31775, -39.5199, -945.509
6.65892, -30.0316, 943.484
2.64618, -725.235, 568.479
4.31315, 715.683, -267.779
4.16221, 284.733, 461.045
3.17675, -519.599, -305.761
3.00839, -306.891, 623.793
5.11327, -610.233, 815.904
3.52046, 30.6583, -534.873
5.00728, -872.099, -630.585
5.1371, 3.57959, 961.942
4.13422, -269.652, -293.037
4.75888, 226.055, -445.707
6.85263, -7.4753, 987.002
4.72884, 646.22, 865.455
6.03726, -459.047, -920.637
6.83171, 915.987, -699.357
6.5822, 871.396, 221.811
2.67504, 896.664, 837.524
3.8644, -654.596, -236.218
5.21858, -422.957, -430.91
3.19942, -993.53, -547.417
5.57408, -780.13, -936.211
3.29182, -694.592, -605.791
4.41129, 98.8921, 221.262
5.94997, -94.3041, 189.613
3.21128, -388.79, 460.495
5.65284, -785.171, 795.092
3.15973, 199.906, 936.514
7.13583, -739.192, 250.182
5.53465, -939.699, 785.02
5.50388, -922.154, 370.184
3.33635, 605.749, -529.165
3.301, -863.451, -401.493
5.91628, 624.601, -30.0546
5.1456, -715.71, -14.1341
3.65264, -131.524, 812.574
6.55373, -502.373, -58.3646
5.76477, -420.642, -561.128
4.08597, -550.865, -583.644
2.53953, -262.786, -816.438
3.49176, 726.401, 745.593
3.78831, -8.82775, 382.191
3.03825, 892.435, 38.7412
3.49545, 132.913, -436.023
6.75079, 803.754, -772.215
6.63912, -985.443, 216.439
6.76813, -960.449, -551.657
5.71027, 285.366, 780.039
3.6787, 729.544, -989.996
6.80638, -502.631, -810.486
5.4745, 36.994, -102.068
2.52745, 507.574, -29.4935
6.84925, -664.332, -469.482
7.37729, 650.586, 106.754
5.59653, 379.628, 13.3814
3.85574, -944.643, 379.726
7.46973, -158.857, -635.502
4.60751, -723.844, -530.498
4.20537, -795.075, -615.625
4.80717, 362.241, -137.997
4.44822, 264.646, -379.014
4.613, -50.6726, 515.541
2.84879, 132.073, 287.139
5.5153, -59.2698, -127.586
7.36114, -49.7024, 231.231
5.07406, -696.776, -536.28
7.45461, 956.359, -137.748
5.84906, 624.719, -149.516
4.01716, -605.872, 70.7912
3.47371, 875.743, 565.747
4.0109, -709.555, -938.111
4.93946, -334.755, 461.496
4.72438, 530.285, 978.736
5.7844, 319.56, -942.352
3.74227, -779.497, -665.628
4.72007, 54.9695, 556.078
5.75894, -691.824, 54.408
6.67472, -713.609, 188.517
6.03698, 201.689, 822.105
4.93928, -871.888, -601.964
6.72039, 400.02, -239.442
7.00296, -497.837, -183.038
6.33082, -650.759, -527.017
5.29453, 628.583, 848.357
2.70603, -23.7854, 94.1033
5.46749, 564.486, 65.3962
2.68674, -681.735, 828.797
4.53488, 22.5054, 437.035
2.84243, -976.889, -882.346
7.38558, -778.653, -882.533
2.5956, -517.699, -233.256
6.60363, -161.135, -274.313
5.2195, -373.404, 879.042
5.72828, 792.347, -332.515
3.62934, -260.755, 58.3179
2.733, 827.929, -694.508
3.63154, 214.99, -556.241
4.58371, -633.57, 135.318
6.40126, 266.164, -632.224
3.72852, -922.467, 389.993
4.81411, 660.159, 86.6947
6.14756, 929.11, 291.409
5.35237, -330.365, 816.344
5.45997, 928.009, 926.646
4.98425, -944.694, 281.19
3.951, 495.543, 108.685
4.71107, -5.66317, -226.371
2.53669, 855.079, -395.86
7.41683, 498.952, -360.198
2.52822, -810.658, -144.781
4.8676, -97.2198, 735.976
5.86497, -310.241, -121.921
