6.27803, -736.579, -997.609
3.5948, 64.4977, -89.6036
5.89648, 358.601, -904.825
5.09708, -233.759, 871.495
2.76731, -931.616, 660.135
2.53849, 339.068, 58.3727
4.58743, -863.169, -232.788
7.15218, 178.152, 374.274
2.95982, 52.916, 692.188
6.00595, -165.353, 311.918
3.81226, 525.646, 819.48
4.14117, 471.972, -903.698
7.45519, 511.667, 263.821
7.41275, -508.639, -273.835
5.75759, 505.726, 444.603
6.92354, 262.954, -853.164
6.33247, -125.495, -453.934
3.87453, -521.363, -46.3274
4.93259, -671.581, -296.939
2.80282, 819.302, 793.251
5.08146, 8.56261, 807.417
4.96988, 971.375, -362.313
7.23882, -817.101, -468.091
4.42071, -5.17994, -844.866
5.14874, 826.3, -446.871
2.75042, 880.42, -68.9143
6.63909, 540.636, 527.483
5.94228, -965.556, -748.093
6.18112, 259.018, 735.946
6.94286, 995.01, 450.548
4.25508, -385.345, -534.069
6.72991, 182.311, 26.3571
3.84659, 669.483, -166.013
4.83959, 73.7328, -170.641
3.2686, -643.851, -422.419
2.66527, 607.291, 142.827
7.2768, -4.16696, 70.339
6.95369, 109.523, 495.58
3.29884, 682.35, 248.832
3.15214, 429.158, -573.766
2.515, -451.322, -817.288
6.0491, -954.483, -175.466
3.40448, -517.736, 873.622
5.76029, 773.348, -363.7
4.42907, 363.673, -698.949
3.23766, -2.69266, -226.045
5.45054, 687.823, 173.579
3.24076, 115.12, 910.174
3.2091, -182.083, 965.098
4.94257, -494.68, 128.878
3.13015, 916.176, -72.0014
5.64635, -360.286, -599.176
5.60817, 301.821, -745.104
4.88216, -502.633, 604.733
2.64188, -588.873, -228.676
3.21011, -144.462, 802.27
3.15594, -179.95, 893.216
3.31099, -817.35, 766.473
3.76529, -268.892, -855.9
4.77654, 568.951, -731.554
6.54472, -95.0175, -300.522
3.57624, 302.945, 861.47
3.75063, 817.242, 361.417
5.02978, -57.7584, 721.247
6.27922, 634.997, 195.867
5.66369, 903.108, -73.0108
5.9449, 645.247, -123.8
7.27207, 972.563, 406.09
5.18713, -422.063, 705.456
4.57014, -788.57, 33.6546
4.70019, 752.347, 154.239
6.07821, 737.617, 459.137
6.20858, 411.42, 600.05
5.12494, 771.495, -960.895
6.06711, -868.061, -73.7159
5.91025, 334.902, -21.9225
6.82941, 832.67, -600.105
3.19597, 86.8423, 778.151
3.57766, 975.746, -99.9513
5.0733, -367.044, -109.31
4.83766, -120.015, 758.997
3.55759, -268.747, 612.645
5.65244, -692.767, 994.263
2.5044, -990.709, 225.757
4.09589, 453.909, 545.759
5.90281, 364.21, -161.177
6.0446, 671.943, -588.567
2.90869, -809.973, 656.392
3.56926, 261.567, 530.299
4.44412, -836.506, -572.253
4.44927, 897.098, 903.625
3.92018, 383.662, -461.334
4.6123, 566.535, 552.754
2.55658, -605.393, -438.438
3.72027, 956.294, -618.103
4.49072, -725.087, 641.862
6.64177, -646.8, 201.737
3.78584, 974.51, -685.511
3.59705, -799.61, -532.693
6.47385, 391.193, 269.146
5.8476, 504.587, 392.142
5.49108, -889.565, 277.324
5.99917, -362.913, -544.59
5.13062, 525.784, -763.619
4.14833, 179.741, 104.795
3.30844, -714.227, 404.708
6.56633, 719.514, -28.9036
4.08004, 478.01, 114.513
4.05369, 56.0579, -730.237
4.65424, 35.8304, 173.584
4.46509, -249.647, -477.705
4.43916, -48.7098, -109.539
4.34871, -841.224, -442.149
5.88118, 343.352, -492.678
6.10384, 455.465, 27.9836
7.20082, -73.2353, 892.384
5.08573, -79.2765, -357.194
5.5282, -195.36, 322.837
5.85049, -697.049, 975.044
5.11404, 82.3848, -310.831
3.87105, -965.39, 654.422
7.08924, 93.2327, 285.598
3.73367, 937.897, -465.183
4.77876, 386.621, 686.155
3.30374, -954.921, 636.815
4.68319, 414.646, 411.999
7.45767, 501.203, 166.472
6.26931, -440.206, 391.171
4.97846, -989.089, -656.737
7.01651, -665.891, -839.777
4.68213, 492.996, 564.232
5.09239, 169.058, -985.245
4.44866, 88.1184, -864.274
5.63431, -226.434, -568.204
5.19331, 417.147, 318.112
4.35955, 632.083, -438.972
2.54674, -370.332, 365.682
6.3794, 41.5461, -790.771
2.85317, -888.429, -559.58
3.98511, 446.48, -679.525
4.78581, -40.4539, -898.907
3.25156, -96.9953, 41.0994
5.97819, 667.832, -429.343
4.15587, 371.103, 160.442
5.21197, 972.41, -883.303
2.64678, 715.006, -992.422
5.38086, -21.0268, -241.425
5.18133, 362.569, 476.124
7.36678, -756.082, -927.057
5.57063, -297.581, -621.757
5.26431, -746.969, 213.936
6.69051, -281.329, 906.923
3.75764, -483.972, 943.649
6.98957, 631.321, -146.574
5.97428, 517.769, -507.697
5.82752, -472.9, -95.9328
3.06838, -580.36, -768.178
3.37987, -985.07, 94.3419
2.91253, -136.169, 197.173
6.68103, -248.301, 373.386
2.64818, 942.839, -757.818
6.34719, -4.63721, -847.538
4.29829, -501.09, 867.034
6.24626, 1.20475, 536.683
6.28385, 362.956, 342.714
3.60834, -538.367, -925.355
5.58305, 305.161, 126.238
3.66846, -550.016, -255.24
6.22052, -668.692, 304.938
5.80997, -907.796, -682.901
4.9209, 901.069, -748.391
2.58972, 828.056, 240.552
4.98291, 445.037, 192.072
5.09587, -114.303, -890.065
4.71395, -874.325, 533.745
4.14528, -63.2143, 951.936
3.52671, 485.827, -107.721
7.19863, -252.999, -655.009
2.85168, -499.784, 927.357
3.30042, 52.2193, -749.966
6.70788, -789.636, 31.6384
4.13614, -156.367, -268.019
6.85942, 155.657, 427.247
5.99896, 672.343, 516.232
5.52801, 869.83, -221.157
4.77536, 79.2367, -272.201
2.91543, -520.848, -183.161
3.94883, -55.1321, -153.238
6.51009, -568.871, -788.552
6.81821, 336.717, 56.4624
3.81831, 422.3, -511.821
4.79881, -837.037, -235.074
4.95672, 600.813, -528.065
5.82344, -467.533, -991.513
7.31738, -626.57, -151.537
7.23022, 587.833, -733.174
2.81902, 223.73, -656.432
5.04829, -407.284, -309.497
6.13222, 668.492, 654.273
5.65882, 602.533, -340.178
3.26658, -916.254, -908.98
5.09652, -869.05, 540.951
3.52281, -557.816, 856.66
6.03231, 399.68, -821.438
6.05786, -475.518, -12.8222
3.66304, -587.43, -238.69
6.80594, -65.8688, -133.751
2.67122, -110.227, 952.488
6.26587, -936.09, 49.5355
4.14789, 644.178, 178.742
4.65309, 72.2184, -534.786
7.33455, 971.561, -193.248
4.05803, 734.073, 698.385
5.69762, 991.688, -702.11
5.95386, 865.568, -62.8489
5.36403, 81.3304, 629.793
6.60667, 891.106, -682.587
4.21807, -909.106, -684.086
5.09387, -808.221, -777.744
6.78438, 122.72, -953.219
6.18587, 347.618, 36.8093
3.45992, -949.646, 392.89
2.83145, -308.194, 341.237
3.60828, 846.447, -720.419
3.33656, 171.235, -237.446
6.31172, 382.123, -941.351
5.44905, -844.396, 425.874
4.65223, 859.462, 851.861
7.09618, 661.509, 12.0456
5.09668, 446.247, 197.048
7.38058, -677.928, -19.7939
5.15714, -453.25, 147.895
2.98716, 334.14, 395.015
5.83983, 219.929, 98.0524
5.44444, 141.146, -18.5069
5.01137, -702.875, -109.895
2.75808, -934.599, 461.269
2.6753, -350.711, 32.7116
4.41484, -785.635, -511.347
5.55555, 192.15, 103.587
5.06574, 541.524, 875.609
5.98498, 301.363, -26.5184
4.89891, -25.7529, -185.205
3.88323, 68.3701, 421.346
6.01685, -439.491, 210.231
3.67701, 875.701, 59.5787
6.41501, 191.495, -174.425
6.60589, 361.855, 838.731
3.21842, -537.574, 54.116
5.75757, -493.51, 803.439
3.87677, 870.819, -988.326
7.26215, -437.346, 716.846
4.58238, -752.936, 13.8362
3.03869, -126.844, 404.134
4.70633, -799.317, 531.964
6.28811, -415.983, -304.274
2.77803, -338.544, -321.525
3.51241, -28.7143, 145.592
6.82305, 945.636, -783.079
6.52456, -265.349, -14.1701
2.78861, -680.099, -674.34
4.40304, -64.0271, -701.429
4.56124, -149.112, 766.299
2.80071, -382.461, 302.544
7.09746, 799.048, 637.973
3.35398, 539.086, 803.207
6.51634, -935.037, 148.302
3.88599, 723.432, 45.1535
4.44586, 173.25, 738.627
7.19936, 52.1451, 623.691
6.24573, 160.283, -161.962
3.44774, -324.426, 760.715
6.89581, 436.985, 485.684
6.8953, 419.036, -852.43
3.30515, -813.143, -267.52
5.87346, -805.788, -166.349
6.89096, 626.87, 125.881
6.98262, 265.175, 533.065
3.06535, -26.1558, 755.753
5.93789, -233.859, -247.883
3.21651, -843.264, -759.329
3.6901, 415.807, -44.6649
5.64383, 949.523, -218.022
4.312, 817.197, 361.821
4.64437, 588.522, 718.024
4.91936, -8.07488, -844.901
6.20379, -1.54837, -102.248
3.23098, -396.095, 866.478
7.36238, -837.301, -777.011
7.3158, -518.685, -190.123
3.14741, -602.611, 666.005
5.3784, -320.586, -607.096
4.66439, 170.908, -121.074
5.50066, -240.266, -261.578
5.85098, -700.656, -137.224
4.5137, 396.319, 989.349
6.46691, 639.547, 696.772
4.89889, -978.695, -251.11
5.72449, 294.852, 277.39
4.28836, -245.76, 598.639
5.96794, -330.93, -220.869
5.83428, -416.969, -707.701
3.22071, -373.988, 709.847
7.10415, -984.397, 213.494
4.22228, 32.549, -235.923
6.66824, -416.785, -470.893
2.74349, 269.918, -749.459
3.27936, -246.798, -75.3128
2.55765, 331.626, 510.382
3.94327, 121.411, 589.287
5.07295, -352, -171.068
3.65948, 683.402, 438.008
2.75022, -241.315, -66.8341
5.33091, -595.381, -849.487
6.69774, -153.936, 669.781
4.28763, -641.921, -422.496
4.3452, 168.711, 870.826
7.22226, 255.942, -73.6314
4.72425, -906.053, -184.3
6.82086, 495.468, 189.453
5.82654, -789.938, -737.097
5.79297, 163.571, 666.081
7.10736, -961.108, 962.999
5.11536, 939.487, -614.339
5.45229, 439.378, -442.233
5.79944, 668.748, 670.859
4.24765, 292.506, 460.425
4.11714, 334.451, 61.5512
7.08984, -112.455, 738.769
3.08619, 903.596, -446.34
7.31268, 676.208, -171.137
5.17978, 46.4587, -332.592
5.81447, 857.116, 635.358
5.48362, 887.629, -508.31
6.93363, -506.131, -746.792
6.67999, -671.318, -607.578
6.69339, 246.621, 204.097
6.85642, -215.41, 341.746
2.5002, -768.778, 334.317
4.77274, 258.088, 351.286
4.25696, -933.535, 151.537
5.80713, -258.103, 709.458
6.22234, -872.935, 152.824
3.3821, -118.012, -445.26
7.4621, 794.494, -814.587
5.95466, -933.151, 174.851
6.97862, 140.993, -18.6824
3.51579, 375.036, -131.488
7.2356, -456.198, -36.4745
4.88476, 897.618, -506.396
6.78578, 922.005, -746.449
6.41237, -982.593, -561.277
5.70687, 915.028, -903.478
3.14521, -724.953, 147.582
5.77944, 4.01205, 649.617
3.09199, 53.0498, 9.67441
3.88793, 336.488, 804.937
6.65548, -219.51, -226.965
6.14153, -752.454, -513.65
6.74348, -597.778, 295.957
3.43989, -785.486, -948.872
6.09602, 558.625, -278.686
4.25586, 160.81, 332.594
3.34555, -415.87, -687.111
4.52383, 339.956, -550.18
4.20924, 158.977, 771.743
6.67141, 395.459, -125.553
3.9111, 698.037, 584.074
5.16766, -672.992, -477.355
6.25085, 995.207, -853.055
4.62554, -685.116, -763.32
4.66964, -570.816, 546.975
3.03022, 858.095, -932.892
6.4639, -37.5289, -466.66
3.91232, -572.947, -484.031
7.14264, -580.096, -236.968
5.37926, 239.307, 521.103
3.4895, 816.859, -288.562
5.99081, 575.276, -757.99
3.07265, 495.555, -961.051
4.22945, 307.506, 788.415
4.15646, -582.595, -238.01
6.42735, 828.506, -962.917
6.65775, 459.708, -212.904
4.21712, -740.187, 755.212
4.2603, -274.791, 886.61
6.38197, 145.874, -834.029
6.58658, -12.9375, 688.153
4.26157, -130.104, 285.404
7.09559, -433.214, -301.301
3.2877, 490.51, 253.117
5.56029, -488.607, 564.1
5.54222, -374.12, 710.167
3.16647, -252.198, -746.641
3.51409, -746.533, -477.207
4.79457, -857.308, 501.132
3.48759, -528.373, 927.274
6.77118, -839.917, 372.989
6.54562, -759.624, -693.53
2.80131, -907.569, 886.926
6.50584, -718.054, 656.607
5.49597, -193.082, -543.876
7.43182, -891.495, 308.57
2.65919, -163.382, 638.424
6.8356, 946.663, -773.384
3.69109, 669.081, 347.885
3.6127, 177.109, 432.35
4.73907, -991.695, -542.293
2.61231, 861.337, -172.756
6.79755, -252.913, 22.6117
4.15902, 213.729, 590.881
5.72195, 306.775, 249.584
7.43521, -946.322, -482.469
5.30162, 284.606, -584.009
4.74553, -758.244, -246.206
5.213, 171.379, -716.626
2.90797, 773.115, -32.8087
3.99606, -804.019, -272.537
6.63964, 823.847, 680.53
6.48936, 625.895, 938.398
5.71048, -102.961, 679.71
4.84105, 630.982, 386.912
7.15326, -197.71, -611.039
5.08798, -249.194, -71.2738
7.42924, 798.155, -541.723
5.94567, -81.6707, -724.205
6.19966, -181.074, -445.119
3.46323, -392.397, -935.617
6.08881, -451.257, 625.257
6.11146, 570.049, -181.653
6.49298, 266.274, 153.911
4.23216, 255.408, -997.639
5.1481, -15.7431, -58.4474
3.19001, 715.89, -361.63
6.73218, -225.472, -205.068
6.32766, -84.9657, -885.858
7.5, 923.509, -416.849
4.24891, 483.095, 994.991
5.50367, -601.268, 591.734
3.50808, -496.307, 84.7614
6.2385, 28.2156, 152.127
6.49225, 977.216, 216.184
3.03505, -706.208, 109.365
5.35813, -507.239, 47.3864
2.84683, 358.427, -333.213
4.16036, 749.595, 689.375
5.80945, 487.241, -708.452
5.27726, 172.383, -194.815
7.12415, 228.956, -11.7313
2.69832, -486.267, 226.983
2.62083, -312.038, 240.537
4.61923, 214.617, -656.964
4.36987, 460.798, 136.28
2.93303, -235.934, -259.742
3.05403, -162.827, 166.416
5.31992, 369.005, -348.574
7.37269, 62.1497, 742.714
3.05066, -47.9547, -881.876
5.99352, 99.043, 982.224
2.79674, -50.2528, -743.628
4.69755, 835.6, -108.739
5.24651, 992.853, 716.356
3.45129, 691.784, -750.616
7.36597, 313.552, 327.695
3.19593, -676.297, -71.8558
5.48978, 942.414, -432.862
7.12812, -873.329, 704.217
3.91116, -75.7306, 890.491
6.8307, -139.91, -81.1468
6.29598, -228.678, -601.331
6.10793, 353.687, 623.591
3.34241, -377.219, 370.534
3.32882, 838.445, 374.776
3.39076, -647.391, -990.549
5.87226, 335.807, -602.721
4.83484, -355.311, 40.1901
6.85219, -811.532, -358.211
5.76023, -696.43, -117.628
5.80464, 763.162, 881.913
2.58037, -660.945, -596.152
4.30596, -779.739, -667.764
3.72747, 925.728, 120.206
6.93086, -938.167, -950.749
5.23701, 825.27, 773.47
6.57209, -26.2729, -652.234
5.24453, 174.104, 868.696
4.16156, 506.415, -55.9553
4.40213, 24.8251, -654.83
2.52389, 932.476, 655.185
6.95226, -90.6352, -397.302
6.16955, -497.973, 686.26
6.04239, -153.727, 668.889
5.1278, 54.3118, -187.442
6.41065, -191.704, -815.582
3.42484, -385.345, -470.452
5.72673, 244.624, 511.619
3.42178, -689.984, -343.654
3.31214, 64.1135, -85.2917
2.65594, -181.924, 850.728
7.42716, 130.316, -665.599
4.04559, -332.09, -717.886
4.11075, -668.741, -297.481
5.51155, 288.013, -232.876
2.89107, -329.575, -923.262
3.93936, -18.9687, 88.8966
5.79307, -122.681, -493.863
7.36348, -994.109, -349.017
7.27758, -363.19, -796.787
7.42745, -670.993, -289.338
7.30478, -914.458, -764.518
3.0073, -558.791, 568.857
3.71505, -126.237, -490.228
6.91151, 98.8939, -433.743
5.28805, 340.655, 701.466
6.7669, 803.158, 515.917
7.49145, -535.269, 522.988
3.99751, -257.909, -481.895
6.33157, 979.978, 488.733
4.81901, 284.103, -143.385
6.8168, -636.257, -793.599
6.99018, 860.935, 5.3657
7.377, 258.007, -416.857
2.77405, 661.061, 79.3544
6.32605, 948.829, -618.213
5.09219, -934.051, 739.456
3.46574, 931.692, -242.571
6.98252, 195.292, -543.161
6.38492, -831.55, 98.2981
2.75968, 416.126, 541.505
7.47331, -854.799, 765.887
5.93659, -2.31608, -459.398
5.94854, 888.392, 496.791
6.57666, -657.323, 820.876
7.05426, -36.5779, -436.063
3.34218, -201.384, 404.739
5.24183, -580.12, 804.279
6.53351, -481.651, -252.19
4.17803, 320.318, -531.651
5.53435, -101.383, 39.6973
6.59602, -953.537, 334.097
7.3485, 85.5531, -247.367
6.29349, 585.172, 492.941
3.72113, -183.643, -93.044
5.80589, -572.228, 403.757
4.21574, -447.95, -186.513
7.27146, 376.18, -396.473
2.60828, 803.85, 555.888
4.54979, -892.026, 947.148
2.55789, 590.833, -672.968
3.04964, 841.716, 201.01
5.28259, -850.572, 91.4067
4.45466, -31.8412, -235.163
7.20539, 117.967, -182.689
2.55572, 179.297, 396.081
6.22897, -223.744, -435.409
3.84293, 109.819, 128.779
4.27153, -679.181, -760.529
3.45835, -465.517, 617.065
5.14832, 295.925, -170.142
4.39478, -58.702, -855.144
3.16407, -12.8688, -802.706
4.26563, -124.97, -565.747
4.2497, 783.946, 986.103
7.41084, 610.999, -120.937
5.25961, 150.639, -385.447
4.99918, 13.4573, -714.058
3.58531, -834.667, 457.584
4.37311, -231.692, -652.035
6.78251, -663.164, -472.013
6.45578, 788.95, -510.4
3.9204, -491.415, 929.093
5.07645, 437.487, 100.5
6.79238, -294.184, -25.4499
7.07844, -946.117, -172.778
7.48941, 136.651, 917.03
6.53177, 172.711, -195.045
5.22718, -904.756, -184.728
7.3461, 149.759, -737.743
5.31931, -585.291, 362.642
4.03031, -415.583, 660.331
5.41853, 967.345, 953.692
2.91197, 55.6088, -332.374
5.47382, 354.268, 624.118
3.31968, -598.753, -591.674
6.46527, -610.035, -436.658
2.95373, 578.911, 741.275
6.3072, -505.505, -679.811
6.83996, -219.363, 32.7735
6.40105, 192.17, -334.474
6.61399, 908.619, 970.795
6.70974, 372.608, 553.451
4.48328, 532.6, 256.239
6.508, -159.418, 170.291
6.56811, 380.859, -44.1863
5.43493, -409.982, 101.35
4.64621, 796.28, -50.4172
2.5002, -68.4875, -479.355
5.31153, -815.533, 316.578
6.22632, 335.956, 355.749
3.89846, 965.437, 297.72
2.93406, -987.453, 565.159
3.5733, 853.478, -880.932
3.93296, -493.474, 555.276
4.86595, -407.032, 475.482
6.95893, 845.465, 819.892
5.91955, 507.461, -500.256
3.54376, -50.8463, -65.5344
6.67533, 794.518, 12.163
7.09218, 941.368, 917.599
4.48244, -474.76, -701.502
6.37858, 541.75, 538
5.68161, -161.623, -90.6303
6.64746, 483.59, 292.322
3.40204, 558.866, -458.179
7.45927, 579.741, -765.636
6.70558, -150.866, -844.996
4.65177, 888.624, 266.25
4.38589, 596.805, 890.323
2.70802, 655.847, -505.852
6.80715, -808.014, -539.981
6.62116, 912.085, -907.066
6.25052, 16.355, 733.666
3.55801, -165.174, 994.069
4.31029, -781.907, -192.307
4.43545, -591.481, -803.671
7.32918, 805.283, 640.238
6.5872, -168.383, 630.997
4.5755, -82.4477, 449.429
5.83759, 205.951, 184.132
2.52101, 477.445, 975.401
6.98048, -742.135, 254.822
3.68416, -343.441, 355.309
3.79415, 359.592, -96.1364
5.4939, 407.068, -708.071
6.89823, -845.395, 378.913
6.16299, -565.597, -592.369
6.0773, 914.031, 570.775
3.57724, -608.573, 481.043
6.30413, 678.573, -958.2
3.85351, -160.39, -560.789
2.75246, 667.784, 342.612
4.78866, 268.629, 245.671
2.58759, 449.314, -779.408
3.01129, 75.4243, -175.643
2.639, -129.354, 281.163
5.65921, -340.771, -515.577
6.34425, 84.6794, -246.834
2.74132, 525.583, -840.855
6.6924, -58.1691, -630.679
6.76899, -263.1, -320.847
6.57649, -444.576, 573.976
6.85188, 795.18, 405.809
5.27222, -634.274, -172.338
6.12646, -296.322, 59.937
3.20424, -527.705, 938.391
6.6115, 601.154, -530.616
5.51185, 734.131, -197.462
4.93856, 509.173, -921.097
6.14942, -288.617, 953.835
4.05164, 757.616, -669.34
3.93925, -699.348, 354.223
5.45857, -953.577, 811.18
5.34055, 656.67, 886.329
5.41059, -928.392, -578.923
2.84132, -689.496, 283.21
4.34304, 152.953, -381.905
6.28475, -937.5, -576.224
6.35297, -447.042, -875.125
4.27217, -394.09, -252.261
5.98913, 243.255, 932.868
5.08005, -683.984, -303.615
5.94494, 391.608, 131.788
6.18066, -82.173, 615.683
2.56231, -343.665, -675.327
7.16549, 605.588, -122.882
5.37826, 133.658, 126.536
3.05587, 458.983, 974.776
4.87388, -109.255, 24.9203
3.24247, 173.544, 94.1639
4.22594, 50.9683, 449.989
7.04476, -933.109, 184.328
4.54571, 15.4242, 516.313
5.96642, -679.028, -76.9312
3.35865, 383.146, -934.459
6.21715, 893.54, -504.967
4.16319, -423.661, 641.312
4.62157, 668.078, 311.445
2.79523, -137.258, -115.407
5.09005, 282.211, -239.934
5.94425, 474.72, -581.547
5.01149, -257.294, 22.0537
6.56617, -169.081, -751.583
3.07974, 81.6959, -939.827
5.24841, 266.621, 465.529
5.06046, 411.851, 21.3524
6.02649, 953.314, 441.67
5.65083, -236.866, 890.053
4.0207, -24.0802, -633.826
6.74719, 400.15, 372.199
3.39619, 602.202, -20.3241
2.61737, -530.822, -100.281
4.19467, 740.661, 54.1841
3.43818, 350.58, -84.7385
6.60467, -286.336, 190.352
6.72507, -895.738, -156.23
6.78031, 845.918, -720.047
7.37454, -954.635, 640.881
2.99587, 470.376, -448.464
2.56182, 564.461, 657.08
2.58614, 219.775, 585.646
2.64527, 252.44, 95.0028
4.1031, 150.832, -390.549
6.17815, 627.803, 302.693
3.14876, 364.855, 475.498
2.5161, -367.977, 507.533
6.91905, 139.068, -791.065
3.70482, 231.538, -574.856
4.38481, -821.448, 759.344
4.44879, 609.799, 186.286
2.81534, 595.884, 295.179
7.30792, 183.709, 958.931
3.75349, 726.905, -338.108
6.85376, -680.586, -58.1606
2.85991, -919.092, 427.644
2.70653, -625.253, 578.051
3.46378, 363.252, -523.745
3.86708, -310.634, 302.855
7.4007, -953.437, -365.667
3.60607, 324.846, -539.975
6.43119, -875.931, 856.645
4.42306, 301.307, -422.365
3.78593, 480.315, -637.15
3.91087, -948.254, 65.9214
7.33834, 868.651, -33.9035
4.22841, 768.818, 172.757
3.45922, -984.661, 737.953
5.05037, -547.984, -379.022
5.21857, -558.208, 634.791
5.72333, -636.866, -615.716
3.89738, -10.2273, 787.958
3.41887, -296.561, -720.257
2.71579, -842.446, 378.222
3.98408, -503.224, -265.323
4.25548, -231.569, 140.864
7.09372, -421.316, 728.63
5.81225, 505.559, -362.767
5.08041, 867.009, 586.415
4.03763, 616.553, 588.574
3.0007, -353.179, 155.404
3.47502, 380.143, -881.066
4.11407, 31.5236, -132.249
5.56182, 965.225, 86.6269
5.13511, 961.435, -984.627
3.45653, 256.678, 285.315
4.7178, -649.625, -428.508
4.48693, -710.095, 855.532
6.28051, -607.327, 744.824
6.6213, 737.016, 602.627
5.51573, 141.981, -344.328
3.04573, 610.352, -829.68
4.11797, 487.372, -165.415
5.03403, 8.20554, 318.827
4.76521, -648.255, 798.519
4.77315, -181.31, -461.414
4.91125, 917.933, 910.157
5.07896, 369.598, -651.347
4.50207, 197.751, 817.652
4.22945, 962.507, 485.1
6.64533, 928.466, -240.268
3.02204, -733.104, -799.051
6.40057, 586.805, 569.125
3.19919, -297.671, -239.509
2.62171, -801.652, -515.767
6.0664, 407.153, -755.713
7.15538, 155.603, -822.404
7.47667, 181.313, 174.834
3.86264, -882.256, 152.894
3.6923, -477.265, -254.411
3.87328, 963.696, 620.245
5.70836, -909.281, -731.164
5.17637, 310.8, 156.166
6.8967, 836.693, -297.144
6.75968, -663.477, -840.368
2.98004, 909.931, -35.3644
4.66818, -750.998, 198.851
3.17045, -205.688, -757.838
5.86802, -160.927, 316.967
5.34964, -53.4199, -480.565
3.66474, -624.1, 562.966
5.50306, 266.752, -689.957
2.6551, -803.899, -28.2836
7.08512, 569.031, -312.436
3.82958, 864.504, -179.145
6.50016, -184.953, -509.451
5.46389, 169.297, -724.443
5.0822, 358.855, 616.798
5.2567, 319.432, 644.424
3.47225, 507.301, -233.516
5.36152, 121.327, -743.499
3.81992, 213.972, 402.858
4.41648, -765.324, 539.8
2.73626, -754.666, -897.574
4.22823, 587.13, -670.71
3.61594, 679.34, -437.108
3.81264, 16.947, -737.687
3.05141, -430.232, -402.259
7.40088, -705.982, 20.2893
5.93794, 797.676, 641.847
5.82158, -547.925, -379.39
5.99501, -601.98, -673.213
2.68746, -833.328, -775.611
3.6706, -628.951, -745.739
3.95397, 717.429, 694.017
3.50543, -39.7662, -259.984
2.7177, 376.099, 332.538
2.56571, -533.125, 521.612
6.07297, -527.725, 765.573
6.88348, -871.272, -630.197
5.35088, -887.775, 271.828
6.92743, 866.01, 871.086
5.20042, -356.491, -280.136
3.31357, 930.066, -647.799
3.30492, 968.103, 440.279
7.19182, 319.411, 287.5
3.45628, 554.366, -852.9
3.15761, -4.68839, -108.978
4.41122, -315.441, -5.24905
6.12674, 257.802, -265.478
2.50651, 539.693, 874.861
4.60222, 21.4162, 736.015
5.18984, 308.214, -214.034
4.86596, -238.822, 247.369
6.33003, 544.694, 869.919
2.9396, 555.029, -470.002
7.04284, 133.614, 323.915
3.20818, -877.068, -395.579
2.54782, 436.416, -51.8213
2.82267, 239.66, 520.858
4.96742, 381.877, 222.495
5.40914, 532.761, 985.491
4.03373, -948.929, 544.882
4.57091, 917.607, -68.047
4.33401, -574.496, -689.1
3.42687, 185.321, 669.05
2.76788, 639.018, 161.907
4.47222, 541.522, -65.4729
3.98388, -347.992, -132.034
5.05388, -396.321, 820.878
3.75392, -699.839, 230.351
5.01589, 965.193, 885.028
2.51168, -15.9605, 797.713
7.01807, 997.14, -448.222
2.79181, -906.052, -948.415
5.17506, -688.645, 804.941
3.95754, -384.38, 875.444
7.3023, -814.366, -272.575
4.73406, 319.724, -109.226
5.08479, 895.013, 167.689
5.93861, -256.183, 15.0167
2.72187, -160.635, 76.1334
7.2946, -798.26, 606.934
5.70852, 363.487, 155.541
2.80215, 630.395, -781.12
3.33964, 48.5281, 268.193
5.76491, 487.606, -249.493
6.19864, -769.51, 339.578
3.57011, 860.378, 200.703
4.31441, 157.372, -874.721
6.56981, -648.138, 934.909
5.32057, 807.81, -470.613
7.45886, -42.4258, -897.102
6.5669, -763.672, 397.606
3.49157, -994.11, -23.0397
2.50003, -161.709, -854.056
4.62608, 944.158, -775.358
4.07406, 834.337, 195.068
5.56218, 606.911, -933.916
3.83351, -202.514, -544.317
4.39881, -595.09, -61.159
5.43397, 966.711, 295.951
5.95636, -141.538, -515.525
7.26736, -459.348, -571.897
4.89785, -292.857, -954.771
3.60319, 375.926, -730.67
5.33741, -724.84, -447.047
6.09873, 433.179, 364.269
4.4953, -488.673, 563.407
3.48326, -689.615, 990.411
6.66971, -674.233, -759.217
5.59561, -449.371, -868.483
7.26866, -294.59, 172.383
3.23222, -14.3707, -279.953
5.38953, 40.6798, -460.025
7.26796, -392.297, 723.001
3.62331, 720.489, -977.703
7.25137, -490.191, 808.846
3.07874, 799.062, -518.252
2.58372, 29.6416, -262.404
3.90465, -352.267, -171.109
7.15042, 647.639, 168.063
3.04796, 746.527, 871.975
6.77266, 30.415, 830.301
5.68532, -726.56, -732.33
5.63853, 409.155, -711.332
3.80589, 727.427, 743.511
5.13936, -950.982, 220.028
7.16608, -268.357, 913.478
3.98055, 923.437, 101.328
4.78006, 155.827, 456.57
6.35659, -656.605, -621.5
4.17193, 99.5399, 116.112
6.31775, -39.5411, -944.333
6.65892, -30.0677, 943.207
2.64618, -725.186, 568.353
4.31315, 715.441, -267.656
4.16221, 283.822, 461.166
3.17675, -519.233, -304.826
3.00839, -306.711, 623.698
5.11327, -610.029, 815.368
3.52046, 30.6556, -534.498
5.00728, -868.86, -630.964
5.1371, 2.99454, 961.789
4.13422, -269.18, -292.97
4.75888, 226.146, -445.266
6.85263, -7.42919, 985.846
4.72884, 645.776, 865.329
6.03726, -458.932, -919.868
6.83171, 915.355, -699.271
6.5822, 870.672, 221.297
2.67504, 895.904, 837.67
3.8644, -654.164, -236.407
5.21858, -422.818, -430.854
3.19942, -991.758, -546.844
5.57408, -779.356, -936.053
3.29182, -693.116, -605.613
4.41129, 99.0053, 221.174
5.94997, -94.3403, 189.532
3.21128, -389.059, 460.768
5.65284, -785.083, 794.567
3.15973, 199.49, 936.366
7.13583, -739.773, 251.044
5.53465, -939.435, 784.892
5.50388, -922.097, 370.626
3.33635, 599.025, -527.171
3.301, -863.544, -401.336
5.91628, 624.099, -29.8857
5.1456, -714.999, -13.9441
3.65264, -131.982, 811.569
6.55373, -502.337, -58.2586
5.76477, -420.487, -560.88
4.08597, -551.958, -584.136
2.53953, -262.621, -816.063
3.49176, 728.784, 742.244
3.78831, -8.61547, 382.073
3.03825, 891.594, 38.7003
3.49545, 132.55, -435.409
6.75079, 803.754, -772.046
6.63912, -985.12, 213.172
6.76813, -960.365, -552.152
5.71027, 285.64, 779.781
3.6787, 728.428, -988.934
6.80638, -502.642, -809.998
5.4745, 36.878, -102.375
2.52745, 507.31, -29.9278
6.84925, -662.898, -471.411
7.37729, 650.164, 106.569
5.59653, 379.326, 13.5524
3.85574, -943.431, 380.022
7.46973, -159.144, -634.892
4.60751, -723.458, -530.117
4.20537, -794.88, -615.467
4.80717, 363.06, -137.754
4.44822, 264.441, -379.238
4.613, -50.3448, 515.456
2.84879, 131.933, 287.399
5.5153, -58.1319, -127.096
7.36114, -49.7103, 230.979
5.07406, -696.802, -535.872
7.45461, 955.797, -137.698
5.84906, 625.473, -148.242
4.01716, -605.781, 70.6446
3.47371, 875.294, 566.286
4.0109, -709.796, -937.541
4.93946, -334.865, 461.358
4.72438, 530.858, 980.46
5.7844, 319.734, -941.736
3.74227, -779.625, -667.338
4.72007, 54.9156, 555.919
5.75894, -691.872, 53.8564
6.67472, -713.781, 188.765
6.03698, 199.918, 820.151
4.93928, -871.465, -602.48
6.72039, 399.876, -239.148
7.00296, -498.78, -183.585
6.33082, -650.964, -526.62
5.29453, 628.765, 848.628
2.70603, -21.6275, 91.9059
5.46749, 564.308, 65.5153
2.68674, -680.959, 827.779
4.53488, 22.9942, 437.016
2.84243, -976.411, -882.101
7.38558, -778.066, -882.493
2.5956, -517.383, -233.525
6.60363, -160.2, -272.869
5.2195, -374.78, 878.138
5.72828, 791.997, -332.554
3.62934, -260.75, 57.1546
2.733, 828.359, -694.929
3.63154, 214.653, -555.987
4.58371, -633.576, 135.238
6.40126, 266.03, -631.965
3.72852, -922.44, 388.806
4.81411, 659.252, 88.17
6.14756, 928.94, 291.272
5.35237, -330.435, 816.047
5.45997, 928.335, 924.983
4.98425, -943.943, 281.058
3.951, 494.368, 109.182
4.71107, -5.37127, -226.671
2.53669, 854.773, -395.967
7.41683, 496.866, -359.269
2.52822, -810.119, -145.72
4.8676, -98.613, 735.923
5.86497, -310.364, -121.996
