6.27803, -736.867, -999.594
3.5948, 65.7575, -86.9197
5.89648, 357.872, -905.73
5.09708, -233.111, 869.705
2.76731, -930.968, 661.642
2.53849, 336.873, 54.3803
4.58743, -865.803, -233.102
7.15218, 177.985, 373.658
2.95982, 53.7043, 692.308
6.00595, -167.68, 308.374
3.81226, 524.597, 820.457
4.14117, 472.132, -904.844
7.45519, 512.627, 265.042
7.41275, -506.409, -270.156
5.75759, 506.55, 445.203
6.92354, 263.217, -854.387
6.33247, -126.932, -454.511
3.87453, -523.958, -44.8233
4.93259, -667.637, -283.192
2.80282, 818.561, 794.987
5.08146, 8.97101, 808.999
4.96988, 972.97, -361.996
7.23882, -818.298, -467.774
4.42071, -3.39863, -852.075
5.14874, 827.417, -446.003
2.75042, 881.74, -70.7676
6.63909, 540.431, 523.649
5.94228, -967.819, -749.076
6.18112, 259.076, 736.404
6.94286, 998.28, 450.778
4.25508, -387.036, -533.683
6.72991, 182.24, 26.516
3.84659, 681.222, -174.532
4.83959, 75.6907, -173.024
3.2686, -643.63, -425.2
2.66527, 605.21, 143.232
7.2768, -3.21911, 69.1292
6.95369, 109.226, 496.419
3.29884, 683.794, 249.556
3.15214, 429.376, -574.376
2.515, -450.906, -817.899
6.0491, -947.22, -172
3.40448, -519.794, 875.445
5.76029, 773.877, -364.721
4.42907, 362.851, -699.265
3.23766, -5.9094, -225.861
5.45054, 690.608, 174.242
3.24076, 112.739, 910.706
3.2091, -182.404, 966.36
4.94257, -495.571, 129.646
3.13015, 922.934, -66.6715
5.64635, -361.301, -600.269
5.60817, 302.396, -746.333
4.88216, -504.039, 605.918
2.64188, -592.855, -222.392
3.21011, -146.606, 803.155
3.15594, -179.468, 894.684
3.31099, -815.864, 770.608
3.76529, -269.252, -857.548
4.77654, 566.703, -730.062
6.54472, -95.3361, -300.881
3.57624, 303.235, 863.039
3.75063, 817.288, 362.696
5.02978, -57.5226, 721.642
6.27922, 635.101, 200.005
5.66369, 902.725, -75.113
5.9449, 648.735, -121.728
7.27207, 974.008, 404.683
5.18713, -421.463, 702.971
4.57014, -790.209, 33.7131
4.70019, 752.998, 153.562
6.07821, 738.378, 459.436
6.20858, 412.799, 601.212
5.12494, 771.97, -961.664
6.06711, -869.357, -73.4141
5.91025, 335.286, -22.0816
6.82941, 833.169, -600.761
3.19597, 87.7243, 779.727
3.57766, 978.235, -99.4102
5.0733, -368.292, -108.174
4.83766, -120.478, 762.368
3.55759, -269.533, 613.193
5.65244, -690.443, 994.818
2.5044, -997.535, 231.708
4.09589, 454.545, 546.548
5.90281, 364.855, -164.014
6.0446, 672.692, -589.326
2.90869, -810.749, 657.247
3.56926, 259.308, 528.196
4.44412, -837.651, -572.797
4.44927, 895.407, 904.192
3.92018, 384.226, -461.531
4.6123, 567.533, 553.578
2.55658, -606.639, -437.84
3.72027, 965.029, -616.629
4.49072, -726.78, 639.808
6.64177, -646.331, 201.973
3.78584, 975.643, -684.69
3.59705, -797.123, -532.726
6.47385, 391.88, 269.388
5.8476, 505.668, 392.429
5.49108, -887.383, 268.054
5.99917, -362.516, -545.758
5.13062, 525.244, -764.878
4.14833, 176.545, 107.368
3.30844, -713.961, 405.77
6.56633, 720.297, -29.2761
4.08004, 477.98, 113.814
4.05369, 56.9301, -729.474
4.65424, 36.1173, 175.815
4.46509, -257.97, -481.582
4.43916, -48.2815, -106.795
4.34871, -843.104, -441.532
5.88118, 343.532, -492.238
6.10384, 456.928, 27.8911
7.20082, -78.0014, 889.753
5.08573, -79.1556, -356.931
5.5282, -196.176, 322.729
5.85049, -698.87, 973.296
5.11404, 83.2507, -312.112
3.87105, -969.362, 657.856
7.08924, 92.4304, 285.898
3.73367, 939.8, -466.516
4.77876, 387.813, 687.656
3.30374, -955.292, 641.115
4.68319, 415.487, 413.589
7.45767, 503.06, 165.096
6.26931, -440.85, 391.327
4.97846, -991.097, -657.493
7.01651, -672.855, -840.017
4.68213, 493.298, 565.696
5.09239, 169.489, -986.976
4.44866, 88.0575, -865.967
5.63431, -228.128, -568.321
5.19331, 418.394, 318.107
4.35955, 631.898, -439.348
2.54674, -378.149, 371.128
6.3794, 41.8588, -792.136
2.85317, -889.274, -558.787
3.98511, 447.356, -679.463
4.78581, -40.1039, -901.619
3.25156, -105.925, 39.782
5.97819, 667.411, -428.298
4.15587, 365.264, 157.358
5.21197, 973.541, -884.763
2.64678, 712.772, -996.019
5.38086, -20.7185, -244.365
5.18133, 359.089, 477.68
7.36678, -755.156, -928.529
5.57063, -297.394, -623.172
5.26431, -747.936, 215.044
6.69051, -285.422, 907.854
3.75764, -482.275, 947.727
6.98957, 629.695, -149.726
5.97428, 520.725, -510.355
5.82752, -472.782, -96.2386
3.06838, -580.795, -767.06
3.37987, -987.384, 94.0142
2.91253, -136.179, 198.465
6.68103, -249.203, 374.591
2.64818, 946.055, -753.55
6.34719, -10.8031, -840.094
4.29829, -499.905, 867.884
6.24626, 0.119008, 537.98
6.28385, 363.261, 343.635
3.60834, -538.776, -926.95
5.58305, 305.231, 125.368
3.66846, -550.329, -256.762
6.22052, -668.233, 305.846
5.80997, -904.996, -680.708
4.9209, 898.741, -749.822
2.58972, 828.05, 241.84
4.98291, 443.903, 187.7
5.09587, -116.34, -892.191
4.71395, -869.954, 542.482
4.14528, -64.3059, 953.96
3.52671, 486.429, -108.071
7.19863, -254.651, -656.877
2.85168, -492.663, 929.258
3.30042, 52.5997, -751.931
6.70788, -791.113, 32.0305
4.13614, -152.758, -263.54
6.85942, 153.888, 427.112
5.99896, 673.055, 516.449
5.52801, 870.376, -221.761
4.77536, 79.0437, -275.264
2.91543, -519.249, -195.083
3.94883, -55.2161, -156.289
6.51009, -567.49, -789.815
6.81821, 339.425, 56.7929
3.81831, 422.992, -512.388
4.79881, -837.828, -234.477
4.95672, 591.675, -533.429
5.82344, -467.724, -993.208
7.31738, -626.383, -149.92
7.23022, 591.095, -732.111
2.81902, 214.411, -657.48
5.04829, -413.519, -306.043
6.13222, 668.647, 652.061
5.65882, 603.899, -340.976
3.26658, -917.009, -909.261
5.09652, -875.454, 535.012
3.52281, -558.779, 858.03
6.03231, 399.43, -821.917
6.05786, -476.294, -11.0746
3.66304, -597.182, -242.645
6.80594, -62.647, -129.406
2.67122, -110.841, 954.15
6.26587, -936.611, 47.8607
4.14789, 645.493, 182.557
4.65309, 72.9191, -535.67
7.33455, 974.143, -192.903
4.05803, 734.875, 700.631
5.69762, 994.625, -703.041
5.95386, 864.098, -63.6876
5.36403, 82.7898, 630.646
6.60667, 890.595, -681.731
4.21807, -916.729, -688.573
5.09387, -807.122, -779.599
6.78438, 122.927, -954.865
6.18587, 348.829, 34.2844
3.45992, -953.645, 396.293
2.83145, -308.246, 341.86
3.60828, 847.349, -721.972
3.33656, 171.901, -239.39
6.31172, 382.217, -946.447
5.44905, -845.194, 427.142
4.65223, 859.396, 851.125
7.09618, 662.347, 11.9574
5.09668, 447.487, 202.458
7.38058, -677.287, -18.6037
5.15714, -453.457, 148.585
2.98716, 334.104, 396.772
5.83983, 221.225, 97.5685
5.44444, 142.971, -10.7457
5.01137, -699.086, -115.615
2.75808, -936.343, 462.488
2.6753, -357.537, 42.4298
4.41484, -785.615, -509.976
5.55555, 194.043, 103.648
5.06574, 543.251, 873.9
5.98498, 300.435, -26.619
4.89891, -26.213, -184.969
3.88323, 68.3947, 420.972
6.01685, -439.743, 210.937
3.67701, 876.373, 60.7518
6.41501, 194.403, -173.233
6.60589, 362.797, 840.212
3.21842, -539.153, 54.7096
5.75757, -496.679, 799.565
3.87677, 871.699, -990.033
7.26215, -441.405, 717.417
4.58238, -753.907, 13.6717
3.03869, -126.988, 404.81
4.70633, -800.113, 532.286
6.28811, -407.724, -309.548
2.77803, -338.493, -322.742
3.51241, -29.311, 146.238
6.82305, 948.121, -772.675
6.52456, -265.229, -15.9684
2.78861, -680.718, -675.386
4.40304, -63.8321, -701.481
4.56124, -151.306, 767.229
2.80071, -383.199, 302.582
7.09746, 795.641, 629.927
3.35398, 539.932, 802.554
6.51634, -935.695, 147.927
3.88599, 723.26, 44.5422
4.44586, 173.646, 738.928
7.19936, 51.4681, 623.774
6.24573, 159.809, -160.248
3.44774, -323.928, 761.428
6.89581, 437.698, 486.159
6.8953, 420.032, -853.962
3.30515, -819.427, -279.673
5.87346, -806.919, -166.403
6.89096, 626.222, 125.332
6.98262, 269.703, 537.916
3.06535, -26.9112, 756.648
5.93789, -234.56, -245.427
3.21651, -845.873, -756.938
3.6901, 416.949, -44.7088
5.64383, 951.399, -218.053
4.312, 817.739, 359.562
4.64437, 588.553, 718.357
4.91936, 0.285703, -851.615
6.20379, -0.788272, -99.0552
3.23098, -399.195, 865.796
7.36238, -837.077, -778.805
7.3158, -522.544, -184.451
3.14741, -603.638, 666.793
5.3784, -321.573, -607.336
4.66439, 171.277, -119.727
5.50066, -235.945, -263.027
5.85098, -702.129, -140.449
4.5137, 396.164, 990.562
6.46691, 639.135, 698.264
4.89889, -980.441, -251.437
5.72449, 293.287, 277.995
4.28836, -245.349, 598.162
5.96794, -331.311, -220.977
5.83428, -416.953, -709.803
3.22071, -371.354, 709.473
7.10415, -988.11, 205.54
4.22228, 32.9793, -236.058
6.66824, -417.802, -471.594
2.74349, 269.348, -750.929
3.27936, -246.43, -82.8212
2.55765, 331.894, 511.492
3.94327, 121.76, 589.683
5.07295, -357.983, -169.091
3.65948, 683.975, 438.26
2.75022, -251.368, -69.6135
5.33091, -595.148, -851.837
6.69774, -154.791, 663.723
4.28763, -638.002, -415.058
4.3452, 177.71, 868.396
7.22226, 255.707, -73.8414
4.72425, -899.736, -187.919
6.82086, 496.43, 191.476
5.82654, -790.691, -737.812
5.79297, 162.727, 666.643
7.10736, -961.994, 963.889
5.11536, 935.973, -611.19
5.45229, 439.553, -442.379
5.79944, 669.278, 673.659
4.24765, 288.429, 460.757
4.11714, 329.094, 68.6944
7.08984, -114.836, 738.44
3.08619, 903.515, -446.615
7.31268, 673.095, -168.342
5.17978, 50.8326, -333.879
5.81447, 859.342, 636.074
5.48362, 883.422, -512.825
6.93363, -506.066, -747.745
6.67999, -673.66, -607.633
6.69339, 246.507, 204.694
6.85642, -216.651, 343.044
2.5002, -769.753, 341.595
4.77274, 257.602, 351.992
4.25696, -936.888, 145.346
5.80713, -258.289, 710.048
6.22234, -877.846, 152.867
3.3821, -115.224, -441.633
7.4621, 794.49, -816.101
5.95466, -933.891, 186.355
6.97862, 138.953, -24.7892
3.51579, 376.868, -131.052
7.2356, -455.288, -36.5492
4.88476, 905.371, -510.73
6.78578, 922.743, -745.914
6.41237, -985.424, -564.572
5.70687, 919.448, -899.699
3.14521, -725.671, 146.927
5.77944, 3.75795, 649.312
3.09199, 52.9316, 10.0451
3.88793, 337.591, 805.919
6.65548, -217.423, -226.652
6.14153, -753.004, -513.94
6.74348, -597.601, 296.118
3.43989, -788.348, -953.948
6.09602, 559.202, -278.165
4.25586, 161.759, 332.711
3.34555, -415.826, -685.906
4.52383, 342.265, -552.226
4.20924, 158.766, 772.812
6.67141, 398.662, -125.519
3.9111, 698.119, 583.982
5.16766, -665.397, -473.171
6.25085, 997.098, -853.536
4.62554, -672.085, -756.914
4.66964, -572.528, 546.493
3.03022, 858.554, -933.688
6.4639, -36.1571, -467.297
3.91232, -572.295, -484.799
7.14264, -583.392, -238.487
5.37926, 233.995, 527.168
3.4895, 815.87, -287.527
5.99081, 581.273, -769.893
3.07265, 495.875, -963.096
4.22945, 308.979, 789.683
4.15646, -571.225, -235.588
6.42735, 828.698, -964.181
6.65775, 459.923, -213.066
4.21712, -740.683, 755.531
4.2603, -275.484, 884.51
6.38197, 144.091, -837.974
6.58658, -13.3324, 688.363
4.26157, -128.802, 281.959
7.09559, -436.325, -301.609
3.2877, 489.367, 252.43
5.56029, -495.304, 554.673
5.54222, -371.182, 709.023
3.16647, -252.598, -747.906
3.51409, -747.707, -476.426
4.79457, -857.97, 501.059
3.48759, -530.279, 926.564
6.77118, -837.652, 368.522
6.54562, -759.64, -694.658
2.80131, -908.731, 888.145
6.50584, -717.696, 659.005
5.49597, -199.375, -544.859
7.43182, -892.375, 310.11
2.65919, -171.462, 626.566
6.8356, 946.386, -785.121
3.69109, 668.698, 342.658
3.6127, 179.058, 433.627
4.73907, -995.679, -541.452
2.61231, 864.226, -177.212
6.79755, -247.709, 26.4043
4.15902, 218.265, 588.086
5.72195, 307.588, 248.26
7.43521, -947.723, -481.876
5.30162, 284.642, -584.421
4.74553, -758.556, -246.145
5.213, 172.021, -720.926
2.90797, 773.182, -32.7986
3.99606, -799.104, -274.466
6.63964, 825.652, 682.878
6.48936, 626.451, 940.236
5.71048, -102.624, 679.612
4.84105, 631.43, 387.698
7.15326, -197.021, -612.457
5.08798, -244.087, -66.2301
7.42924, 798.476, -544.046
5.94567, -82.8162, -725.717
6.19966, -181.383, -442.455
3.46323, -392.178, -937.181
6.08881, -450.406, 626.205
6.11146, 570.129, -182.568
6.49298, 265.941, 154.084
4.23216, 255.559, -999.151
5.1481, -15.6104, -56.641
3.19001, 715.853, -362.696
6.73218, -226.058, -202.246
6.32766, -86.0351, -887.421
7.5, 923.779, -415.303
4.24891, 483.214, 997.667
5.50367, -601.876, 592.936
3.50808, -496.563, 85.5037
6.2385, 27.6289, 151.383
6.49225, 978.932, 216.064
3.03505, -706.583, 109.524
5.35813, -507.371, 47.538
2.84683, 357.573, -331.571
4.16036, 752.063, 689.287
5.80945, 488, -709.076
5.27726, 173.989, -197.547
7.12415, 228.995, -11.7615
2.69832, -487.074, 227.709
2.62083, -312.859, 241.282
4.61923, 220.03, -657.174
4.36987, 460.751, 136.779
2.93303, -246.09, -267.866
3.05403, -159.114, 171.28
5.31992, 370.117, -349.337
7.37269, 63.4616, 743.573
3.05066, -49.1179, -879.837
5.99352, 99.0318, 984.006
2.79674, -50.0664, -745.215
4.69755, 835.896, -109.614
5.24651, 994.106, 716.913
3.45129, 692.508, -751.297
7.36597, 312.709, 328.527
3.19593, -680.627, -83.4355
5.48978, 945.361, -433.264
7.12812, -874.08, 704.383
3.91116, -67.6421, 897.839
6.8307, -138.595, -79.7649
6.29598, -230.179, -602.507
6.10793, 346.43, 627.821
3.34241, -372.863, 367.359
3.32882, 841.321, 375.875
3.39076, -647.388, -992.065
5.87226, 336.426, -603.702
4.83484, -353.463, 35.724
6.85219, -812.518, -358.328
5.76023, -702.565, -111.487
5.80464, 764.457, 883.631
2.58037, -659.548, -592.767
4.30596, -780.391, -665.798
3.72747, 927.357, 121.943
6.93086, -939.633, -952.027
5.23701, 826.254, 772.821
6.57209, -25.9641, -654.439
5.24453, 166.993, 872.683
4.16156, 506.63, -56.4074
4.40213, 25.7466, -655.041
2.52389, 933.812, 656.142
6.95226, -90.8301, -397.234
6.16955, -499.072, 686.933
6.04239, -153.964, 677.906
5.1278, 52.8699, -188.126
6.41065, -192.474, -816.71
3.42484, -384.453, -470.428
5.72673, 241.983, 512.891
3.42178, -691.281, -345.091
3.31214, 65.5714, -85.5391
2.65594, -181.891, 851.405
7.42716, 130.155, -665.455
4.04559, -332.734, -719.22
4.11075, -672.448, -292.811
5.51155, 284.597, -238.309
2.89107, -329.758, -924.408
3.93936, -17.846, 88.0761
5.79307, -124.175, -491.797
7.36348, -996.25, -348.871
7.27758, -363.238, -798.017
7.42745, -669.989, -299.699
7.30478, -915.939, -766.691
3.0073, -559.147, 570.287
3.71505, -121.124, -494.895
6.91151, 98.5271, -434.638
5.28805, 340.889, 702.997
6.7669, 803.855, 515.707
7.49145, -532.403, 519.853
3.99751, -251.179, -478.139
6.33157, 983.084, 490.673
4.81901, 283.456, -142.876
6.8168, -636.239, -794.822
6.99018, 861.782, 6.49404
7.377, 258.237, -417.535
2.77405, 661.209, 86.3557
6.32605, 950.274, -620.388
5.09219, -935.112, 739.706
3.46574, 938.339, -248.247
6.98252, 194.119, -542.903
6.38492, -830.615, 98.854
2.75968, 416.687, 542.069
7.47331, -856.414, 766.924
5.93659, -0.755334, -460.04
5.94854, 889.146, 496.857
6.57666, -657.506, 823.115
7.05426, -36.2996, -434.619
3.34218, -201.384, 406.099
5.24183, -579.91, 804.87
6.53351, -474.619, -254.198
4.17803, 318.189, -528.803
5.53435, -95.0504, 43.7647
6.59602, -955.986, 334.189
7.3485, 86.761, -247.222
6.29349, 586.342, 492.627
3.72113, -186.043, -93.4622
5.80589, -572.339, 404.428
4.21574, -447.334, -186.001
7.27146, 376.699, -396.976
2.60828, 804.482, 556.286
4.54979, -892.419, 948.261
2.55789, 586.932, -669.916
3.04964, 842.792, 203.565
5.28259, -853.394, 90.2498
4.45466, -36.3404, -233.519
7.20539, 118.175, -182.66
2.55572, 179.276, 397.748
6.22897, -224.99, -434.627
3.84293, 108.826, 130.968
4.27153, -678.146, -763.862
3.45835, -468.068, 616.671
5.14832, 296.247, -170.947
4.39478, -59.8777, -854.426
3.16407, -13.3899, -802.355
4.26563, -123.673, -567.22
4.2497, 784.24, 987.363
7.41084, 607.402, -120.412
5.25961, 152.85, -396.125
4.99918, 13.1475, -713.594
3.58531, -834.784, 459.005
4.37311, -229.893, -653.795
6.78251, -666.371, -474.699
6.45578, 787.065, -509.32
3.9204, -496.644, 928.532
5.07645, 437.743, 99.7701
6.79238, -295.922, -26.777
7.07844, -957.367, -175.191
7.48941, 137.17, 918.702
6.53177, 172.013, -195.867
5.22718, -912.218, -183.602
7.3461, 149.452, -739.472
5.31931, -585.534, 362.666
4.03031, -414.47, 661.204
5.41853, 969.436, 955.596
2.91197, 46.1901, -333.969
5.47382, 361.752, 619.056
3.31968, -599.124, -591.694
6.46527, -607.589, -437.461
2.95373, 578.482, 743.267
6.3072, -505.876, -679.956
6.83996, -216.893, 33.9189
6.40105, 193.202, -334.588
6.61399, 908.692, 973.021
6.70974, 372.82, 553.974
4.48328, 536.119, 256.031
6.508, -161.892, 168.122
6.56811, 381.431, -44.4334
5.43493, -410.343, 101.757
4.64621, 797.116, -51.2059
2.5002, -71.4176, -480.038
5.31153, -816.189, 316.204
6.22632, 335.36, 357.704
3.89846, 964.018, 304.048
2.93406, -989.277, 565.477
3.5733, 853.528, -881.495
3.93296, -492.52, 561.156
4.86595, -408.083, 476.19
6.95893, 846.013, 819.939
5.91955, 505.186, -498.905
3.54376, -51.9422, -64.0732
6.67533, 795.373, 12.6793
7.09218, 945.462, 917.422
4.48244, -474.307, -702.414
6.37858, 541.332, 542.204
5.68161, -162.492, -90.9777
6.64746, 483.934, 293.887
3.40204, 560.195, -456.097
7.45927, 576.013, -760.654
6.70558, -150.236, -845.394
4.65177, 889.457, 266.947
4.38589, 597.065, 891.662
2.70802, 657.152, -506.324
6.80715, -811.395, -542.386
6.62116, 909.609, -912.224
6.25052, 23.1242, 737.494
3.55801, -165.099, 996.183
4.31029, -782.142, -192.541
4.43545, -592.044, -805.829
7.32918, 799.32, 646.121
6.5872, -166.588, 633.746
4.5755, -82.8688, 449.844
5.83759, 206.603, 185.205
2.52101, 478.076, 974.94
6.98048, -741.913, 254.429
3.68416, -343.358, 355.605
3.79415, 361.192, -96.9467
5.4939, 409.808, -711.477
6.89823, -851.645, 381.523
6.16299, -566.395, -593.805
6.0773, 916.037, 571.167
3.57724, -609.382, 480.969
6.30413, 678.361, -958.938
3.85351, -159.731, -562.428
2.75246, 671.178, 352.471
4.78866, 267.586, 245.632
2.58759, 450.279, -780.702
3.01129, 74.2451, -168.78
2.639, -129.549, 286.428
5.65921, -340.291, -515.129
6.34425, 85.2324, -246.41
2.74132, 525.464, -841.91
6.6924, -59.1525, -630.787
6.76899, -263.267, -322.729
6.57649, -443.154, 573.516
6.85188, 795.683, 406.524
5.27222, -635.754, -174.056
6.12646, -297.779, 61.547
3.20424, -529.08, 943.116
6.6115, 602.825, -525.303
5.51185, 735.505, -197.886
4.93856, 510.083, -922.419
6.14942, -289.351, 956.651
4.05164, 757.734, -669.819
3.93925, -699.272, 355.012
5.45857, -955.321, 813.05
5.34055, 658.34, 888.728
5.41059, -935.753, -578.03
2.84132, -689.821, 283.278
4.34304, 149.768, -384.442
6.28475, -932.742, -578.935
6.35297, -448.026, -872.984
4.27217, -394.23, -251.695
5.98913, 244.35, 934.236
5.08005, -690.056, -306.38
5.94494, 392.638, 131.061
6.18066, -82.2941, 615.391
2.56231, -344.212, -676.227
7.16549, 607.099, -120.585
5.37826, 134.053, 126.908
3.05587, 457.235, 975.437
4.87388, -110.775, 22.1537
3.24247, 170.834, 90.6034
4.22594, 50.9233, 451.04
7.04476, -933.898, 176.818
4.54571, 15.8573, 515.326
5.96642, -675.544, -73.7768
3.35865, 385.155, -931.086
6.21715, 893.925, -499.357
4.16319, -422.766, 640.363
4.62157, 669.741, 311.158
2.79523, -137.153, -116.93
5.09005, 286.464, -236.042
5.94425, 475.504, -582.117
5.01149, -264.854, 26.0264
6.56617, -168.863, -752.394
3.07974, 81.2065, -941.429
5.24841, 264.466, 465.74
5.06046, 413.346, 21.5284
6.02649, 951.594, 441.862
5.65083, -235.809, 892.491
4.0207, -22.7655, -631.674
6.74719, 400.416, 373.435
3.39619, 601.205, -19.6149
2.61737, -531.788, -100.337
4.19467, 743.128, 55.1875
3.43818, 349.428, -82.8933
6.60467, -285.772, 192.988
6.72507, -896.162, -154.185
6.78031, 845.324, -720.558
7.37454, -955.514, 637.441
2.99587, 471.65, -448.773
2.56182, 564.368, 657.926
2.58614, 211.884, 593.544
2.64527, 253.45, 94.4829
4.1031, 153.064, -377.71
6.17815, 628.448, 303.153
3.14876, 372.13, 474.242
2.5161, -367.698, 508.306
6.91905, 138.842, -791.677
3.70482, 232.138, -576.157
4.38481, -822.492, 756.824
4.44879, 607.935, 187.17
2.81534, 595.688, 295.651
7.30792, 183.773, 961.391
3.75349, 727.423, -337.543
6.85376, -682.002, -55.0754
2.85991, -920.269, 429.219
2.70653, -627.757, 579.967
3.46378, 364.958, -524.195
3.86708, -311.112, 302.835
7.4007, -954.361, -365.925
3.60607, 324.467, -542.843
6.43119, -876.411, 857.614
4.42306, 302.287, -422.912
3.78593, 481.153, -637.594
3.91087, -950.907, 66.8889
7.33834, 869.516, -32.7665
4.22841, 770.621, 173.917
3.45922, -986.522, 738.462
5.05037, -547.893, -381.112
5.21857, -559.009, 635.711
5.72333, -634.342, -616.128
3.89738, -10.1415, 787.362
3.41887, -296.477, -721.595
2.71579, -836.133, 385.398
3.98408, -510.463, -276.562
4.25548, -231.684, 141.274
7.09372, -421.4, 732.617
5.81225, 495.805, -359.103
5.08041, 867.711, 587.466
4.03763, 617.906, 589.79
3.0007, -354.02, 155.889
3.47502, 380.559, -881.538
4.11407, 31.7155, -133.113
5.56182, 967.397, 86.4785
5.13511, 962.39, -985.84
3.45653, 255.055, 286.259
4.7178, -655.636, -429.58
4.48693, -711.469, 857.24
6.28051, -608.03, 744.879
6.6213, 737.495, 602.646
5.51573, 141.88, -343.769
3.04573, 611.297, -831.218
4.11797, 488.087, -165.483
5.03403, 7.7135, 319.298
4.76521, -648.389, 797.245
4.77315, -182.047, -463.604
4.91125, 917.813, 908.938
5.07896, 370.004, -651.567
4.50207, 193.764, 813.625
4.22945, 961.122, 486.086
6.64533, 926.131, -239.421
3.02204, -734.273, -800.597
6.40057, 588.207, 570.684
3.19919, -297.859, -239.752
2.62171, -805.527, -513.662
6.0664, 407.621, -757.621
7.15538, 158.6, -822.348
7.47667, 179.599, 175.216
3.86264, -874.334, 152.842
3.6923, -485.631, -249.052
3.87328, 965.422, 620.767
5.70836, -910.446, -731.669
5.17637, 311.223, 157.344
6.8967, 838.812, -297.697
6.75968, -657.585, -844.265
2.98004, 912.619, -33.5013
4.66818, -753.402, 195.888
3.17045, -206.571, -758.893
5.86802, -157.37, 321.61
5.34964, -53.2203, -483.715
3.66474, -625.558, 561.234
5.50306, 267.194, -691.032
2.6551, -805.381, -28.7533
7.08512, 569.784, -313.249
3.82958, 863.595, -175.939
6.50016, -185.693, -509.142
5.46389, 172.396, -719.7
5.0822, 361.137, 620.028
5.2567, 318.012, 646.187
3.47225, 509.157, -233.152
5.36152, 119.58, -744.292
3.81992, 214.934, 403.425
4.41648, -765.095, 540.139
2.73626, -753.727, -897.633
4.22823, 590.804, -672.261
3.61594, 683.059, -439.369
3.81264, 16.385, -739.567
3.05141, -430.823, -401.644
7.40088, -706.558, 21.2
5.93794, 811.008, 644.659
5.82158, -548.185, -378.424
5.99501, -602.485, -673.804
2.68746, -840.291, -779.947
3.6706, -628.543, -745.686
3.95397, 715.701, 694.33
3.50543, -42.1766, -262.31
2.7177, 378.816, 330.797
2.56571, -543.341, 526.709
6.07297, -528.624, 765.697
6.88348, -869.929, -632.527
5.35088, -890.948, 279.352
6.92743, 866.501, 873.415
5.20042, -356.211, -280.54
3.31357, 930.545, -648.676
3.30492, 971.051, 439.936
7.19182, 320.936, 287.918
3.45628, 555.269, -854.429
3.15761, -6.7555, -113.64
4.41122, -317.866, -4.55542
6.12674, 257.483, -267.062
2.50651, 541.231, 873.796
4.60222, 12.1855, 732.471
5.18984, 310.099, -213.952
4.86596, -239.129, 247.778
6.33003, 542.327, 874
2.9396, 555.155, -472.135
7.04284, 132.477, 324.415
3.20818, -880.364, -394.693
2.54782, 438.817, -52.5488
2.82267, 245.282, 506.888
4.96742, 382.165, 222.639
5.40914, 535.019, 991.207
4.03373, -950.208, 545.141
4.57091, 921.568, -71.0269
4.33401, -573.733, -690.239
3.42687, 187.358, 670.019
2.76788, 635.483, 159.481
4.47222, 542.538, -65.6256
3.98388, -348.275, -131.798
5.05388, -396.571, 821.529
3.75392, -698.756, 230.738
5.01589, 967.483, 884.346
2.51168, -18.9179, 801.48
7.01807, 999.321, -448.507
2.79181, -905.693, -949.752
5.17506, -690.735, 804.57
3.95754, -387.248, 877.91
7.3023, -816.128, -267.558
4.73406, 319.139, -109.322
5.08479, 896.582, 167.417
5.93861, -256.209, 9.84372
2.72187, -160.691, 76.8422
7.2946, -798.992, 607.454
5.70852, 367.821, 159.001
2.80215, 632.089, -782.368
3.33964, 47.6194, 268.418
5.76491, 487.658, -250.902
6.19864, -769.137, 337.164
3.57011, 862.629, 198.992
4.31441, 158.105, -877.228
6.56981, -648.343, 935.919
5.32057, 807.871, -470.694
7.45886, -41.4643, -900.627
6.5669, -763.788, 398.733
3.49157, -995.631, -23.227
2.50003, -164.997, -858.075
4.62608, 948.151, -783.271
4.07406, 832.23, 192.751
5.56218, 607.203, -935.062
3.83351, -194.956, -544.676
4.39881, -595.316, -60.6964
5.43397, 971.465, 292.1
5.95636, -141.681, -517.606
7.26736, -460.384, -572.622
4.89785, -292.757, -956.334
3.60319, 374.89, -732.525
5.33741, -726.107, -446.013
6.09873, 435.271, 364.873
4.4953, -481.966, 568.5
3.48326, -693.31, 998.224
6.66971, -685.654, -763.185
5.59561, -447.973, -873.169
7.26866, -295.989, 170.889
3.23222, -14.4288, -282.287
5.38953, 41.597, -460.736
7.26796, -391.697, 725.506
3.62331, 720.184, -976.214
7.25137, -487.829, 813.739
3.07874, 802.963, -518.932
2.58372, 29.3856, -264.485
3.90465, -345.779, -174.216
7.15042, 651.783, 166.334
3.04796, 745.033, 871.838
6.77266, 31.3875, 832.548
5.68532, -727.377, -733.049
5.63853, 408.075, -708.77
3.80589, 732.475, 740.721
5.13936, -951.205, 221.573
7.16608, -266.057, 917.039
3.98055, 924.398, 100.117
4.78006, 155.273, 458.895
6.35659, -656.994, -625.06
4.17193, 97.366, 114.434
6.31775, -39.4855, -947.547
6.65892, -29.968, 943.974
2.64618, -725.322, 568.699
4.31315, 716.102, -267.994
4.16221, 291.624, 460.499
3.17675, -520.228, -307.374
3.00839, -307.203, 623.957
5.11327, -610.587, 816.835
3.52046, 30.6641, -535.525
5.00728, -872.856, -631.56
5.1371, 4.577, 962.238
4.13422, -270.481, -293.177
4.75888, 225.9, -446.469
6.85263, -7.54988, 988.98
4.72884, 646.987, 865.679
6.03726, -459.245, -921.968
6.83171, 917.068, -699.495
6.5822, 872.629, 222.675
2.67504, 897.976, 837.279
3.8644, -655.352, -235.881
5.21858, -423.196, -431.007
3.19942, -995.891, -542.776
5.57408, -781.495, -936.557
3.29182, -697.087, -606.114
4.41129, 98.6961, 221.414
5.94997, -94.2426, 189.753
3.21128, -388.347, 460.041
5.65284, -785.324, 796.005
3.15973, 200.611, 936.792
7.13583, -741.425, 253.712
5.53465, -940.164, 785.255
5.50388, -922.291, 369.506
3.33635, 612.402, -533.241
3.301, -863.375, -401.725
5.91628, 625.453, -30.3396
5.1456, -716.938, -14.4602
3.65264, -130.788, 814.26
6.55373, -502.46, -58.53
5.76477, -420.912, -561.561
4.08597, -549.115, -582.87
2.53953, -263.074, -817.092
3.49176, 724.124, 749.259
3.78831, -9.19623, 382.396
3.03825, 893.891, 38.8202
3.49545, 133.53, -437.095
6.75079, 803.754, -772.513
6.63912, -986.01, 220.161
6.76813, -960.664, -550.807
5.71027, 284.914, 780.498
3.6787, 731.299, -991.753
6.80638, -502.611, -811.333
5.4745, 37.195, -101.545
2.52745, 508.037, -28.7548
6.84925, -667.17, -473.431
7.37729, 651.34, 107.045
5.59653, 380.163, 13.0851
3.85574, -946.729, 379.302
7.46973, -158.362, -636.559
4.60751, -724.505, -531.162
4.20537, -795.415, -615.897
4.80717, 360.939, -138.38
4.44822, 265.004, -378.633
4.613, -51.2404, 515.688
2.84879, 132.318, 286.692
5.5153, -66.0899, -132.377
7.36114, -49.6891, 231.669
5.07406, -696.74, -536.982
7.45461, 957.333, -137.835
5.84906, 629.375, -149.856
4.01716, -606.031, 71.0458
3.47371, 876.507, 564.849
4.0109, -709.141, -939.104
4.93946, -334.564, 461.737
4.72438, 529.676, 976.773
5.7844, 319.263, -943.422
3.74227, -781.655, -669.396
4.72007, 55.0614, 556.353
5.75894, -691.743, 55.3573
6.67472, -713.321, 188.1
6.03698, 203.878, 824.504
4.93928, -872.624, -601.121
6.72039, 400.272, -239.955
7.00296, -496.359, -182.131
6.33082, -650.403, -527.703
5.29453, 628.286, 847.911
2.70603, -26.6457, 96.936
5.46749, 564.797, 65.1897
2.68674, -683.057, 830.519
4.53488, 21.6666, 437.07
2.84243, -977.719, -882.772
7.38558, -779.664, -882.623
2.5956, -518.243, -232.807
6.60363, -162.321, -276.266
5.2195, -371.363, 880.491
5.72828, 792.952, -332.452
3.62934, -260.757, 60.3038
2.733, 827.203, -693.804
3.63154, 215.545, -556.656
4.58371, -633.557, 135.458
6.40126, 266.397, -632.676
3.72852, -922.576, 391.94
4.81411, 662.278, 80.4168
6.14756, 929.421, 291.646
5.35237, -330.247, 816.86
5.45997, 927.586, 929.346
4.98425, -945.991, 281.421
3.951, 497.508, 107.854
4.71107, -1.57191, -224.941
2.53669, 855.61, -395.675
7.41683, 505.244, -362.896
2.52822, -811.58, -143.204
4.8676, -95.0905, 736.16
5.86497, -310.033, -121.793
